0.05288997 -0.26926675 0.18010053
0.09421302 -0.26687530 0.20054230
0.08517265 -0.26420048 0.19657359
0.18472490 -0.26249391 0.22422817
0.18020891 -0.26533508 0.22774047
0.17637980 -0.26577008 0.22554451
0.08112244 -0.26494637 0.19412677
0.08044443 -0.26251432 0.19539039
0.17126566 -0.26600119 0.22389294
0.11157995 -0.26228410 0.21251026
0.11481863 -0.26122668 0.21161784
0.14951308 -0.25772005 0.21679313
0.08265583 -0.26020041 0.19806629
0.08909877 -0.26037571 0.19984470
0.09447113 -0.25976360 0.20399748
0.09559686 -0.26122141 0.20507032
0.19077216 -0.26309049 0.22354023
0.07609363 -0.26212570 0.19352710
0.07877818 -0.25915971 0.19749466
0.07578610 -0.26133400 0.19471517
0.19906305 -0.26407757 0.21811000
0.07239774 -0.25664276 0.19454618
0.12555107 -0.26121345 0.21392290
0.12991640 -0.25435898 0.21319343
0.19521424 -0.26274809 0.22254105
0.12588681 -0.25725025 0.21129462
0.16058969 -0.25955427 0.22057751
0.13553053 -0.25582615 0.21560425
0.16696827 -0.25672337 0.22382925
0.12280957 -0.25601640 0.20857824
0.11939488 -0.25930461 0.22262803
0.13941748 -0.25914678 0.21707055
0.14684352 -0.25982961 0.21718881
0.10995489 -0.26117742 0.21599630
0.13393341 -0.25911105 0.21648850
0.19306162 -0.25743043 0.21737641
0.10387141 -0.25769886 0.20939186
0.09451459 -0.26582584 0.20228286
0.10901631 -0.26280484 0.21545577
0.09468804 -0.25932258 0.20408240
0.09742065 -0.26068383 0.20610264
0.09855501 -0.25861579 0.20611003
0.09925824 -0.26332757 0.20843251
0.10044045 -0.26180908 0.20899996
0.20125392 -0.25813419 0.21181218
0.17528497 -0.26355258 0.22333707
0.10043901 -0.26102427 0.20848264
0.19949944 -0.26065862 0.21919946
0.20094006 -0.26074415 0.21850964
0.12071840 -0.25726753 0.22006832
0.15784656 -0.26139316 0.21982002
0.15061091 -0.25815612 0.21714099
0.20704509 -0.26235491 0.21330436
0.12119381 -0.26193956 0.21663988
0.16155556 -0.25692412 0.22115599
0.20191111 -0.26423830 0.21536694
0.17045154 -0.25894296 0.22345078
0.18526933 -0.25723925 0.22422348
0.18875654 -0.25596851 0.22264896
0.16440900 -0.26178417 0.22349150
0.16164055 -0.25826862 0.22107792
0.20164563 -0.26453483 0.21640491
0.15244739 -0.26424721 0.22279707
0.17229123 -0.25576538 0.22379230
0.20254393 -0.25968492 0.21240680
0.15642793 -0.25745210 0.21980739
0.16233599 -0.26318544 0.22435135
0.16217205 -0.26329994 0.22428557
0.07711869 -0.25467390 0.19576980
0.16463107 -0.26531178 0.22416796
0.10831390 -0.25966769 0.20261128
0.18226725 -0.26117051 0.22343987
0.16004634 -0.26447645 0.22274230
0.17429800 -0.26200023 0.22723380
0.17182526 -0.26138189 0.22631156
0.16643149 -0.26006994 0.22563039
0.16555201 -0.26017436 0.22555888
0.14116882 -0.25822133 0.21647727
0.19628623 -0.25793582 0.22044353
0.18045934 -0.25506684 0.22451627
0.17922808 -0.25678164 0.22551191
0.17237142 -0.26449579 0.22709914
0.16879940 -0.26220316 0.22234702
0.17108212 -0.25652719 0.22604726
0.17325121 -0.25728640 0.22616898
0.06938258 -0.26352361 0.19176026
0.17782800 -0.26375750 0.22813770
0.17722088 -0.26190549 0.22765660
0.14880292 -0.26190749 0.22441043
0.15337090 -0.26287127 0.22370298
0.16758737 -0.26410902 0.22509687
0.17974195 -0.25979555 0.22666422
0.17917217 -0.25929412 0.22658424
0.15223190 -0.25804666 0.22497949
0.10962884 -0.25933912 0.21535711
0.11354224 -0.25744209 0.21582901
0.15524977 -0.26107106 0.22426562
0.18554816 -0.26141083 0.22250707
0.16328321 -0.25510707 0.22561301
0.15857364 -0.25845230 0.22507742
0.13675550 -0.25570199 0.21605739
0.15628223 -0.25689074 0.22518973
0.15284966 -0.25595400 0.22521080
0.19958429 -0.26482788 0.21732764
0.16082138 -0.26375830 0.22195196
0.13440748 -0.25882769 0.21660458
0.18621013 -0.26216441 0.22397871
0.14848630 -0.26096439 0.22455296
0.14578637 -0.25943971 0.22446203
0.15122376 -0.25099382 0.22765897
0.14770389 -0.25445387 0.22547473
0.14972261 -0.26242712 0.21794787
0.16920930 -0.26390415 0.22237569
0.15395652 -0.26062319 0.21865529
0.19276170 -0.25979218 0.21711801
0.14166069 -0.25711718 0.21611337
0.07185786 -0.26401895 0.18967310
0.07383417 -0.26505080 0.18995361
0.10595857 -0.26369655 0.21186763
0.15041995 -0.25502834 0.21770591
0.08694176 -0.26538983 0.19362569
0.18481053 -0.25735778 0.22181138
0.08365155 -0.26691017 0.19338484
0.19186254 -0.25954372 0.22299312
0.18877277 -0.26018375 0.22537410
0.12095106 -0.25840947 0.22195746
0.11588103 -0.26190710 0.21366115
0.12346777 -0.26192552 0.21536562
0.11886135 -0.26110548 0.21256965
0.12530175 -0.25916767 0.21207877
0.09861953 -0.26474598 0.20449841
0.10518947 -0.26130995 0.20479704
0.10110625 -0.26307982 0.20214839
0.10437953 -0.26181158 0.20571913
0.11051477 -0.26269826 0.21399069
0.13072096 -0.26160797 0.21536066
0.11052522 -0.26128852 0.20952918
0.11037725 -0.26327723 0.21554744
0.11384114 -0.26234448 0.21405151
0.15290835 -0.26382753 0.22092979
0.10987134 -0.25951061 0.20342602
0.11346924 -0.26301536 0.21746022
0.11633932 -0.25935361 0.20965250
0.10256013 -0.26319522 0.20898409
0.09226725 -0.26708442 0.19774607
0.11556663 -0.26224512 0.21891597
0.15546960 -0.26468959 0.21912667
0.14293018 -0.26068845 0.21755575
0.11891215 -0.26118365 0.22220524
0.14148358 -0.26414707 0.21902061
0.07036018 -0.26233268 0.19464152
0.13334048 -0.26028872 0.21634479
0.16114363 -0.25459448 0.22132246
0.10046174 -0.26399142 0.20363884
0.10196622 -0.26314408 0.20455003
0.13479339 -0.26309082 0.21755688
0.17697623 -0.26004553 0.22328432
0.19280896 -0.26264790 0.22430642
0.14081773 -0.25491017 0.21642680
0.13813874 -0.26111612 0.21710089
0.14486460 -0.26304725 0.21774271
0.07289203 -0.25745344 0.19555701
0.20608479 -0.26115745 0.21145731
0.08822745 -0.26414353 0.19854863
0.08861894 -0.26508847 0.19826470
0.19913383 -0.26201469 0.21940964
0.11113951 -0.25974393 0.20676175
0.09544390 -0.26466191 0.19778734
0.08946826 -0.26725924 0.19641194
0.18783453 -0.26242736 0.22635856
0.18892877 -0.26347905 0.22429578
0.09285819 -0.26328465 0.20271893
0.14294417 -0.26454848 0.22083113
0.14348289 -0.26423228 0.22152600
0.14559129 -0.25763744 0.21655953
0.11757378 -0.25466233 0.20351067
0.23329957 -0.25121924 0.19984178
0.11691869 -0.25149366 0.20663944
0.08418555 -0.25632098 0.19416071
0.11357806 -0.25246143 0.20405643
0.11328987 -0.25162557 0.20688127
0.10103632 -0.25161126 0.20303084
0.23414314 -0.26324856 0.19926579
0.10983180 -0.25194770 0.20631312
0.10388352 -0.25146860 0.20193484
0.09769215 -0.25116667 0.20187560
0.09576544 -0.25568053 0.20343553
0.10180101 -0.25152078 0.19981912
0.10407419 -0.25233835 0.20515548
0.11432760 -0.25166488 0.20605768
0.10781201 -0.25245401 0.20121022
0.18038805 -0.24675523 0.22411251
0.19916703 -0.24947217 0.21710484
0.23594441 -0.26342225 0.19850950
0.21144129 -0.25998920 0.21226078
0.20738040 -0.25925979 0.21476227
0.18305089 -0.24827468 0.22356373
0.20952992 -0.26192275 0.21201414
0.08491144 -0.25347775 0.19716717
0.20709743 -0.25014669 0.21622735
0.20456716 -0.25244853 0.21705322
0.20192051 -0.25179258 0.21752505
0.20627803 -0.24933882 0.21600199
0.19843902 -0.25480151 0.21921159
0.19131947 -0.25592551 0.22172564
0.18567874 -0.25273365 0.22300416
0.16696475 -0.25025043 0.22943370
0.13887285 -0.25320578 0.22260314
0.14493470 -0.25457788 0.22478859
0.14651471 -0.25364274 0.22612567
0.14241719 -0.25246274 0.22479832
0.12523268 -0.26070428 0.22297162
0.15819852 -0.25155160 0.22711697
0.15443733 -0.24754539 0.23053263
0.12415045 -0.25570568 0.21942873
0.12427923 -0.25452995 0.21822876
0.14548148 -0.24703656 0.22744691
0.14241567 -0.24524848 0.22405288
0.14935343 -0.24775936 0.22507200
0.13339259 -0.25133482 0.21504028
0.13315335 -0.25178447 0.21468836
0.12617141 -0.24843457 0.21099357
0.12469340 -0.24942650 0.21312682
0.12121846 -0.25056088 0.20714723
0.12527835 -0.24867922 0.21037303
0.13081390 -0.24710138 0.21404220
0.13769631 -0.24417441 0.22126259
0.13353060 -0.24624982 0.21760751
0.13053930 -0.24800830 0.21705115
0.13506803 -0.24744855 0.22058561
0.12865727 -0.25147012 0.21768916
0.13115002 -0.25168741 0.21899134
0.12016796 -0.25206998 0.20570303
0.14017782 -0.24824476 0.22438668
0.14327998 -0.24807689 0.22650486
0.13954905 -0.24726564 0.22386649
0.14623904 -0.24782494 0.22851709
0.09641007 -0.25108290 0.20126581
0.15477127 -0.25022346 0.22664845
0.06990758 -0.26561663 0.18639022
0.09344206 -0.25517803 0.20217840
0.12153029 -0.26040640 0.22088297
0.13576908 -0.24680898 0.21682245
0.09773848 -0.26015586 0.19819322
0.07288612 -0.26656359 0.18693198
0.12921225 -0.25087130 0.21164709
0.12713505 -0.25207549 0.20965987
0.13141100 -0.24847403 0.21365543
0.13023153 -0.24775751 0.21234654
0.19056205 -0.25457820 0.21979524
0.18823718 -0.25188088 0.22088681
0.18488289 -0.25108784 0.22244859
0.18151332 -0.24865489 0.22425137
0.17419933 -0.25214121 0.22565462
0.17257732 -0.25297877 0.22549583
0.17112151 -0.25131485 0.22704014
0.17080596 -0.24860376 0.22939044
0.18072857 -0.25166267 0.22405392
0.16622178 -0.24931267 0.22964558
0.17723808 -0.25471893 0.22301868
0.16656163 -0.24954790 0.22908969
0.19243513 -0.25142440 0.21871948
0.19056773 -0.25041187 0.21873394
0.08984165 -0.25304717 0.19713403
0.10223146 -0.25878412 0.19942518
0.09200156 -0.25223356 0.19863415
0.10459251 -0.25271022 0.19924629
0.09660101 -0.25429988 0.19919842
0.10726738 -0.25844294 0.20117475
0.10019038 -0.25417471 0.19933973
0.09281651 -0.25302833 0.20162152
0.19777466 -0.25093383 0.21532837
0.12721109 -0.26241231 0.22036156
0.07074417 -0.26438713 0.18756810
0.10314254 -0.25239515 0.19914527
0.09601826 -0.25326672 0.19889125
0.24371158 -0.25328615 0.19023344
0.16879050 -0.24972108 0.22951262
0.18926798 -0.25062838 0.22149283
0.19254461 -0.24854372 0.21879983
0.17644246 -0.25215188 0.22531052
0.18313321 -0.25035879 0.22366244
0.17908876 -0.25162086 0.22485477
0.23812278 -0.25915840 0.19598797
0.24018499 -0.26458871 0.19593078
0.23373297 -0.25699207 0.19895864
0.07865213 -0.25531819 0.19381769
0.23188473 -0.26144347 0.20082641
0.12913869 -0.26250118 0.22142971
0.13717711 -0.26442975 0.22075184
0.13329515 -0.26375389 0.21824229
0.10036267 -0.26269105 0.19943896
0.12831560 -0.26332134 0.21875747
0.09959211 -0.25692990 0.19875178
0.13908422 -0.26307014 0.22276334
0.13904436 -0.26278782 0.22308014
0.24242134 -0.26033035 0.19306742
0.09411243 -0.26186362 0.19709186
0.23736431 -0.25426543 0.19589262
0.22957830 -0.25914186 0.20219633
0.23413941 -0.25977495 0.19885843
0.24868374 -0.25644344 0.18411362
0.24854347 -0.25635478 0.18428332
0.25263602 -0.25845429 0.17913292
0.25281891 -0.25742155 0.17855515
0.24236995 -0.26323050 0.19283599
0.24043776 -0.26449221 0.19427508
0.24293572 -0.26168922 0.19309393
0.09490373 -0.26069254 0.19736302
0.13390653 -0.25426209 0.22178562
0.12771299 -0.25688785 0.22141813
0.13500638 -0.25330159 0.22160506
0.13761371 -0.25668654 0.22353055
0.14023323 -0.25513178 0.22324470
0.19364896 -0.25126132 0.21983068
0.19377911 -0.25168169 0.21990743
0.12550884 -0.25970387 0.22416280
0.12660503 -0.25794730 0.22178057
0.14390728 -0.26005930 0.22446218
0.14179765 -0.25783160 0.22454557
0.11670553 -0.25785798 0.20520520
0.11488169 -0.25718614 0.20363477
0.11198494 -0.25601190 0.20186423
0.11839509 -0.25533652 0.20411420
0.12231451 -0.25296190 0.20575057
0.11098582 -0.25490308 0.21130192
0.10975789 -0.25683576 0.21209264
0.08257708 -0.25530788 0.19920236
0.08431331 -0.25871107 0.19934270
0.08690054 -0.25841090 0.20004946
0.08401738 -0.25747922 0.19970779
0.08579442 -0.25711343 0.20022249
0.14502707 -0.25268501 0.21740587
0.07150337 -0.26638883 0.18578748
0.18256421 -0.25474346 0.22255522
0.24733849 -0.25288498 0.18817611
0.24155615 -0.25621766 0.19150680
0.24366863 -0.25998026 0.19164245
0.24848007 -0.25611243 0.18424866
0.24628735 -0.25671145 0.18703459
0.23952252 -0.25396395 0.19345231
0.11263461 -0.25522408 0.21251999
0.11483836 -0.25581920 0.21415974
0.16402145 -0.25041607 0.22911762
0.16610371 -0.25127447 0.22837315
0.16634677 -0.25368515 0.22649452
0.17427407 -0.25095242 0.22637492
0.16684736 -0.25499749 0.22578901
0.17404310 -0.25635913 0.22607094
0.17698877 -0.25620499 0.22581944
0.20329158 -0.25657958 0.21726876
0.12144633 -0.25153100 0.21305536
0.12457741 -0.25125790 0.21556421
0.19322652 -0.25321040 0.21747218
0.13010351 -0.26284462 0.21634699
0.24441220 -0.26202318 0.18911582
0.10455520 -0.25321680 0.20696147
0.10432950 -0.25543907 0.20796438
0.11949850 -0.25133759 0.21144776
0.12078352 -0.25487456 0.21665220
0.11892002 -0.25618622 0.21689785
0.06337541 -0.26572421 0.18468271
0.09117281 -0.25660017 0.19807853
0.09022449 -0.26112694 0.19526382
0.08587559 -0.26308513 0.19306093
0.08601990 -0.26127443 0.19345628
0.16044953 -0.24776334 0.23062125
0.16798556 -0.25084192 0.22792101
0.15980133 -0.25250262 0.22601715
0.08050279 -0.25975814 0.19088568
0.16052431 -0.24987262 0.22837874
0.16869237 -0.25375485 0.22492702
0.13921364 -0.24399514 0.22284393
0.14649719 -0.24846850 0.22032027
0.15259588 -0.25305209 0.21980487
0.14745225 -0.25490245 0.21653786
0.13882348 -0.24976747 0.21766788
0.14284888 -0.25013584 0.21850626
0.15662153 -0.25223556 0.22374342
0.15687759 -0.25022307 0.22706525
0.13772278 -0.24432974 0.22048239
0.15706211 -0.24813332 0.22979584
0.14858903 -0.24975929 0.22058101
0.15100403 -0.24861898 0.22382697
0.15758252 -0.25355348 0.22130521
0.15940319 -0.25337392 0.22212556
0.07625414 -0.25903726 0.19130610
0.07972705 -0.25974926 0.19042785
0.08075026 -0.25780177 0.19155295
0.07955293 -0.26451248 0.18972908
0.08889976 -0.25830457 0.19629268
0.07834919 -0.25834703 0.19129127
0.08708466 -0.25294343 0.20090769
0.23288834 -0.25055638 0.19961624
0.24203992 -0.25265253 0.19206874
0.09484538 -0.25639629 0.19853249
0.08199821 -0.25482106 0.19390316
0.07273775 -0.26199636 0.19021448
0.07654979 -0.25696215 0.19282089
0.07367478 -0.26313037 0.18872555
0.16011946 -0.25355354 0.22573239
0.15683736 -0.25115985 0.22790566
0.15237747 -0.25077873 0.22773644
0.19930527 -0.24897429 0.21592712
0.20013498 -0.25428271 0.21297225
0.23336411 -0.25331497 0.19861870
0.23831417 -0.25215265 0.19456530
0.20237172 -0.25281858 0.21288072
0.15262614 -0.25361180 0.21943089
0.21257055 -0.25415322 0.21468930
0.20483397 -0.25424331 0.21681455
0.22101049 -0.26169819 0.20600864
0.22563580 -0.26015809 0.20439246
0.22339788 -0.25320604 0.21092625
0.22046898 -0.25316095 0.21225093
0.22122145 -0.25503793 0.20968223
0.22070748 -0.25742248 0.20874749
0.21772705 -0.25512677 0.21151121
0.23232460 -0.25321311 0.20067665
0.22502284 -0.25489619 0.20769694
0.22308192 -0.25917929 0.20613943
0.23050025 -0.25719756 0.20156975
0.22881390 -0.25746956 0.20327404
0.22793096 -0.25207800 0.20668533
0.20899455 -0.25722066 0.21501224
0.21410401 -0.25360194 0.21422732
0.22621664 -0.25349864 0.20790207
0.19038354 -0.24867737 0.21812268
0.19129267 -0.25040662 0.21813594
0.05437828 -0.26824012 0.18063307
0.22261754 -0.27191693 0.12661289
0.24134283 -0.25915289 0.11070953
0.24466766 -0.25915688 0.10797233
0.24997658 -0.25582245 0.10216436
0.24927667 -0.25683761 0.10496742
0.24022089 -0.26019505 0.11170176
0.23953348 -0.26306167 0.11102020
0.23135969 -0.26523998 0.12107363
0.22576429 -0.27148101 0.12526172
0.23471589 -0.26393312 0.11720490
0.22425964 -0.27257803 0.12744428
0.22205740 -0.27503341 0.12891297
0.22553460 -0.26915821 0.12560703
0.23874469 -0.26567248 0.11361900
0.23346819 -0.26764259 0.11899319
0.22657894 -0.26856047 0.12291922
0.25599426 -0.25681245 0.09816978
0.25410658 -0.25519922 0.09599969
0.24960715 -0.25591853 0.10149409
0.22845542 -0.26675090 0.12299051
0.24306940 -0.26016164 0.10711766
0.25616717 -0.25480130 0.33570495
0.25184974 -0.25272629 0.34179780
0.25425503 -0.25114217 0.33479631
0.25660652 -0.25389087 0.33353055
0.25179201 -0.25364241 0.34378093
0.26867321 -0.25630477 0.14033617
0.26912189 -0.25557452 0.13794059
0.26976874 -0.25190049 0.16270724
0.26718363 -0.25546765 0.15921235
0.27678573 -0.25539500 0.16523923
0.27648008 -0.25566068 0.16536057
0.27947870 -0.25423464 0.16879588
0.28102526 -0.25312132 0.17095685
0.28163445 -0.25141090 0.16905457
0.27919292 -0.25243455 0.16404720
0.27030930 -0.25460771 0.16486174
0.27207303 -0.25391719 0.12746650
0.27191681 -0.25564215 0.16338633
0.26610100 -0.25618479 0.14201395
0.26700294 -0.25632781 0.15019755
0.26428005 -0.25414240 0.16039391
0.26775014 -0.25850725 0.15341774
0.27209386 -0.25731233 0.15187278
0.27492404 -0.25312859 0.14802076
0.27455816 -0.25420040 0.14961976
0.27004999 -0.25184050 0.13788924
0.27126271 -0.25175151 0.14179693
0.27461994 -0.25309786 0.14683259
0.26974717 -0.25086728 0.14555569
0.27025720 -0.25046459 0.14895479
0.27315325 -0.25138566 0.14730334
0.26690689 -0.25276765 0.14787790
0.26802683 -0.25110033 0.14676097
0.27274817 -0.25098366 0.15091358
0.27177548 -0.25069892 0.15111698
0.27665353 -0.25039262 0.16260549
0.27632061 -0.25148261 0.15065864
0.27144134 -0.25571895 0.16561098
0.27306011 -0.25717014 0.17092051
0.26395130 -0.24924083 0.15414925
0.27114385 -0.25550008 0.14348254
0.27349517 -0.25275671 0.14191863
0.27214068 -0.25303233 0.13685244
0.27037466 -0.25482741 0.13145372
0.27903569 -0.25060460 0.16521201
0.27251852 -0.25603244 0.14758527
0.27257717 -0.25466034 0.14423957
0.26724970 -0.25179359 0.14951253
0.26464772 -0.25283098 0.15317097
0.26174232 -0.24952856 0.15710640
0.27008912 -0.25496691 0.13609448
0.27479145 -0.25697643 0.17102051
0.27677652 -0.25631195 0.16931854
0.27222195 -0.25752178 0.15362261
0.27271238 -0.25671703 0.15671387
0.27212566 -0.25664628 0.15511511
0.28047624 -0.25035590 0.17069784
0.28053418 -0.25087440 0.16908206
0.26808843 -0.25439617 0.16099890
0.27520230 -0.25060016 0.16132788
0.27284095 -0.25090414 0.16007189
0.27438277 -0.24911703 0.16932735
0.27739790 -0.24892974 0.17126875
0.27304786 -0.24941520 0.16755898
0.27681810 -0.25024396 0.16491614
0.27581897 -0.25239775 0.15016010
0.27265090 -0.25084820 0.15418920
0.26923114 -0.25018224 0.15218899
0.26254681 -0.24962418 0.15581720
0.27396405 -0.25663000 0.15455215
0.27059278 -0.25096184 0.16494885
0.26918605 -0.25012472 0.15540968
0.26794371 -0.25218335 0.16327977
0.24075016 -0.26471192 0.11115787
0.22406718 -0.27522397 0.12818632
0.24110179 -0.26245683 0.11233932
0.23861264 -0.26237801 0.11449170
0.23769999 -0.26522169 0.11646891
0.24125984 -0.26607814 0.11251841
0.23133492 -0.26657280 0.12180986
0.23614641 -0.26611578 0.11847941
0.23126966 -0.26820916 0.12113847
0.23445201 -0.26397967 0.11766674
0.23433891 -0.26416895 0.11928142
0.24529260 -0.26119801 0.10939398
0.23187342 -0.27047870 0.12236793
0.24556062 -0.26198107 0.10899049
0.23001923 -0.27116242 0.12475062
0.22234176 -0.27420819 0.12750609
0.26222795 -0.25815523 0.09936666
0.26043779 -0.25793260 0.09508872
0.26642349 -0.25579858 0.09888093
0.26278767 -0.25714156 0.09286823
0.27216139 -0.25839895 0.26336750
0.27505675 -0.25539294 0.25732315
0.26404899 -0.25082418 0.29848802
0.27150032 -0.24795566 0.26718858
0.27046558 -0.24732690 0.27444556
0.27095684 -0.25254294 0.27110597
0.27396184 -0.25370207 0.26154408
0.27272806 -0.25117183 0.26424083
0.27140081 -0.25319454 0.26998067
0.26821071 -0.24815607 0.29061818
0.26143262 -0.25059807 0.30838078
0.26180926 -0.25044963 0.30769938
0.27222684 -0.24476081 0.26084548
0.27190918 -0.24544583 0.26270273
0.27441844 -0.24392624 0.25264850
0.26718187 -0.25420651 0.27864185
0.26185250 -0.25070620 0.30355078
0.26165786 -0.25102651 0.30239388
0.27422103 -0.24443777 0.25349760
0.27455011 -0.24746314 0.25024354
0.26961079 -0.25191084 0.27786332
0.26916525 -0.24829765 0.28669384
0.26999071 -0.25001413 0.27738151
0.27013594 -0.24899662 0.27679023
0.27400815 -0.25488210 0.26044077
0.27123252 -0.25479582 0.26904240
0.27152124 -0.25569007 0.26729384
0.26530528 -0.24855508 0.30255952
0.26641199 -0.24800213 0.30006114
0.25736517 -0.25029773 0.31324810
0.27839929 -0.25587693 0.24936453
0.26055130 -0.25198910 0.29943848
0.25928938 -0.25234535 0.29925030
0.27655861 -0.25214180 0.24633361
0.27593407 -0.25137776 0.24839729
0.26175204 -0.25209019 0.30258468
0.25708419 -0.25131205 0.30479708
0.25820485 -0.25043082 0.31254202
0.25592530 -0.25074857 0.30784982
0.26075891 -0.25107378 0.31569669
0.26778305 -0.25457808 0.27588183
0.26588556 -0.25755259 0.27337554
0.27051756 -0.24425636 0.27059874
0.27611110 -0.24697044 0.23844014
0.27524099 -0.24760890 0.24518745
0.26969105 -0.24573246 0.28321451
0.26285365 -0.25258344 0.29435241
0.26950225 -0.24651305 0.29496843
0.26873288 -0.24677855 0.29788324
0.26419535 -0.25131911 0.29556379
0.26485163 -0.25168943 0.29324976
0.27498320 -0.25094229 0.25312996
0.27392274 -0.24936993 0.25688422
0.27497628 -0.25297576 0.25754935
0.26825312 -0.24768896 0.29318517
0.27123961 -0.24478756 0.26524517
0.27012056 -0.24339239 0.26940492
0.26685190 -0.25209883 0.28737292
0.26737916 -0.25171885 0.28704643
0.26823246 -0.25107375 0.28662443
0.27035692 -0.24702869 0.27461192
0.27528769 -0.25670087 0.25666445
0.27666783 -0.25032681 0.24180491
0.27615085 -0.24932931 0.24266796
0.27789360 -0.25433302 0.24844745
0.27928814 -0.25487581 0.24525440
0.26008889 -0.25192797 0.32792330
0.26094079 -0.25078219 0.31581894
0.25702450 -0.25231639 0.32560754
0.25412780 -0.25267297 0.33146083
0.25479558 -0.25356248 0.33026150
0.26052701 -0.25215855 0.31617597
0.25634763 -0.25370082 0.32797968
0.25470197 -0.25447971 0.33242908
0.25683755 -0.25128299 0.32309571
0.25909513 -0.25223771 0.32721958
0.25901949 -0.25216326 0.32224497
0.26100028 -0.25051376 0.32101211
0.26343921 -0.25116235 0.31502292
0.25834972 -0.25383011 0.33164647
0.26099628 -0.25271460 0.32240039
0.26543865 -0.25068644 0.31044617
0.26064622 -0.25186950 0.32816958
0.26952779 -0.24461211 0.27945799
0.26331690 -0.25179133 0.30618978
0.27013814 -0.24557245 0.28823939
0.26998797 -0.24530321 0.28366598
0.26358545 -0.25569773 0.28890878
0.26831523 -0.24844034 0.30235532
0.26304007 -0.25138548 0.31341931
0.26130977 -0.25279483 0.29906839
0.25928935 -0.25230774 0.30050173
0.26418188 -0.25203133 0.29951304
0.26671156 -0.25146216 0.29837549
0.26691654 -0.25117418 0.30084765
0.26109004 -0.25377053 0.29233530
0.26505798 -0.25804138 0.28198767
0.26369813 -0.25253102 0.29839140
0.26920828 -0.25381756 0.28228289
0.27057472 -0.25237200 0.28049397
0.26901767 -0.25625470 0.27617896
0.27006528 -0.25071633 0.28369138
0.27120447 -0.25286087 0.27589494
0.27099040 -0.24709542 0.27489218
0.26943067 -0.25117201 0.28903377
0.26870695 -0.25092497 0.29359713
0.26704699 -0.25435585 0.28597865
0.26787406 -0.25548437 0.28195599
0.26597214 -0.25399414 0.28877071
0.27020296 -0.24726047 0.28746688
0.26985729 -0.24934626 0.28758007
0.26161045 -0.25249270 0.32468045
0.26924905 -0.25139073 0.28849611
0.27032253 -0.24826430 0.29427680
0.26962423 -0.25090244 0.28912702
0.26284200 -0.24999394 0.31941658
0.26253363 -0.24901284 0.31831527
0.26531792 -0.24781425 0.30947974
0.25659192 -0.25461665 0.33370999
0.25073010 -0.25366822 0.34422928
0.26024747 -0.25544718 0.28709236
0.26296848 -0.25717208 0.28152356
0.25188142 -0.25611708 0.33921269
0.25730899 -0.25145000 0.31708354
0.25929412 -0.25216916 0.31721851
0.25693512 -0.25099409 0.31941739
0.27037781 -0.24720003 0.27531269
0.26302373 -0.25539002 0.28497258
0.26601461 -0.24788758 0.30699322
0.25905973 -0.25162107 0.30987984
0.25840992 -0.25152481 0.30983683
0.27106547 -0.25221473 0.13385716
0.26757529 -0.25223804 0.12892491
0.26751095 -0.25225502 0.12894802
0.27088755 -0.25194210 0.12774616
0.26451278 -0.25448841 0.13957086
0.26513821 -0.25477177 0.14295761
0.26605269 -0.25703573 0.13248163
0.25896218 -0.25438535 0.09544916
0.26006070 -0.25309715 0.10002071
0.26495939 -0.25273418 0.09476345
0.26436564 -0.25257686 0.09632432
0.26132986 -0.25351399 0.09692355
0.26477614 -0.25212899 0.09760460
0.25965330 -0.25372297 0.10409540
0.26779479 -0.25344217 0.10297384
0.26661488 -0.25410512 0.09808844
0.26648286 -0.25405067 0.09742574
0.26684573 -0.25196150 0.09476607
0.26785165 -0.25107622 0.11783186
0.27069488 -0.25083667 0.12615617
0.25806051 -0.25640240 0.10454769
0.26335281 -0.25216964 0.10448785
0.26814523 -0.25149512 0.10798602
0.26665422 -0.25127888 0.10021178
0.26840726 -0.25604993 0.12268592
0.26929849 -0.25556663 0.12527528
0.26333180 -0.25306690 0.12380273
0.26257023 -0.25367698 0.11995554
0.26251131 -0.25725424 0.11889739
0.26195765 -0.25717226 0.11706802
0.26517603 -0.25544465 0.13962069
0.26380780 -0.25414157 0.13189006
0.25971758 -0.25570971 0.11076147
0.26571432 -0.25716829 0.11575232
0.26226360 -0.25814924 0.11477816
0.26468018 -0.25786459 0.12105407
0.26214159 -0.25424635 0.12474051
0.26216260 -0.25582674 0.12101489
0.26676160 -0.25695518 0.13501984
0.26647061 -0.25708818 0.13329707
0.26905429 -0.25302768 0.10800309
0.26041073 -0.25378436 0.11270580
0.25803238 -0.25452107 0.09891794
0.26156285 -0.25275797 0.11057000
0.26069584 -0.25298056 0.10807528
0.26657733 -0.25189844 0.12230069
0.26587188 -0.25250712 0.12697425
0.26323515 -0.25218338 0.10954907
0.26403978 -0.25202131 0.11522991
0.26226258 -0.25228968 0.10733116
0.26944512 -0.25095779 0.12599853
0.26914802 -0.24970388 0.12172733
0.26023847 -0.25286043 0.16078864
0.25980890 -0.25132054 0.16018964
0.23538996 -0.25946936 0.19822145
0.24725206 -0.25346777 0.18569489
0.26344180 -0.25905293 0.16094045
0.20860001 -0.25815213 0.21061249
0.21257177 -0.26173544 0.20829654
0.25913504 -0.25985131 0.16491044
0.25963709 -0.25860068 0.16773771
0.26260328 -0.25934705 0.15896890
0.26270595 -0.25826859 0.16266771
0.23854630 -0.26125094 0.19684379
0.23393667 -0.26350161 0.19803908
0.21262886 -0.26021230 0.20860597
0.20587754 -0.25463578 0.21176201
0.20975675 -0.25011355 0.21519563
0.21511085 -0.24841507 0.21477221
0.21270779 -0.25167659 0.21375066
0.21615233 -0.25970230 0.20720884
0.20924902 -0.25718263 0.21089141
0.23974296 -0.25610068 0.19107589
0.23989043 -0.25515512 0.19150408
0.23443641 -0.25573891 0.19699457
0.25476736 -0.26019579 0.17213401
0.25164583 -0.25945315 0.17361692
0.21681608 -0.25993234 0.20659226
0.25692740 -0.25900126 0.16590127
0.20322104 -0.25926080 0.21158589
0.23084834 -0.26291209 0.20098455
0.21863300 -0.25276110 0.21200472
0.22152527 -0.25421932 0.20895192
0.23709935 -0.25559008 0.19377160
0.20977372 -0.25294062 0.21293849
0.21592121 -0.25631285 0.20933671
0.25348690 -0.26015958 0.17733707
0.25500804 -0.25863808 0.17525576
0.26015386 -0.25530568 0.16660690
0.25822082 -0.25269669 0.17089222
0.25929523 -0.25276968 0.16723412
0.22998948 -0.25544587 0.20104279
0.22255690 -0.25313079 0.20972021
0.22213471 -0.26108781 0.20314935
0.21256053 -0.24967732 0.21525136
0.22484735 -0.24990328 0.21006793
0.22040735 -0.25601465 0.20703959
0.25978670 -0.25109491 0.16291538
0.22448926 -0.25595832 0.20484893
0.23498553 -0.25842336 0.19722126
0.24827476 -0.25326657 0.18672787
0.24153368 -0.25349605 0.19102827
0.24689564 -0.25855121 0.18587495
0.25834894 -0.25438270 0.16745378
0.24791609 -0.25251296 0.18762045
0.22907682 -0.25694999 0.20177248
0.25148782 -0.25457612 0.17962091
0.22611384 -0.25930735 0.20402987
0.25293976 -0.25611424 0.17678379
0.25573888 -0.25484115 0.17223872
0.24842656 -0.25389028 0.18368287
0.25925800 -0.25247914 0.16405399
0.25206712 -0.25364283 0.17975719
0.25966638 -0.25598848 0.16413252
0.25716034 -0.25713223 0.16643777
0.26091999 -0.25727266 0.16157515
0.21513325 -0.25756437 0.20917407
0.25773451 -0.25317326 0.16927285
0.26181614 -0.25052279 0.16208494
0.25132525 -0.25867707 0.17776304
0.25263387 -0.25859463 0.17232801
0.24186724 -0.25274792 0.19147907
0.23051253 -0.26339647 0.19877042
0.23529881 -0.26215744 0.19894642
0.23621199 -0.26093009 0.19860464
0.22072372 -0.26125556 0.20338401
0.21593946 -0.26210067 0.20677404
0.25054133 -0.25512448 0.18152438
0.25370687 -0.25407451 0.17852798
0.25921595 -0.25322941 0.16948569
0.26157495 -0.25651804 0.16398174
0.22533877 -0.25786990 0.20432210
0.22229218 -0.26092085 0.20327407
0.22396864 -0.25096920 0.21133155
0.26448539 -0.25583789 0.15427849
0.25444564 -0.25850129 0.16849661
0.24271330 -0.25977999 0.19179472
0.21932340 -0.24978971 0.21475202
0.24502729 -0.26018256 0.18856339
0.22303498 -0.25026557 0.21259478
0.25011867 -0.25771248 0.18099491
0.26304233 -0.25827274 0.15755519
0.24332188 -0.26111290 0.19055693
0.22444730 -0.24983774 0.21116565
0.26529613 -0.25582004 0.14758436
0.29890567 -0.23955682 0.14520116
0.29714301 -0.23928560 0.14425649
0.29554892 -0.23914768 0.14343503
0.28792152 -0.24346846 0.13972221
0.29569700 -0.23866257 0.14860094
0.29459468 -0.24454784 0.14595607
0.28895122 -0.24585371 0.13773768
0.28324723 -0.24954416 0.13037764
0.28814182 -0.24713443 0.13962194
0.28413934 -0.24585165 0.13566032
0.27797225 -0.24878702 0.13147129
0.29117507 -0.24264255 0.14423372
0.27899510 -0.24631691 0.12998894
0.30439481 -0.23856218 0.15260117
0.29181787 -0.24484083 0.14353450
0.27489236 -0.24820472 0.12839778
0.29380283 -0.24816640 0.14205058
0.29596195 -0.24662690 0.14608312
0.29291531 -0.24031800 0.14573069
0.28336537 -0.24583514 0.13545571
0.30072248 -0.23686200 0.14681834
0.29406124 -0.24209940 0.14652015
0.30100489 -0.24374130 0.15142047
0.30170509 -0.24276736 0.15163057
0.29008695 -0.24244480 0.14133035
0.27483389 -0.24978870 0.12762479
0.30170777 -0.23520945 0.14921674
0.27878186 -0.24789803 0.12911807
0.28607476 -0.24581946 0.13785362
0.30257067 -0.23470266 0.14868303
0.29309151 -0.24585687 0.20064463
0.29588550 -0.24677134 0.20299217
0.29402518 -0.24623084 0.20138204
0.29156584 -0.24620265 0.19921586
0.29112354 -0.24692526 0.19852775
0.33744633 -0.24731353 0.23319717
0.38850406 -0.24453075 0.24280797
0.39094159 -0.24462989 0.24285050
0.27911487 -0.24337499 0.19619758
0.27946636 -0.24508603 0.20006773
0.27704462 -0.24602085 0.19945201
0.28523326 -0.24708985 0.20198168
0.38180164 -0.24070290 0.25049871
0.38255936 -0.24179628 0.25098243
0.40572327 -0.25312805 0.25233850
0.34197500 -0.23783056 0.24895528
0.40420207 -0.25261748 0.25627556
0.28369430 -0.24597146 0.20356502
0.32709682 -0.23508446 0.22472620
0.33918646 -0.25213054 0.23053539
0.34888926 -0.25223196 0.23253691
0.40152025 -0.25424156 0.25550696
0.40093797 -0.25203660 0.24871929
0.39122254 -0.23566589 0.24097030
0.39538524 -0.23773712 0.24118455
0.38494700 -0.23590080 0.24137861
0.39271426 -0.23835510 0.24147114
0.40046859 -0.23986945 0.24135970
0.37835279 -0.25540054 0.25144136
0.38801587 -0.24139957 0.24206673
0.38445008 -0.24305342 0.24239783
0.39107546 -0.24096286 0.24191865
0.39602453 -0.24207394 0.24193078
0.38927504 -0.23911846 0.24171482
0.36878806 -0.24100968 0.24832857
0.36428398 -0.24171056 0.24670635
0.41254267 -0.25322443 0.25380418
0.38891879 -0.25652248 0.25567561
0.30342916 -0.24215004 0.20598322
0.38456187 -0.25498351 0.25540820
0.36065927 -0.25196633 0.23712830
0.31045660 -0.24263826 0.21049196
0.31374472 -0.24546333 0.21185051
0.34803161 -0.24356933 0.24137475
0.41020903 -0.25289291 0.25096798
0.37773106 -0.25475842 0.25129738
0.37806997 -0.25394106 0.25186142
0.39628649 -0.25505432 0.25606558
0.39262682 -0.24753153 0.24416502
0.38947204 -0.24803163 0.24425082
0.38295808 -0.23254076 0.24952140
0.38600227 -0.23332262 0.24970812
0.38533938 -0.23423587 0.24971706
0.46024078 -0.23970953 0.23536797
0.37421775 -0.23695558 0.24903248
0.37198776 -0.23515466 0.24880752
0.37648490 -0.23276703 0.24919854
0.37256339 -0.23396799 0.24884839
0.37268791 -0.24053819 0.24901097
0.37239227 -0.23880455 0.24890839
0.32157513 -0.24743746 0.21664599
0.30129603 -0.23262341 0.20915821
0.31973433 -0.23630419 0.21458773
0.37248760 -0.25488141 0.24558794
0.39889902 -0.24188533 0.24826252
0.39174619 -0.24281037 0.24996771
0.39590210 -0.24269250 0.24942349
0.39401725 -0.24530643 0.25239518
0.38274533 -0.24077605 0.24189283
0.37397391 -0.24223441 0.24042241
0.37793007 -0.24112158 0.24102302
0.37564218 -0.24400273 0.24113512
0.37610689 -0.24429610 0.24134336
0.36194971 -0.24910638 0.23922209
0.37170035 -0.25222465 0.24290311
0.28282300 -0.24190655 0.19748926
0.36612499 -0.25440904 0.24100576
0.28331456 -0.24293959 0.19778053
0.39259115 -0.24820052 0.24475130
0.28749883 -0.24147071 0.20063266
0.38561070 -0.25509769 0.25039625
0.28810954 -0.24418367 0.19953844
0.39948097 -0.25248951 0.25213292
0.38501367 -0.25352401 0.24821170
0.42163908 -0.24400726 0.23507166
0.41702566 -0.24348611 0.23630454
0.36794740 -0.25391874 0.24174653
0.37986383 -0.24728920 0.24328944
0.37783077 -0.24741200 0.24298979
0.37694776 -0.24645135 0.24242383
0.38750485 -0.24890925 0.24462375
0.40301919 -0.25123164 0.24608722
0.38599345 -0.25024202 0.24573354
0.38928029 -0.25130340 0.24764939
0.39509255 -0.25335178 0.25326964
0.40214112 -0.25113955 0.24592003
0.40274990 -0.23171574 0.23932379
0.39471617 -0.25238860 0.25190881
0.29413551 -0.23465697 0.20985460
0.29189616 -0.23675093 0.20661913
0.29217079 -0.24149048 0.20292681
0.29728261 -0.24429692 0.20581727
0.29693034 -0.24372268 0.20572183
0.29882270 -0.23456915 0.21041301
0.29928759 -0.23622844 0.20944759
0.40134263 -0.25201687 0.24827327
0.30956453 -0.24685907 0.20976251
0.30805123 -0.24530773 0.20917837
0.39201993 -0.25241476 0.25108975
0.35027528 -0.25209838 0.23133661
0.40282920 -0.24993232 0.24393325
0.40008155 -0.24912506 0.24393819
0.28114918 -0.24103183 0.19344203
0.34235361 -0.24642834 0.23669833
0.34520778 -0.24558905 0.23824929
0.28116304 -0.24633482 0.18405062
0.34655058 -0.24797572 0.23845296
0.37690836 -0.24974981 0.24370164
0.32442436 -0.24766567 0.21830399
0.37566906 -0.25512156 0.24728709
0.31654459 -0.24119537 0.21403751
0.31540933 -0.23550996 0.21218511
0.37080839 -0.25079226 0.24210401
0.33817336 -0.23660514 0.24366242
0.32778755 -0.23479457 0.22785215
0.39145038 -0.22727545 0.24304092
0.39710531 -0.22714925 0.24451034
0.28761354 -0.24214815 0.19773495
0.37538156 -0.25359005 0.24487266
0.34313896 -0.23903978 0.24724860
0.34280881 -0.23870748 0.24736939
0.36512646 -0.24752600 0.24006361
0.34935153 -0.25157911 0.23500039
0.36532992 -0.24502383 0.24651912
0.36295837 -0.24513857 0.24562883
0.37249038 -0.24646600 0.24935134
0.33681795 -0.24793963 0.23125969
0.39264977 -0.22429262 0.24656649
0.34715864 -0.24956667 0.23798972
0.32040414 -0.24067083 0.22998354
0.31699401 -0.24145545 0.22570209
0.31725183 -0.24078828 0.22500582
0.31703067 -0.23964353 0.22272190
0.31106111 -0.24305281 0.21864316
0.43109316 -0.24556687 0.23119877
0.42819762 -0.24741724 0.23302138
0.28773287 -0.23926252 0.20062444
0.43650755 -0.24869809 0.22983913
0.43368980 -0.24834086 0.23065940
0.37273595 -0.22798778 0.24796154
0.37288502 -0.22861779 0.24825838
0.37710971 -0.22571598 0.24678862
0.37871993 -0.22751646 0.24779367
0.38496998 -0.22784179 0.24819976
0.38178590 -0.23107053 0.24939443
0.38694623 -0.22598583 0.24711968
0.38326052 -0.22653833 0.24492791
0.38570067 -0.22570615 0.24445413
0.38817918 -0.22842677 0.24876279
0.30160573 -0.23688984 0.20948896
0.32688028 -0.23414519 0.22780487
0.42213282 -0.25483572 0.24745101
0.42467210 -0.25534546 0.24023014
0.33483332 -0.24010511 0.23755875
0.41007459 -0.25266570 0.24949954
0.41608119 -0.23898907 0.23502439
0.29894775 -0.24349213 0.20324403
0.29680601 -0.24557209 0.20236915
0.29207546 -0.23635243 0.20640804
0.27463147 -0.24668677 0.17724191
0.27737328 -0.24742387 0.17748202
0.27763152 -0.24505307 0.18315910
0.27924669 -0.24254268 0.18953383
0.32093483 -0.23630275 0.22617239
0.31928688 -0.23735248 0.22370602
0.32122010 -0.23763132 0.22831754
0.33540979 -0.23358442 0.24422655
0.35902357 -0.24950480 0.23918125
0.27544993 -0.25086826 0.20493136
0.27523816 -0.25076312 0.20204537
0.42735198 -0.25385824 0.23778626
0.40944612 -0.25279459 0.24598651
0.42258760 -0.25664923 0.24450563
0.42273399 -0.25489876 0.24045208
0.29613543 -0.23327284 0.21065451
0.28319889 -0.24548033 0.20426728
0.29615861 -0.23311995 0.20926429
0.28228307 -0.24452746 0.18999632
0.30442449 -0.24734354 0.20743936
0.30391100 -0.24779508 0.20718519
0.36879563 -0.24073634 0.24029431
0.28911063 -0.24148692 0.19877017
0.33222440 -0.23623949 0.23799521
0.29423723 -0.23601221 0.20424652
0.29639503 -0.23761438 0.20349048
0.29827327 -0.23668483 0.20429181
0.38870826 -0.24249396 0.25021136
0.38274479 -0.24117407 0.25075409
0.38814369 -0.24032024 0.24932091
0.27581501 -0.24860939 0.20039727
0.36451682 -0.25005335 0.24010475
0.42983064 -0.25383329 0.24005163
0.32456502 -0.23496407 0.23022941
0.28139013 -0.24265163 0.19191742
0.28343770 -0.24205233 0.19483785
0.32650113 -0.23524979 0.23625983
0.44695234 -0.23587428 0.23506263
0.29088765 -0.23730786 0.20174371
0.43653265 -0.24243999 0.24023983
0.43596280 -0.23907590 0.23914650
0.28139025 -0.24559221 0.18622911
0.43608406 -0.23713653 0.23401444
0.45471761 -0.23851560 0.23702623
0.44146940 -0.23688261 0.23679082
0.44292471 -0.23799999 0.23701483
0.42632794 -0.23875871 0.24116468
0.42712694 -0.23884666 0.24116412
0.41422665 -0.23673187 0.24125662
0.41151568 -0.23406471 0.23764862
0.35469204 -0.25078887 0.23665927
0.41093510 -0.23399581 0.23941694
0.34390539 -0.24122514 0.24410255
0.40614784 -0.23344299 0.24169843
0.30454007 -0.23183970 0.21056369
0.33350039 -0.24130036 0.23512718
0.33423141 -0.24138340 0.23604564
0.32350865 -0.23653229 0.23213315
0.32577902 -0.23566619 0.23610833
0.44392291 -0.23616597 0.23539722
0.40598398 -0.23198259 0.24106663
0.40330699 -0.22936699 0.24294837
0.44027734 -0.24083187 0.23868793
0.43839511 -0.23982541 0.23862486
0.42332217 -0.23740628 0.23877361
0.39377478 -0.22639973 0.24900995
0.40667531 -0.23083556 0.23985913
0.33226004 -0.24112970 0.23353037
0.43159395 -0.23741572 0.23564893
0.31239954 -0.23524714 0.21140207
0.31290200 -0.23379828 0.21307741
0.42856520 -0.23802784 0.23894447
0.33558017 -0.25081253 0.22766881
0.35344917 -0.25171924 0.23124515
0.33138350 -0.23342633 0.23902062
0.29865280 -0.23525415 0.20528975
0.40478197 -0.24689035 0.24275976
0.40131453 -0.24666777 0.24308504
0.39716151 -0.24669629 0.24353619
0.40244657 -0.24424063 0.24230568
0.40457544 -0.24327567 0.24130274
0.30112174 -0.24866587 0.20430760
0.30187634 -0.24922711 0.20494339
0.30821997 -0.23931699 0.21337727
0.41205725 -0.24753702 0.24061228
0.33197129 -0.23740838 0.23500820
0.33835161 -0.23874156 0.24144644
0.41211236 -0.24896945 0.24108538
0.41297138 -0.24197873 0.23728034
0.41350332 -0.23957594 0.23598999
0.40762332 -0.24243012 0.23970819
0.40685242 -0.24321923 0.24036144
0.40622190 -0.23750196 0.23860697
0.40165338 -0.23834996 0.24095964
0.41325113 -0.23866674 0.23575176
0.46118289 -0.24220990 0.23611835
0.45114991 -0.23778608 0.23053037
0.45173579 -0.23853773 0.22938128
0.45535228 -0.23924989 0.22966959
0.39954844 -0.25310242 0.25331154
0.46094945 -0.24203132 0.22440398
0.45859271 -0.23888521 0.23218870
0.43704727 -0.23995264 0.22876333
0.44087794 -0.24038476 0.22767738
0.33780283 -0.25742066 0.22485363
0.32894602 -0.25599575 0.22112393
0.32906592 -0.25455263 0.22163185
0.33669108 -0.25542271 0.22592881
0.44719884 -0.23644865 0.23272553
0.29440394 -0.24489124 0.20071287
0.29299855 -0.24101253 0.20084743
0.33015311 -0.23444507 0.23376523
0.33934093 -0.23712410 0.24445650
0.30969107 -0.25119951 0.21017182
0.31199902 -0.25265118 0.21150473
0.35009006 -0.24490598 0.24032827
0.44073838 -0.23792429 0.22995199
0.33287418 -0.23422839 0.24965470
0.33217701 -0.23364599 0.24630162
0.31167698 -0.24135992 0.21142349
0.44583735 -0.23803855 0.22913006
0.44577947 -0.23652636 0.23214796
0.33721706 -0.24483512 0.23639278
0.45334247 -0.23719482 0.23695819
0.28033435 -0.24518111 0.20398590
0.39811960 -0.22757016 0.24379107
0.39857379 -0.22845972 0.24194908
0.39917541 -0.23375924 0.24040020
0.39983267 -0.23425992 0.24019288
0.39799619 -0.23229107 0.24093325
0.39066380 -0.22909297 0.24249886
0.38378206 -0.23054640 0.24244319
0.38361701 -0.23302516 0.24194354
0.35396263 -0.24724430 0.23997876
0.35721165 -0.24305275 0.24195725
0.36018616 -0.24158546 0.24291839
0.38774541 -0.25209868 0.25718254
0.38773614 -0.25125763 0.25647792
0.38173413 -0.22725372 0.24341474
0.37545282 -0.23049282 0.24401656
0.38313174 -0.23045602 0.24252903
0.38141498 -0.24881914 0.25255972
0.37701419 -0.24926148 0.25113186
0.37846801 -0.24970698 0.25189504
0.37872633 -0.22718523 0.24419330
0.37951919 -0.22780198 0.24379936
0.37388176 -0.24839063 0.24996062
0.38040787 -0.24549642 0.25119987
0.37419289 -0.24578105 0.24976626
0.37859911 -0.24859963 0.25148413
0.37995765 -0.24789774 0.25175092
0.37114739 -0.22886038 0.24611442
0.37223804 -0.23063296 0.24477625
0.36251664 -0.24263352 0.24108568
0.36771557 -0.23471767 0.24560742
0.36886802 -0.23400968 0.24514398
0.46021190 -0.23857760 0.23382433
0.35779026 -0.24463430 0.24044725
0.35661012 -0.24579014 0.24015264
0.37194222 -0.23582411 0.24209411
0.37191427 -0.23695138 0.24138221
0.37127215 -0.23302756 0.24390937
0.40784791 -0.25010115 0.25840998
0.40376475 -0.25033677 0.25917748
0.40277559 -0.25182101 0.25770104
0.39017281 -0.25408262 0.25845766
0.39529046 -0.25141728 0.25979024
0.39287058 -0.25435153 0.25845096
0.40484285 -0.25351587 0.25374985
0.41794074 -0.25347781 0.25093082
0.42040402 -0.25530177 0.24541034
0.33804208 -0.25414726 0.22785148
0.32437316 -0.25129253 0.21832295
0.44944069 -0.23847653 0.23687814
0.44920439 -0.23782080 0.23660934
0.32747924 -0.25337857 0.22055067
0.33921388 -0.23699175 0.25055525
0.33363593 -0.23392640 0.24948129
0.34314916 -0.24098693 0.24370138
0.32680809 -0.23757105 0.23938027
0.32602310 -0.23845255 0.23844054
0.42881170 -0.25036556 0.23344170
0.42995408 -0.25081956 0.23368256
0.46344563 -0.24270266 0.22653410
0.34841672 -0.25278762 0.22859107
0.34568667 -0.24037297 0.24613646
0.32012257 -0.23652515 0.22458991
0.32211924 -0.23570490 0.22709927
0.31095827 -0.23875555 0.21123028
0.46122310 -0.23975244 0.23161237
0.30440947 -0.23558067 0.20715761
0.32937008 -0.23722617 0.24269147
0.47003379 -0.24310450 0.22823989
0.47116002 -0.24329156 0.22885947
0.30283347 -0.24512534 0.21066804
0.30151120 -0.24286038 0.20927148
0.33401397 -0.23796776 0.24979064
0.32663277 -0.24092971 0.22259548
0.35450944 -0.25130948 0.23280241
0.29949972 -0.23965752 0.20374635
0.42825055 -0.24184285 0.23228775
0.42794955 -0.23849559 0.23233308
0.33155358 -0.23384036 0.23739071
0.32520694 -0.24476548 0.21911065
0.42573908 -0.24698356 0.23397377
0.42545837 -0.24776390 0.23419197
0.42668667 -0.24454603 0.23326583
0.38114339 -0.25658265 0.24939211
0.46434641 -0.24236593 0.22718258
0.46539477 -0.24123962 0.23012744
0.29467532 -0.24649255 0.19950821
0.47452226 -0.24542516 0.22483312
0.46239460 -0.24278826 0.22328031
0.46595332 -0.24245672 0.23331545
0.47210988 -0.24407098 0.22962558
0.33674559 -0.24684481 0.23294576
0.35827473 -0.24008977 0.24707763
0.30085361 -0.23309889 0.20732591
0.32189414 -0.23564443 0.21995105
0.46878073 -0.24506073 0.23252249
0.31615141 -0.25272596 0.21373409
0.31844181 -0.25308591 0.21503730
0.37648514 -0.25632399 0.24909626
0.31155285 -0.23994660 0.21645582
0.31126115 -0.24190673 0.21738309
0.31135935 -0.24092540 0.21687983
0.30953869 -0.23225968 0.21400839
0.39673623 -0.24928334 0.25920415
0.32104817 -0.23621745 0.21579851
0.32376367 -0.23677516 0.21853296
0.28759268 -0.24795166 0.18933424
0.31517446 -0.23457794 0.21519609
0.31810263 -0.23489618 0.21381395
0.29242894 -0.24617955 0.19741285
0.28650469 -0.24564104 0.19210702
0.42573285 -0.25111714 0.23544641
0.42465642 -0.25371015 0.23787166
0.41814694 -0.25114435 0.23940359
0.33505473 -0.24913055 0.22761245
0.37523428 -0.23913462 0.24072036
0.37882611 -0.23714191 0.24106120
0.29856187 -0.24066202 0.20806928
0.29694656 -0.23926598 0.20763069
0.29770792 -0.24592809 0.20283379
0.30256486 -0.23910169 0.20997205
0.31451929 -0.23680937 0.21753775
0.30866516 -0.23724033 0.21287492
0.30180767 -0.23901948 0.20963879
0.40385449 -0.24625225 0.25560439
0.39578184 -0.24633500 0.25423688
0.39739573 -0.24521512 0.25285000
0.39699319 -0.24571800 0.25353232
0.31928989 -0.23667566 0.21963654
0.32222006 -0.23481263 0.21760464
0.31593162 -0.25202641 0.21354812
0.32889986 -0.24582916 0.22304928
0.30869043 -0.23348428 0.21346115
0.30625659 -0.23453285 0.21229823
0.42336518 -0.24885009 0.23540941
0.41739389 -0.24723329 0.23777533
0.43545255 -0.24461180 0.22882193
0.43553296 -0.24205734 0.22888742
0.32557824 -0.23417085 0.22225495
0.40611121 -0.23061979 0.23785901
0.32735646 -0.23973630 0.22430341
0.40083060 -0.22752528 0.24459203
0.41575158 -0.25286937 0.24475412
0.41531876 -0.25255224 0.24433877
0.29589501 -0.24265204 0.20180769
0.29697123 -0.24057072 0.20265079
0.42149553 -0.25358298 0.23955581
0.41847494 -0.25162107 0.23970753
0.32494813 -0.23842752 0.22002989
0.33298823 -0.25086030 0.22520393
0.36943451 -0.23638189 0.24247032
0.33564201 -0.23648112 0.24090362
0.27690333 -0.25145447 0.21163277
0.27589205 -0.25086734 0.20899335
0.28041846 -0.25453284 0.20914917
0.27911085 -0.25387883 0.20455554
0.33569601 -0.24505468 0.23508358
0.34379280 -0.25401223 0.22838527
0.30274829 -0.23616254 0.20599276
0.33109355 -0.25011221 0.22374667
0.32778814 -0.24812692 0.22066641
0.36396235 -0.24194139 0.24090376
0.33079445 -0.23950000 0.23148493
0.42475411 -0.23707524 0.23693189
0.43448642 -0.23854089 0.23095781
0.41637856 -0.23784398 0.23568511
0.42115772 -0.23764315 0.23458251
0.41212419 -0.23500046 0.23668201
0.43300253 -0.23842998 0.23169048
0.43048227 -0.23741253 0.23546709
0.34439000 -0.23693769 0.25362790
0.39295131 -0.25526929 0.25465101
0.32947227 -0.25192448 0.22183116
0.33026674 -0.25243044 0.22240888
0.33210972 -0.24506944 0.22826514
0.35372066 -0.24172455 0.24454898
0.35726392 -0.24047878 0.24648881
0.34122425 -0.24918355 0.23395486
0.30710861 -0.24118301 0.20833410
0.30343610 -0.24025765 0.20554648
0.36138570 -0.24541032 0.23951088
0.41142648 -0.23774588 0.23628731
0.40988180 -0.23660612 0.23657089
0.31744653 -0.24868132 0.21397105
0.32952660 -0.24090108 0.22795056
0.39548951 -0.23721410 0.24836005
0.39114943 -0.23850915 0.24864487
0.38448685 -0.23814152 0.24939322
0.38473436 -0.23701204 0.24951640
0.39591169 -0.23901127 0.24807836
0.34482116 -0.25257510 0.23115875
0.39405939 -0.22815207 0.24247338
0.32069516 -0.24076003 0.21686491
0.36681581 -0.24476407 0.23990223
0.36692572 -0.24490990 0.23992023
0.39824629 -0.24746746 0.25655827
0.39931655 -0.24917492 0.25987858
0.35173726 -0.24288642 0.24269730
0.34990585 -0.23952667 0.24615683
0.33647966 -0.22221534 0.16804090
0.34297237 -0.21704954 0.16443576
0.31826711 -0.23129545 0.16029561
0.31870025 -0.22995719 0.16098295
0.32693520 -0.22752945 0.16296597
0.33173171 -0.23082615 0.16070984
0.33450580 -0.23066516 0.16179438
0.33864015 -0.22986764 0.16439758
0.32289192 -0.23070537 0.16122086
0.32737553 -0.22807939 0.16284706
0.32832557 -0.23086683 0.16173393
0.32888854 -0.23192079 0.16040012
0.33967417 -0.22914948 0.16596550
0.33027706 -0.23004353 0.16182974
0.33169815 -0.22679029 0.16361350
0.31883582 -0.23467854 0.15993084
0.31185228 -0.23671368 0.15642662
0.35058445 -0.22110021 0.16414800
0.35031638 -0.22202668 0.16470303
0.31855902 -0.22893532 0.16120178
0.36491638 -0.21691838 0.16261670
0.35438827 -0.22180615 0.16529453
0.36564958 -0.21630189 0.16400369
0.35862571 -0.21461478 0.16365141
0.35428983 -0.21762201 0.16191944
0.35601795 -0.21465415 0.16146302
0.34473693 -0.21936014 0.16544944
0.35046500 -0.21657169 0.16362993
0.34146994 -0.22135329 0.16622002
0.36047676 -0.21936874 0.16561592
0.33968079 -0.22241174 0.16618834
0.34481993 -0.21632855 0.16433941
0.34300473 -0.22160514 0.16574529
0.34781224 -0.22419040 0.16547418
0.35812595 -0.21854901 0.16376489
0.33973047 -0.22540054 0.16228592
0.33922768 -0.22549134 0.16268705
0.33949184 -0.22289592 0.16550025
0.31984746 -0.22957791 0.16107629
0.34181315 -0.22548619 0.16386557
0.34084371 -0.22063205 0.16726393
0.36238319 -0.21474417 0.16515476
0.33210829 -0.22494113 0.16496716
0.34689125 -0.22249995 0.16885687
0.36073595 -0.21717006 0.16951874
0.35933104 -0.21745737 0.16949046
0.35437250 -0.21855649 0.16841277
0.35225543 -0.21557865 0.16556738
0.36529088 -0.21544617 0.16979751
0.34795091 -0.22093444 0.16858333
0.35144138 -0.21725005 0.16644436
0.32045510 -0.23691604 0.15991046
0.32116407 -0.23699813 0.15754452
0.35052258 -0.22302154 0.16952890
0.32910588 -0.22655657 0.16387068
0.34701985 -0.22379072 0.16942279
0.36444959 -0.21494608 0.16516121
0.33406538 -0.22624736 0.16547604
0.33762988 -0.22271730 0.16756548
0.35349068 -0.22236504 0.16702479
0.35694227 -0.22204813 0.17008638
0.36162719 -0.21859196 0.16631033
0.34688675 -0.22227775 0.16874185
0.36134544 -0.21867882 0.16742404
0.36405501 -0.21708789 0.16570336
0.33625069 -0.22741647 0.16580282
0.32669079 -0.23464628 0.15982126
0.36291328 -0.21736373 0.16806981
0.35840899 -0.21869387 0.17052136
0.32255891 -0.23242098 0.16173972
0.35518038 -0.22069333 0.17071435
0.35548544 -0.22176526 0.16694605
0.32324353 -0.23569033 0.16196127
0.32551473 -0.22916517 0.16247389
0.32842049 -0.22982424 0.16342799
0.32305101 -0.23579514 0.16072133
0.33680430 -0.23047549 0.16704978
0.33348563 -0.23214029 0.16581094
0.33076099 -0.23143606 0.16640159
0.33479467 -0.22956976 0.16584510
0.33493680 -0.22903167 0.16573186
0.28669792 -0.25701040 0.22762516
0.28383356 -0.25454167 0.23130064
0.28205186 -0.25325432 0.23102005
0.28204221 -0.25468090 0.23691566
0.28860551 -0.25666127 0.22421215
0.28264609 -0.25498590 0.20841324
0.28491431 -0.25474298 0.21365932
0.28928235 -0.25474378 0.22065459
0.27748835 -0.25186232 0.21734020
0.27897152 -0.25318703 0.21308260
0.28014895 -0.25462890 0.22264646
0.28710327 -0.25260511 0.21295352
0.28632376 -0.25483611 0.21911876
0.28394195 -0.25568581 0.21701758
0.28147343 -0.25547826 0.23207089
0.28161591 -0.25532046 0.23585333
0.28469041 -0.25739598 0.23594840
0.28160292 -0.25548556 0.21384920
0.28157645 -0.25523522 0.22291438
0.28005549 -0.25495026 0.24245861
0.28350493 -0.25698581 0.23932679
0.27739891 -0.25032780 0.23553282
0.27977958 -0.25354442 0.23376136
0.28559008 -0.25836888 0.23248039
0.28337085 -0.25673592 0.23768689
0.27809167 -0.25228474 0.23969330
0.27842477 -0.25249532 0.23877867
0.28248641 -0.25579163 0.23073478
0.28162140 -0.25555095 0.23069860
0.28898853 -0.25744006 0.22411275
0.28613770 -0.25720593 0.22677696
0.27741334 -0.25018793 0.22664133
0.27746889 -0.24923715 0.23053068
0.27850565 -0.25241295 0.22483091
0.27914459 -0.25346529 0.22347899
0.27602041 -0.24175985 0.25117943
0.27938870 -0.24546896 0.23440562
0.27857119 -0.24863990 0.23678812
0.27625132 -0.23936082 0.25296995
0.27001852 -0.25767514 0.26815248
0.28587061 -0.25174659 0.20681624
0.28006139 -0.24449313 0.23221362
0.28161430 -0.24689676 0.22771363
0.28014106 -0.24510300 0.23209746
0.27581179 -0.24355900 0.24460223
0.27815193 -0.24178180 0.23774628
0.27635711 -0.24518816 0.23853968
0.28815264 -0.24753508 0.21642371
0.28285632 -0.24429075 0.21127893
0.28171507 -0.24519050 0.20649643
0.28297076 -0.24306874 0.21647327
0.28874156 -0.24732201 0.22311348
0.28619152 -0.24139680 0.22524393
0.28627172 -0.24123895 0.22574770
0.28880242 -0.25127944 0.21421842
0.28888017 -0.24518175 0.22679119
0.27005574 -0.25537977 0.27478456
0.27097598 -0.25551534 0.27246344
0.27769223 -0.24369192 0.24098086
0.27854115 -0.24225843 0.24049413
0.27152309 -0.24734500 0.27271467
0.27352676 -0.25007352 0.26441631
0.27381977 -0.24991654 0.26258174
0.27283740 -0.26032457 0.26124477
0.27112019 -0.25876629 0.26563931
0.28912178 -0.25220889 0.22155318
0.28857374 -0.24625519 0.22292006
0.27791631 -0.24487710 0.22679909
0.27800110 -0.24440745 0.23219107
0.27805293 -0.24437761 0.23069087
0.27389973 -0.25425711 0.26292521
0.27393088 -0.25624868 0.26266068
0.27566126 -0.24524911 0.25103644
0.27346721 -0.24383509 0.25836894
0.28310230 -0.24403924 0.23150556
0.27106631 -0.24301286 0.26511598
0.27190709 -0.24326840 0.26267514
0.28584155 -0.24281114 0.23155218
0.28261977 -0.23966910 0.24077019
0.27341488 -0.25070959 0.26571214
0.27156180 -0.25289237 0.27357122
0.27124146 -0.24984436 0.27431187
0.28346306 -0.24584964 0.22747044
0.27210471 -0.24109532 0.25946987
0.28145123 -0.24056426 0.23923951
0.26915497 -0.26115260 0.27033663
0.27147105 -0.25967309 0.26644939
0.27636391 -0.25423121 0.25653708
0.27570948 -0.25721326 0.25876415
0.27482513 -0.25068733 0.25711662
0.27452725 -0.24778137 0.25545913
0.27417514 -0.24676715 0.25651979
0.28523150 -0.25100064 0.22483835
0.28317052 -0.24894689 0.22592787
0.28261581 -0.25309989 0.22973740
0.28345403 -0.25314379 0.22828539
0.28386432 -0.24112932 0.22371162
0.28436267 -0.24044444 0.22766061
0.27791804 -0.26163319 0.25759143
0.27336237 -0.25854996 0.26362294
0.27695552 -0.26105884 0.25851023
0.27503389 -0.26204836 0.26175210
0.27174431 -0.26090571 0.26553291
0.28154171 -0.25654855 0.24443518
0.28166968 -0.25653866 0.24409828
0.27932769 -0.25962192 0.25422207
0.28059608 -0.25995013 0.25277138
0.26690176 -0.25839353 0.27233389
0.27832413 -0.24497613 0.21661974
0.27976310 -0.24406807 0.21684802
0.28026217 -0.25972244 0.25177911
0.28074458 -0.25418723 0.23996218
0.28020313 -0.25355032 0.23944879
0.27651218 -0.24767278 0.24385010
0.28436860 -0.24053045 0.23731282
0.28337476 -0.24085447 0.23697521
0.28164774 -0.25649247 0.24185009
0.27849239 -0.25392440 0.24623406
0.27842873 -0.25287741 0.24430725
0.27617010 -0.24451029 0.24839509
0.27632666 -0.24427794 0.24632120
0.27595842 -0.25254920 0.25544229
0.27584484 -0.25290188 0.25662464
0.27963853 -0.25465286 0.24488418
0.27922624 -0.25561130 0.24819097
0.28098205 -0.25773385 0.24574551
0.27680561 -0.24906074 0.21720959
0.27761215 -0.24635571 0.21811196
0.27708939 -0.24769780 0.22051491
0.27533069 -0.23950677 0.25398690
0.27452061 -0.24262542 0.25080842
0.27529591 -0.24056172 0.25014216
0.27949381 -0.24232411 0.22687681
0.27872604 -0.24384984 0.22132897
0.28987294 -0.25012738 0.21787794
0.28833294 -0.24866842 0.22039823
0.27698869 -0.24314010 0.24510193
0.28538075 -0.24233352 0.22208779
0.27743223 -0.23996072 0.25043669
0.28275156 -0.24050963 0.23114799
0.28178617 -0.24060126 0.23306607
0.27963161 -0.24523103 0.20730945
0.27845511 -0.24593888 0.20734617
0.28524837 -0.25302351 0.20882417
0.28717133 -0.24706507 0.21140490
0.28738829 -0.24630260 0.21551083
0.27270082 -0.25699580 0.26519752
0.27222621 -0.25319713 0.27078626
0.27787754 -0.23883733 0.24505369
0.27854225 -0.23889694 0.24450359
0.27888170 -0.24031015 0.23737882
0.27793708 -0.23866667 0.24741460
0.26758051 -0.25920349 0.26991630
0.27706334 -0.24769971 0.21302527
0.27689546 -0.24693933 0.20767044
0.28609559 -0.24989437 0.20693052
0.27959698 -0.25143284 0.23511650
0.27739075 -0.24817523 0.24051705
0.27792481 -0.24025722 0.24056961
0.27657512 -0.23884204 0.24789658
0.29480007 -0.24456957 0.14110038
0.29839912 -0.24206400 0.14401068
0.30076954 -0.24448808 0.15136713
0.30635715 -0.24028641 0.15046406
0.31693155 -0.23889431 0.15605333
0.25651786 -0.25791010 0.09666859
0.28011632 -0.25110456 0.13114460
0.27634588 -0.25229195 0.12647845
0.27469510 -0.25254691 0.12639682
0.27216068 -0.25224090 0.11729284
0.27502242 -0.25201917 0.12060378
0.28603345 -0.25117442 0.13560936
0.28477052 -0.24998160 0.13544068
0.27950972 -0.25014624 0.12782902
0.27569222 -0.25095928 0.12215759
0.30548397 -0.23440291 0.15414262
0.30543137 -0.23583317 0.15013152
0.30563530 -0.23784941 0.15008967
0.28298256 -0.25170299 0.13062918
0.28636488 -0.25136530 0.13533288
0.28797522 -0.24833785 0.13576111
0.31038448 -0.23887148 0.15328169
0.26495388 -0.25744668 0.10759048
0.26125911 -0.25799033 0.10811509
0.25805852 -0.25814575 0.10408555
0.29371959 -0.24630755 0.14063843
0.29502180 -0.24566980 0.14124233
0.25970456 -0.25808129 0.10024032
0.25032359 -0.25758684 0.09658218
0.30341932 -0.24371704 0.14734961
0.29245341 -0.24873181 0.13962214
0.28849047 -0.25090790 0.13678177
0.29286891 -0.24611720 0.14017616
0.25947881 -0.25823936 0.10562281
0.25224400 -0.25810298 0.09502774
0.27416754 -0.24852842 0.12361672
0.25023800 -0.25840133 0.10074449
0.29749352 -0.24854220 0.14398621
0.31165373 -0.23476735 0.15489946
0.27757788 -0.24749017 0.12771440
0.31188506 -0.23561706 0.15492480
0.27207318 -0.25388402 0.12657481
0.31512716 -0.23827773 0.15729710
0.26882398 -0.25601712 0.11788492
0.29651168 -0.24924169 0.14234661
0.28767657 -0.25087243 0.13677149
0.31017110 -0.23366255 0.15670927
0.30948019 -0.23661992 0.15557419
0.31106663 -0.24094956 0.15440401
0.26821628 -0.25556895 0.11071502
0.30729508 -0.23729309 0.15426223
0.30382350 -0.24146844 0.14798969
0.27505031 -0.25337911 0.12292887
0.30831063 -0.23995671 0.15154965
0.26587498 -0.25703701 0.10545608
0.26766530 -0.25617731 0.11027727
0.31061473 -0.24206170 0.15351295
0.31904781 -0.23425117 0.15880512
0.32032406 -0.23613295 0.15772995
0.27226833 -0.25363842 0.11535551
0.26956168 -0.25416267 0.11154107
0.30051860 -0.24507755 0.15046480
0.30524552 -0.24390158 0.15051360
0.30203277 -0.24397461 0.14511807
0.27171481 -0.24910364 0.12174529
0.27491879 -0.25370848 0.12156652
0.27945274 -0.25186640 0.12530625
0.32450065 -0.23313771 0.16045141
0.30704948 -0.23409899 0.15190379
0.31059512 -0.23178677 0.15737823
0.31764004 -0.23088357 0.15992932
0.45785400 -0.24842972 0.22420569
0.45049262 -0.24403617 0.22408685
0.45039850 -0.24141814 0.22583461
0.45134082 -0.24285945 0.22483109
0.44891232 -0.23925489 0.22777927
0.44815096 -0.23986559 0.22714330
0.47665414 -0.24612638 0.22368865
0.47480389 -0.24577877 0.22183317
0.46044877 -0.24835443 0.22985885
0.45683515 -0.24400704 0.22159603
0.45279154 -0.24503464 0.22253673
0.46881902 -0.25007099 0.22430819
0.47311720 -0.24707526 0.21794431
0.46798769 -0.24528955 0.22055760
0.45512879 -0.24958734 0.22785352
0.41056481 -0.25099331 0.25668332
0.47131526 -0.24912696 0.21905199
0.47687298 -0.24776319 0.21704261
0.46898916 -0.24509694 0.22309192
0.46595410 -0.24744828 0.21950378
0.47794881 -0.25011998 0.21981719
0.48179159 -0.25149691 0.21888372
0.47022304 -0.25018209 0.22791323
0.41089404 -0.24958956 0.25554281
0.40676761 -0.24815652 0.25644726
0.47310987 -0.24914245 0.22821315
0.42953360 -0.24042256 0.24161769
0.45886263 -0.24333420 0.22136584
0.45597264 -0.24971060 0.22733824
0.45260888 -0.24889882 0.22589578
0.45215046 -0.24795517 0.22483858
0.47097245 -0.24938229 0.22942650
0.43353650 -0.24975350 0.23908095
0.43350852 -0.25178659 0.23791213
0.41537738 -0.25116807 0.25240627
0.44342083 -0.24075101 0.22679169
0.44679907 -0.24518389 0.22429642
0.44016662 -0.24645130 0.22711709
0.46896723 -0.24646291 0.21937473
0.44631523 -0.24789098 0.23386575
0.44565418 -0.24776530 0.23424175
0.44193971 -0.24527608 0.23771434
0.47870705 -0.24751084 0.22416055
0.42000848 -0.25052363 0.24817251
0.46507591 -0.24871279 0.22980073
0.46703601 -0.24967450 0.22275893
0.46382415 -0.24901164 0.22276868
0.46316469 -0.24863836 0.22224283
0.46206504 -0.24360682 0.22160897
0.40808415 -0.24713777 0.25351244
0.46589971 -0.24932505 0.22728531
0.41876215 -0.24467228 0.24595493
0.42012754 -0.24502201 0.24538834
0.42088085 -0.24052559 0.24310751
0.41697595 -0.24833095 0.24893627
0.40405434 -0.24623133 0.25551128
0.40344334 -0.24441725 0.25188884
0.41031748 -0.24518582 0.24892402
0.40796128 -0.24583341 0.25071171
0.40720853 -0.23979715 0.24516031
0.41211042 -0.23763384 0.24293329
0.41354343 -0.23933673 0.24360844
0.40571573 -0.24122947 0.24634431
0.41526923 -0.24209510 0.24500871
0.40173632 -0.23674656 0.24521564
0.40387362 -0.23568334 0.24413747
0.41408938 -0.24702255 0.24990606
0.42726791 -0.24389552 0.24241534
0.42519647 -0.24624190 0.24337278
0.42799401 -0.24179493 0.24206999
0.41303065 -0.24470091 0.24762157
0.41476434 -0.24330269 0.24609885
0.41045281 -0.24425600 0.24779654
0.42199048 -0.25178468 0.24784410
0.48008221 -0.24761312 0.22328292
0.47966093 -0.24771874 0.22024298
0.48176855 -0.25020930 0.21738558
0.45431048 -0.24751361 0.23176108
0.45279223 -0.24832837 0.23096582
0.48105955 -0.24893947 0.22229046
0.45082685 -0.24489632 0.23492943
0.45095173 -0.24578875 0.23427464
0.39752123 -0.23168688 0.24686123
0.39903966 -0.23145980 0.24591097
0.46352157 -0.24823084 0.22088246
0.39358342 -0.23460656 0.24867073
0.39673442 -0.23232898 0.24747226
0.39961192 -0.22699156 0.24612355
0.44131392 -0.24847624 0.22757252
0.44016051 -0.24937478 0.22864451
0.45082194 -0.24663231 0.22332206
0.42944944 -0.25132379 0.24073863
0.45771465 -0.24512096 0.22034469
0.45568237 -0.24645458 0.23301689
0.46121213 -0.24597950 0.23306355
0.46224090 -0.24628821 0.23267823
0.45865750 -0.24729583 0.22232048
0.42227307 -0.25263512 0.24820498
0.43589267 -0.25256798 0.23411809
0.42429790 -0.24851087 0.24468534
0.42075762 -0.24768738 0.24616945
0.47207415 -0.24505019 0.22217155
0.39904845 -0.23336847 0.24608134
0.39904788 -0.23485231 0.24652800
0.45215517 -0.24325411 0.23620448
0.43683368 -0.24442540 0.24058884
0.42920911 -0.24513820 0.24206041
0.45341590 -0.24998036 0.22739604
0.44855091 -0.24760181 0.22444624
0.40972781 -0.25212476 0.25558552
0.46473664 -0.24828355 0.23057547
0.44008148 -0.25115791 0.23196569
0.44026801 -0.24943684 0.23562616
0.43092835 -0.24764408 0.24180786
0.43679404 -0.24815828 0.23832893
0.44317153 -0.24735454 0.23566592
0.44237700 -0.24727787 0.23610526
0.45448127 -0.23978566 0.23714076
0.45624673 -0.24220495 0.23681104
0.44521233 -0.25005585 0.22980620
0.34742045 -0.23807681 0.25144112
0.36262885 -0.22977716 0.25255159
0.26956344 -0.25238797 0.16973676
0.33119136 -0.24725500 0.23480894
0.32596084 -0.25055537 0.23116799
0.32815394 -0.24748887 0.23308407
0.35105142 -0.25206411 0.22908717
0.35413593 -0.25321457 0.23426785
0.32506648 -0.24327289 0.23465535
0.32760248 -0.24409816 0.23638676
0.30438629 -0.26246777 0.21597302
0.34585702 -0.23637697 0.25444528
0.31386426 -0.25463390 0.21308745
0.28428110 -0.25995487 0.19191365
0.30921963 -0.24973561 0.21724346
0.30527487 -0.25046560 0.21268219
0.31458071 -0.25964856 0.21610028
0.35439548 -0.24739462 0.24156140
0.35481471 -0.24792989 0.24145307
0.35197124 -0.24884051 0.24001144
0.34976551 -0.24374881 0.24192649
0.35136664 -0.24329835 0.24270034
0.32820073 -0.24600707 0.23381102
0.33168086 -0.24413574 0.23876779
0.30101117 -0.24667348 0.20865624
0.30566528 -0.24651109 0.21339856
0.27205184 -0.24875745 0.18775646
0.27123493 -0.24859609 0.18428253
0.29877418 -0.25250581 0.20494062
0.29940087 -0.25157636 0.20587212
0.34303591 -0.24982727 0.23657434
0.33360067 -0.24993101 0.23417112
0.32338777 -0.25408033 0.22866245
0.33214650 -0.24966840 0.23400137
0.33239064 -0.24881896 0.23467338
0.30821979 -0.25458810 0.21137625
0.34589639 -0.25413463 0.23217739
0.34395248 -0.25487012 0.23144922
0.29941642 -0.25653490 0.20616363
0.29807752 -0.25690228 0.20543817
0.28355002 -0.25948995 0.19622852
0.28769505 -0.26319766 0.19979735
0.33670422 -0.25934023 0.22551040
0.27405471 -0.24877596 0.19575669
0.30120519 -0.25274888 0.20778064
0.29974878 -0.25439236 0.20607649
0.28543368 -0.25529665 0.18517917
0.28522274 -0.25675970 0.18704236
0.29373825 -0.25006682 0.19458979
0.29150924 -0.24941047 0.19218454
0.27651307 -0.25858927 0.18126939
0.27745590 -0.25917652 0.18565565
0.27768621 -0.25916857 0.18563424
0.27615270 -0.25838485 0.17973755
0.28561139 -0.24833632 0.20090066
0.27536643 -0.25570101 0.18980590
0.29945764 -0.25853628 0.20953698
0.30476734 -0.25891295 0.21269532
0.35154527 -0.23968990 0.24713999
0.27570230 -0.25810117 0.18952678
0.33973438 -0.24023147 0.25103313
0.34017351 -0.24051960 0.25064942
0.27931789 -0.25847062 0.19184726
0.27257851 -0.24766922 0.17922957
0.27287334 -0.24758868 0.17758884
0.28336489 -0.24893151 0.18135838
0.28281122 -0.25031039 0.17527933
0.33978811 -0.24297285 0.24621977
0.33776402 -0.24439533 0.24138999
0.34041852 -0.24353662 0.24223647
0.29530725 -0.24997298 0.20051405
0.29515806 -0.25003478 0.20028019
0.29344517 -0.25204450 0.19728358
0.36527351 -0.25460857 0.24118756
0.36653900 -0.23752311 0.24845058
0.36204898 -0.25190386 0.24270205
0.36479834 -0.25168443 0.24429458
0.27160114 -0.24960676 0.17475735
0.27108482 -0.24968635 0.17806081
0.28230852 -0.25285029 0.20322162
0.28520954 -0.24825151 0.18566997
0.31537545 -0.26405308 0.22044399
0.36242694 -0.23979861 0.24700338
0.35997331 -0.24322411 0.24536754
0.28696918 -0.24960101 0.19692986
0.29012999 -0.25067952 0.19538680
0.33787161 -0.24269378 0.24763690
0.33084437 -0.24170060 0.24222986
0.35061762 -0.24283433 0.24319248
0.35238516 -0.24189189 0.24451686
0.32643890 -0.25374651 0.22966321
0.32963705 -0.25402144 0.23033088
0.32598382 -0.25515425 0.22865000
0.33382568 -0.25687128 0.22962533
0.30713236 -0.25441071 0.21564682
0.30632472 -0.25321963 0.21441431
0.28495654 -0.25098586 0.18046315
0.27464983 -0.24500427 0.19486919
0.35457963 -0.23133326 0.25425240
0.35917845 -0.23167287 0.25014585
0.35786980 -0.23040614 0.25170913
0.36189792 -0.23141178 0.25001904
0.36658686 -0.22877291 0.25157809
0.28644961 -0.25952333 0.19432408
0.37033707 -0.23024751 0.24995211
0.35554528 -0.23275711 0.25474116
0.27452669 -0.25758338 0.17459884
0.27803066 -0.25802079 0.17894590
0.27890307 -0.25770050 0.17867228
0.36158183 -0.23076721 0.25276762
0.35981032 -0.23153971 0.25304633
0.35643789 -0.23333667 0.25217670
0.27149412 -0.25461981 0.18344688
0.27259871 -0.25699618 0.17836213
0.27247289 -0.25690365 0.18081048
0.35746735 -0.23613907 0.24892707
0.35728917 -0.23536374 0.24964827
0.32826364 -0.25976050 0.22094597
0.32138205 -0.26039582 0.21866500
0.27104634 -0.25245360 0.18265618
0.37254778 -0.23225190 0.24888380
0.37170801 -0.23124518 0.24916403
0.30641973 -0.26356184 0.21768498
0.32325473 -0.24799392 0.22998163
0.31924281 -0.24955955 0.22651453
0.31761494 -0.25474805 0.22448568
0.31622913 -0.25415212 0.22333311
0.31968769 -0.25455129 0.22621867
0.27607295 -0.25959989 0.18794508
0.27952743 -0.25935945 0.18703775
0.27350169 -0.24411228 0.19339804
0.30465692 -0.25803038 0.21175094
0.28371081 -0.26008677 0.19658394
0.28635588 -0.25464514 0.19380675
0.29383740 -0.25994870 0.20508558
0.27807596 -0.24156055 0.19202796
0.29178634 -0.25580630 0.19556274
0.29025692 -0.25605220 0.19381657
0.31546929 -0.25836813 0.21539688
0.30677909 -0.26136059 0.21616004
0.30989277 -0.26307052 0.21819036
0.31092915 -0.26046616 0.21629423
0.29458165 -0.25898945 0.20384316
0.29677016 -0.25764275 0.20533928
0.28130314 -0.25492570 0.20339006
0.27536610 -0.25301981 0.19085896
0.28595066 -0.24882218 0.18542604
0.29061541 -0.26287615 0.20201959
0.29140624 -0.26365396 0.20415117
0.29122177 -0.26071703 0.20070034
0.27903041 -0.25390756 0.20288648
0.28049433 -0.25491956 0.20491800
0.27773345 -0.25308463 0.19961074
0.31656903 -0.25928006 0.21620202
0.34281880 -0.24561819 0.23927487
0.33980298 -0.24633329 0.23821691
0.34291932 -0.24626811 0.23887154
0.36611262 -0.22828774 0.24964507
0.36383092 -0.25279415 0.24310771
0.36598459 -0.24895273 0.24616702
0.36624172 -0.24910361 0.24624138
0.36083916 -0.24922593 0.24324337
0.30378157 -0.25487912 0.20919158
0.29526612 -0.25255644 0.19711791
0.29515719 -0.25224233 0.19668250
0.34800169 -0.25240624 0.23412310
0.35281688 -0.25136566 0.23822047
0.29212764 -0.25817662 0.20173278
0.29116911 -0.25888017 0.20183079
0.29113653 -0.25359860 0.19534163
0.28912529 -0.25951481 0.20098069
0.29116383 -0.25263676 0.19077769
0.28993827 -0.25065589 0.18971418
0.28160119 -0.25305972 0.19709362
0.33529937 -0.24475579 0.23888563
0.33652470 -0.24332237 0.24482659
0.34737787 -0.24337222 0.24235484
0.34645301 -0.24370033 0.24173136
0.28896171 -0.25211194 0.19543710
0.28448704 -0.25278699 0.19555520
0.28213981 -0.25161102 0.20076455
0.28130329 -0.25320640 0.19870076
0.32603505 -0.24115215 0.23790379
0.33536607 -0.23945419 0.25091928
0.33345708 -0.23980352 0.24777131
0.34719601 -0.23889193 0.25075603
0.29303783 -0.26229289 0.20932730
0.34785581 -0.25368571 0.22871579
0.28613317 -0.25822645 0.19086127
0.32162410 -0.24246530 0.23209885
0.31967252 -0.24505708 0.22889644
0.28265882 -0.25762016 0.18359092
0.28427124 -0.25593010 0.18386866
0.28616619 -0.25371969 0.18373333
0.28505614 -0.26056892 0.19581191
0.35737631 -0.25242758 0.23888920
0.27581915 -0.25975862 0.18915851
0.31583083 -0.25943208 0.22360860
0.31195548 -0.25842053 0.22008979
0.30725542 -0.25758162 0.21588521
0.31871048 -0.25649390 0.22562340
0.29579240 -0.25922507 0.20639795
0.27360603 -0.25216797 0.19036186
0.27322844 -0.25014782 0.19134831
0.34055001 -0.25714403 0.22693819
0.37403050 -0.25397533 0.24879131
0.29688400 -0.26044047 0.21056864
0.28965294 -0.25739670 0.19468251
0.34226331 -0.25653723 0.22924449
0.28673491 -0.25238848 0.18455678
0.30200905 -0.25935709 0.21327595
0.35403809 -0.23151614 0.25435063
0.31851169 -0.24351031 0.22856505
0.31451011 -0.24561943 0.22303580
0.31927234 -0.24283099 0.22972995
0.31329492 -0.24330240 0.22256637
0.31166568 -0.24788585 0.21969612
0.31545866 -0.24877532 0.22339611
0.30996346 -0.26254806 0.22000399
0.29641181 -0.26060984 0.21023864
0.30193609 -0.26176763 0.21486223
0.27163294 -0.24678889 0.18533331
0.34591773 -0.25211012 0.23440859
0.34174863 -0.25235587 0.23435961
0.34488589 -0.25400737 0.23246764
0.34581620 -0.24038981 0.24988073
0.34086153 -0.24212959 0.24883713
0.27771637 -0.24231486 0.18957345
0.30037853 -0.25610399 0.20804130
0.29697666 -0.25792319 0.20630059
0.29874623 -0.25777048 0.20792174
0.30342922 -0.25983605 0.21479397
0.30501100 -0.25875849 0.21475415
0.29941389 -0.25302354 0.20325728
0.29917759 -0.25062543 0.20151335
0.36666858 -0.23134616 0.24923374
0.28019217 -0.25431150 0.19423638
0.32502788 -0.26485321 0.22381492
0.31756550 -0.26387474 0.22067010
0.29024890 -0.25998852 0.20208731
0.28750697 -0.26181620 0.20066923
0.27182484 -0.25585616 0.17673680
0.35787714 -0.23376575 0.24949852
0.35716096 -0.23827732 0.24804693
0.36090121 -0.23738520 0.24860182
0.27040482 -0.25396320 0.16871729
0.27047157 -0.25340143 0.17271808
0.30912068 -0.25803095 0.21398799
0.36876324 -0.22754276 0.24801955
0.32527295 -0.26113078 0.22686885
0.32493207 -0.26180434 0.22655030
0.28731331 -0.25606099 0.19438115
0.28899449 -0.25532770 0.19574125
0.28987724 -0.25455254 0.19102207
0.29145870 -0.25742352 0.19709556
0.29213431 -0.25735277 0.19791247
0.32958651 -0.26426354 0.22570549
0.36776716 -0.23415147 0.24612953
0.36592972 -0.23566809 0.24645257
0.35427183 -0.25319031 0.23483823
0.34921098 -0.23991330 0.24739036
0.27211073 -0.24574405 0.18551663
0.27341336 -0.24404517 0.18636689
0.33058298 -0.26149583 0.22315705
0.32455161 -0.26355082 0.22219045
0.32315722 -0.26312366 0.22115971
0.29418519 -0.25724351 0.20255077
0.29664496 -0.25421825 0.20226623
0.29707786 -0.25509542 0.20372243
0.31696016 -0.25997201 0.22414573
0.31433764 -0.26182315 0.22243564
0.35396802 -0.23174694 0.25235334
0.30204308 -0.25247747 0.20592009
0.30264133 -0.25403357 0.20780410
0.28302461 -0.25382346 0.17685400
0.28241450 -0.25286093 0.17378643
0.34839481 -0.23574023 0.25266811
0.35042283 -0.24620040 0.24084304
0.34757179 -0.24890691 0.23843820
0.35085198 -0.24479444 0.24173762
0.35239998 -0.23638758 0.24913472
0.32420948 -0.26038823 0.22697571
0.33228686 -0.25717288 0.22924900
0.34186214 -0.24010247 0.25094819
0.35189915 -0.23523770 0.25373754
0.32343298 -0.26290864 0.22538586
0.31770256 -0.26249650 0.22341688
0.27075106 -0.25054431 0.18123916
0.35087609 -0.23740838 0.24967334
0.34698120 -0.23751009 0.25387019
0.33361059 -0.26029447 0.22759268
0.32961723 -0.26360014 0.22623251
0.31440642 -0.25216395 0.22187534
0.31433612 -0.25010881 0.22217157
0.35950440 -0.23949155 0.24681754
0.35082686 -0.23626086 0.25334907
