0.052890 -0.269267 0.180101 4
0.094213 -0.266875 0.200542 4
0.085173 -0.264200 0.196574 4
0.184725 -0.262494 0.224228 4
0.180209 -0.265335 0.227740 4
0.176380 -0.265770 0.225545 4
0.081122 -0.264946 0.194127 4
0.080444 -0.262514 0.195390 4
0.171266 -0.266001 0.223893 4
0.111580 -0.262284 0.212510 4
0.114819 -0.261227 0.211618 4
0.149513 -0.257720 0.216793 4
0.082656 -0.260200 0.198066 4
0.089099 -0.260376 0.199845 4
0.094471 -0.259764 0.203997 4
0.095597 -0.261221 0.205070 4
0.190772 -0.263090 0.223540 4
0.076094 -0.262126 0.193527 4
0.078778 -0.259160 0.197495 4
0.075786 -0.261334 0.194715 4
0.199063 -0.264078 0.218110 4
0.072398 -0.256643 0.194546 4
0.125551 -0.261213 0.213923 4
0.129916 -0.254359 0.213193 4
0.195214 -0.262748 0.222541 4
0.125887 -0.257250 0.211295 4
0.160590 -0.259554 0.220578 4
0.135531 -0.255826 0.215604 4
0.166968 -0.256723 0.223829 4
0.122810 -0.256016 0.208578 4
0.119395 -0.259305 0.222628 4
0.139417 -0.259147 0.217071 4
0.146844 -0.259830 0.217189 4
0.109955 -0.261177 0.215996 4
0.133933 -0.259111 0.216489 4
0.193062 -0.257430 0.217376 4
0.103871 -0.257699 0.209392 4
0.094515 -0.265826 0.202283 4
0.109016 -0.262805 0.215456 4
0.094688 -0.259323 0.204082 4
0.097421 -0.260684 0.206103 4
0.098555 -0.258616 0.206110 4
0.099258 -0.263328 0.208433 4
0.100440 -0.261809 0.209000 4
0.201254 -0.258134 0.211812 4
0.175285 -0.263553 0.223337 4
0.100439 -0.261024 0.208483 4
0.199499 -0.260659 0.219199 4
0.200940 -0.260744 0.218510 4
0.120718 -0.257268 0.220068 4
0.157847 -0.261393 0.219820 4
0.150611 -0.258156 0.217141 4
0.207045 -0.262355 0.213304 4
0.121194 -0.261940 0.216640 4
0.161556 -0.256924 0.221156 4
0.201911 -0.264238 0.215367 4
0.170452 -0.258943 0.223451 4
0.185269 -0.257239 0.224223 4
0.188757 -0.255969 0.222649 4
0.164409 -0.261784 0.223492 4
0.161641 -0.258269 0.221078 4
0.201646 -0.264535 0.216405 4
0.152447 -0.264247 0.222797 4
0.172291 -0.255765 0.223792 4
0.202544 -0.259685 0.212407 4
0.156428 -0.257452 0.219807 4
0.162336 -0.263185 0.224351 4
0.162172 -0.263300 0.224286 4
0.077119 -0.254674 0.195770 4
0.164631 -0.265312 0.224168 4
0.108314 -0.259668 0.202611 4
0.182267 -0.261171 0.223440 4
0.160046 -0.264476 0.222742 4
0.174298 -0.262000 0.227234 4
0.171825 -0.261382 0.226312 4
0.166431 -0.260070 0.225630 4
0.165552 -0.260174 0.225559 4
0.141169 -0.258221 0.216477 4
0.196286 -0.257936 0.220444 4
0.180459 -0.255067 0.224516 4
0.179228 -0.256782 0.225512 4
0.172371 -0.264496 0.227099 4
0.168799 -0.262203 0.222347 4
0.171082 -0.256527 0.226047 4
0.173251 -0.257286 0.226169 4
0.069383 -0.263524 0.191760 4
0.177828 -0.263757 0.228138 4
0.177221 -0.261905 0.227657 4
0.148803 -0.261907 0.224410 4
0.153371 -0.262871 0.223703 4
0.167587 -0.264109 0.225097 4
0.179742 -0.259796 0.226664 4
0.179172 -0.259294 0.226584 4
0.152232 -0.258047 0.224979 4
0.109629 -0.259339 0.215357 4
0.113542 -0.257442 0.215829 4
0.155250 -0.261071 0.224266 4
0.185548 -0.261411 0.222507 4
0.163283 -0.255107 0.225613 4
0.158574 -0.258452 0.225077 4
0.136756 -0.255702 0.216057 4
0.156282 -0.256891 0.225190 4
0.152850 -0.255954 0.225211 4
0.199584 -0.264828 0.217328 4
0.160821 -0.263758 0.221952 4
0.134407 -0.258828 0.216605 4
0.186210 -0.262164 0.223979 4
0.148486 -0.260964 0.224553 4
0.145786 -0.259440 0.224462 4
0.151224 -0.250994 0.227659 4
0.147704 -0.254454 0.225475 4
0.149723 -0.262427 0.217948 4
0.169209 -0.263904 0.222376 4
0.153957 -0.260623 0.218655 4
0.192762 -0.259792 0.217118 4
0.141661 -0.257117 0.216113 4
0.071858 -0.264019 0.189673 4
0.073834 -0.265051 0.189954 4
0.105959 -0.263697 0.211868 4
0.150420 -0.255028 0.217706 4
0.086942 -0.265390 0.193626 4
0.184811 -0.257358 0.221811 4
0.083652 -0.266910 0.193385 4
0.191863 -0.259544 0.222993 4
0.188773 -0.260184 0.225374 4
0.120951 -0.258409 0.221957 4
0.115881 -0.261907 0.213661 4
0.123468 -0.261926 0.215366 4
0.118861 -0.261105 0.212570 4
0.125302 -0.259168 0.212079 4
0.098620 -0.264746 0.204498 4
0.105189 -0.261310 0.204797 4
0.101106 -0.263080 0.202148 4
0.104380 -0.261812 0.205719 4
0.110515 -0.262698 0.213991 4
0.130721 -0.261608 0.215361 4
0.110525 -0.261289 0.209529 4
0.110377 -0.263277 0.215547 4
0.113841 -0.262344 0.214052 4
0.152908 -0.263828 0.220930 4
0.109871 -0.259511 0.203426 4
0.113469 -0.263015 0.217460 4
0.116339 -0.259354 0.209652 4
0.102560 -0.263195 0.208984 4
0.092267 -0.267084 0.197746 4
0.115567 -0.262245 0.218916 4
0.155470 -0.264690 0.219127 4
0.142930 -0.260688 0.217556 4
0.118912 -0.261184 0.222205 4
0.141484 -0.264147 0.219021 4
0.070360 -0.262333 0.194642 4
0.133340 -0.260289 0.216345 4
0.161144 -0.254594 0.221322 4
0.100462 -0.263991 0.203639 4
0.101966 -0.263144 0.204550 4
0.134793 -0.263091 0.217557 4
0.176976 -0.260046 0.223284 4
0.192809 -0.262648 0.224306 4
0.140818 -0.254910 0.216427 4
0.138139 -0.261116 0.217101 4
0.144865 -0.263047 0.217743 4
0.072892 -0.257453 0.195557 4
0.206085 -0.261157 0.211457 4
0.088227 -0.264144 0.198549 4
0.088619 -0.265088 0.198265 4
0.199134 -0.262015 0.219410 4
0.111140 -0.259744 0.206762 4
0.095444 -0.264662 0.197787 4
0.089468 -0.267259 0.196412 4
0.187835 -0.262427 0.226359 4
0.188929 -0.263479 0.224296 4
0.092858 -0.263285 0.202719 4
0.142944 -0.264548 0.220831 4
0.143483 -0.264232 0.221526 4
0.145591 -0.257637 0.216560 4
0.117574 -0.254662 0.203511 4
0.233300 -0.251219 0.199842 4
0.116919 -0.251494 0.206639 4
0.084186 -0.256321 0.194161 4
0.113578 -0.252461 0.204056 4
0.113290 -0.251626 0.206881 4
0.101036 -0.251611 0.203031 4
0.234143 -0.263249 0.199266 4
0.109832 -0.251948 0.206313 4
0.103884 -0.251469 0.201935 4
0.097692 -0.251167 0.201876 4
0.095765 -0.255681 0.203436 4
0.101801 -0.251521 0.199819 4
0.104074 -0.252338 0.205155 4
0.114328 -0.251665 0.206058 4
0.107812 -0.252454 0.201210 4
0.180388 -0.246755 0.224113 4
0.199167 -0.249472 0.217105 4
0.235944 -0.263422 0.198510 4
0.211441 -0.259989 0.212261 4
0.207380 -0.259260 0.214762 4
0.183051 -0.248275 0.223564 4
0.209530 -0.261923 0.212014 4
0.084911 -0.253478 0.197167 4
0.207097 -0.250147 0.216227 4
0.204567 -0.252449 0.217053 4
0.201921 -0.251793 0.217525 4
0.206278 -0.249339 0.216002 4
0.198439 -0.254802 0.219212 4
0.191319 -0.255926 0.221726 4
0.185679 -0.252734 0.223004 4
0.166965 -0.250250 0.229434 4
0.138873 -0.253206 0.222603 4
0.144935 -0.254578 0.224789 4
0.146515 -0.253643 0.226126 4
0.142417 -0.252463 0.224798 4
0.125233 -0.260704 0.222972 4
0.158199 -0.251552 0.227117 4
0.154437 -0.247545 0.230533 4
0.124150 -0.255706 0.219429 4
0.124279 -0.254530 0.218229 4
0.145481 -0.247037 0.227447 4
0.142416 -0.245248 0.224053 4
0.149353 -0.247759 0.225072 4
0.133393 -0.251335 0.215040 4
0.133153 -0.251784 0.214688 4
0.126171 -0.248435 0.210994 4
0.124693 -0.249427 0.213127 4
0.121218 -0.250561 0.207147 4
0.125278 -0.248679 0.210373 4
0.130814 -0.247101 0.214042 4
0.137696 -0.244174 0.221263 4
0.133531 -0.246250 0.217608 4
0.130539 -0.248008 0.217051 4
0.135068 -0.247449 0.220586 4
0.128657 -0.251470 0.217689 4
0.131150 -0.251687 0.218991 4
0.120168 -0.252070 0.205703 4
0.140178 -0.248245 0.224387 4
0.143280 -0.248077 0.226505 4
0.139549 -0.247266 0.223866 4
0.146239 -0.247825 0.228517 4
0.096410 -0.251083 0.201266 4
0.154771 -0.250223 0.226648 4
0.069908 -0.265617 0.186390 4
0.093442 -0.255178 0.202178 4
0.121530 -0.260406 0.220883 4
0.135769 -0.246809 0.216822 4
0.097738 -0.260156 0.198193 4
0.072886 -0.266564 0.186932 4
0.129212 -0.250871 0.211647 4
0.127135 -0.252075 0.209660 4
0.131411 -0.248474 0.213655 4
0.130232 -0.247758 0.212347 4
0.190562 -0.254578 0.219795 4
0.188237 -0.251881 0.220887 4
0.184883 -0.251088 0.222449 4
0.181513 -0.248655 0.224251 4
0.174199 -0.252141 0.225655 4
0.172577 -0.252979 0.225496 4
0.171122 -0.251315 0.227040 4
0.170806 -0.248604 0.229390 4
0.180729 -0.251663 0.224054 4
0.166222 -0.249313 0.229646 4
0.177238 -0.254719 0.223019 4
0.166562 -0.249548 0.229090 4
0.192435 -0.251424 0.218719 4
0.190568 -0.250412 0.218734 4
0.089842 -0.253047 0.197134 4
0.102231 -0.258784 0.199425 4
0.092002 -0.252234 0.198634 4
0.104593 -0.252710 0.199246 4
0.096601 -0.254300 0.199198 4
0.107267 -0.258443 0.201175 4
0.100190 -0.254175 0.199340 4
0.092817 -0.253028 0.201622 4
0.197775 -0.250934 0.215328 4
0.127211 -0.262412 0.220362 4
0.070744 -0.264387 0.187568 4
0.103143 -0.252395 0.199145 4
0.096018 -0.253267 0.198891 4
0.243712 -0.253286 0.190233 4
0.168791 -0.249721 0.229513 4
0.189268 -0.250628 0.221493 4
0.192545 -0.248544 0.218800 4
0.176442 -0.252152 0.225311 4
0.183133 -0.250359 0.223662 4
0.179089 -0.251621 0.224855 4
0.238123 -0.259158 0.195988 4
0.240185 -0.264589 0.195931 4
0.233733 -0.256992 0.198959 4
0.078652 -0.255318 0.193818 4
0.231885 -0.261443 0.200826 4
0.129139 -0.262501 0.221430 4
0.137177 -0.264430 0.220752 4
0.133295 -0.263754 0.218242 4
0.100363 -0.262691 0.199439 4
0.128316 -0.263321 0.218757 4
0.099592 -0.256930 0.198752 4
0.139084 -0.263070 0.222763 4
0.139044 -0.262788 0.223080 4
0.242421 -0.260330 0.193067 4
0.094112 -0.261864 0.197092 4
0.237364 -0.254265 0.195893 4
0.229578 -0.259142 0.202196 4
0.234139 -0.259775 0.198858 4
0.248684 -0.256443 0.184114 4
0.248543 -0.256355 0.184283 4
0.252636 -0.258454 0.179133 4
0.252819 -0.257422 0.178555 4
0.242370 -0.263230 0.192836 4
0.240438 -0.264492 0.194275 4
0.242936 -0.261689 0.193094 4
0.094904 -0.260693 0.197363 4
0.133907 -0.254262 0.221786 4
0.127713 -0.256888 0.221418 4
0.135006 -0.253302 0.221605 4
0.137614 -0.256687 0.223531 4
0.140233 -0.255132 0.223245 4
0.193649 -0.251261 0.219831 4
0.193779 -0.251682 0.219907 4
0.125509 -0.259704 0.224163 4
0.126605 -0.257947 0.221781 4
0.143907 -0.260059 0.224462 4
0.141798 -0.257832 0.224546 4
0.116706 -0.257858 0.205205 4
0.114882 -0.257186 0.203635 4
0.111985 -0.256012 0.201864 4
0.118395 -0.255337 0.204114 4
0.122315 -0.252962 0.205751 4
0.110986 -0.254903 0.211302 4
0.109758 -0.256836 0.212093 4
0.082577 -0.255308 0.199202 4
0.084313 -0.258711 0.199343 4
0.086901 -0.258411 0.200049 4
0.084017 -0.257479 0.199708 4
0.085794 -0.257113 0.200222 4
0.145027 -0.252685 0.217406 4
0.071503 -0.266389 0.185787 4
0.182564 -0.254743 0.222555 4
0.247338 -0.252885 0.188176 4
0.241556 -0.256218 0.191507 4
0.243669 -0.259980 0.191642 4
0.248480 -0.256112 0.184249 4
0.246287 -0.256711 0.187035 4
0.239523 -0.253964 0.193452 4
0.112635 -0.255224 0.212520 4
0.114838 -0.255819 0.214160 4
0.164021 -0.250416 0.229118 4
0.166104 -0.251274 0.228373 4
0.166347 -0.253685 0.226495 4
0.174274 -0.250952 0.226375 4
0.166847 -0.254997 0.225789 4
0.174043 -0.256359 0.226071 4
0.176989 -0.256205 0.225819 4
0.203292 -0.256580 0.217269 4
0.121446 -0.251531 0.213055 4
0.124577 -0.251258 0.215564 4
0.193227 -0.253210 0.217472 4
0.130104 -0.262845 0.216347 4
0.244412 -0.262023 0.189116 4
0.104555 -0.253217 0.206961 4
0.104330 -0.255439 0.207964 4
0.119498 -0.251338 0.211448 4
0.120784 -0.254875 0.216652 4
0.118920 -0.256186 0.216898 4
0.063375 -0.265724 0.184683 4
0.091173 -0.256600 0.198079 4
0.090224 -0.261127 0.195264 4
0.085876 -0.263085 0.193061 4
0.086020 -0.261274 0.193456 4
0.160450 -0.247763 0.230621 4
0.167986 -0.250842 0.227921 4
0.159801 -0.252503 0.226017 4
0.080503 -0.259758 0.190886 4
0.160524 -0.249873 0.228379 4
0.168692 -0.253755 0.224927 4
0.139214 -0.243995 0.222844 4
0.146497 -0.248469 0.220320 4
0.152596 -0.253052 0.219805 4
0.147452 -0.254902 0.216538 4
0.138823 -0.249767 0.217668 4
0.142849 -0.250136 0.218506 4
0.156622 -0.252236 0.223743 4
0.156878 -0.250223 0.227065 4
0.137723 -0.244330 0.220482 4
0.157062 -0.248133 0.229796 4
0.148589 -0.249759 0.220581 4
0.151004 -0.248619 0.223827 4
0.157583 -0.253553 0.221305 4
0.159403 -0.253374 0.222126 4
0.076254 -0.259037 0.191306 4
0.079727 -0.259749 0.190428 4
0.080750 -0.257802 0.191553 4
0.079553 -0.264512 0.189729 4
0.088900 -0.258305 0.196293 4
0.078349 -0.258347 0.191291 4
0.087085 -0.252943 0.200908 4
0.232888 -0.250556 0.199616 4
0.242040 -0.252653 0.192069 4
0.094845 -0.256396 0.198532 4
0.081998 -0.254821 0.193903 4
0.072738 -0.261996 0.190214 4
0.076550 -0.256962 0.192821 4
0.073675 -0.263130 0.188726 4
0.160119 -0.253554 0.225732 4
0.156837 -0.251160 0.227906 4
0.152377 -0.250779 0.227736 4
0.199305 -0.248974 0.215927 4
0.200135 -0.254283 0.212972 4
0.233364 -0.253315 0.198619 4
0.238314 -0.252153 0.194565 4
0.202372 -0.252819 0.212881 4
0.152626 -0.253612 0.219431 4
0.212571 -0.254153 0.214689 4
0.204834 -0.254243 0.216815 4
0.221010 -0.261698 0.206009 4
0.225636 -0.260158 0.204392 4
0.223398 -0.253206 0.210926 4
0.220469 -0.253161 0.212251 4
0.221221 -0.255038 0.209682 4
0.220707 -0.257422 0.208747 4
0.217727 -0.255127 0.211511 4
0.232325 -0.253213 0.200677 4
0.225023 -0.254896 0.207697 4
0.223082 -0.259179 0.206139 4
0.230500 -0.257198 0.201570 4
0.228814 -0.257470 0.203274 4
0.227931 -0.252078 0.206685 4
0.208995 -0.257221 0.215012 4
0.214104 -0.253602 0.214227 4
0.226217 -0.253499 0.207902 4
0.190384 -0.248677 0.218123 4
0.191293 -0.250407 0.218136 4
0.054378 -0.268240 0.180633 4
0.222618 -0.271917 0.126613 2
0.241343 -0.259153 0.110710 2
0.244668 -0.259157 0.107972 2
0.249977 -0.255822 0.102164 1
0.249277 -0.256838 0.104967 1
0.240221 -0.260195 0.111702 2
0.239533 -0.263062 0.111020 2
0.231360 -0.265240 0.121074 2
0.225764 -0.271481 0.125262 2
0.234716 -0.263933 0.117205 2
0.224260 -0.272578 0.127444 2
0.222057 -0.275033 0.128913 2
0.225535 -0.269158 0.125607 2
0.238745 -0.265672 0.113619 2
0.233468 -0.267643 0.118993 2
0.226579 -0.268560 0.122919 2
0.255994 -0.256812 0.098170 1
0.254107 -0.255199 0.096000 1
0.249607 -0.255919 0.101494 1
0.228455 -0.266751 0.122991 2
0.243069 -0.260162 0.107118 2
0.256167 -0.254801 0.335705 6
0.251850 -0.252726 0.341798 6
0.254255 -0.251142 0.334796 6
0.256607 -0.253891 0.333531 6
0.251792 -0.253642 0.343781 6
0.268673 -0.256305 0.140336 1
0.269122 -0.255575 0.137941 1
0.269769 -0.251900 0.162707 1
0.267184 -0.255468 0.159212 1
0.276786 -0.255395 0.165239 1
0.276480 -0.255661 0.165361 1
0.279479 -0.254235 0.168796 1
0.281025 -0.253121 0.170957 1
0.281634 -0.251411 0.169055 1
0.279193 -0.252435 0.164047 1
0.270309 -0.254608 0.164862 1
0.272073 -0.253917 0.127467 1
0.271917 -0.255642 0.163386 1
0.266101 -0.256185 0.142014 1
0.267003 -0.256328 0.150198 1
0.264280 -0.254142 0.160394 1
0.267750 -0.258507 0.153418 1
0.272094 -0.257312 0.151873 1
0.274924 -0.253129 0.148021 1
0.274558 -0.254200 0.149620 1
0.270050 -0.251841 0.137889 1
0.271263 -0.251752 0.141797 1
0.274620 -0.253098 0.146833 1
0.269747 -0.250867 0.145556 1
0.270257 -0.250465 0.148955 1
0.273153 -0.251386 0.147303 1
0.266907 -0.252768 0.147878 1
0.268027 -0.251100 0.146761 1
0.272748 -0.250984 0.150914 1
0.271775 -0.250699 0.151117 1
0.276654 -0.250393 0.162605 1
0.276321 -0.251483 0.150659 1
0.271441 -0.255719 0.165611 1
0.273060 -0.257170 0.170921 1
0.263951 -0.249241 0.154149 1
0.271144 -0.255500 0.143483 1
0.273495 -0.252757 0.141919 1
0.272141 -0.253032 0.136852 1
0.270375 -0.254827 0.131454 1
0.279036 -0.250605 0.165212 1
0.272519 -0.256032 0.147585 1
0.272577 -0.254660 0.144240 1
0.267250 -0.251794 0.149513 1
0.264648 -0.252831 0.153171 1
0.261742 -0.249529 0.157106 1
0.270089 -0.254967 0.136094 1
0.274791 -0.256976 0.171021 1
0.276777 -0.256312 0.169319 1
0.272222 -0.257522 0.153623 1
0.272712 -0.256717 0.156714 1
0.272126 -0.256646 0.155115 1
0.280476 -0.250356 0.170698 1
0.280534 -0.250874 0.169082 1
0.268088 -0.254396 0.160999 1
0.275202 -0.250600 0.161328 1
0.272841 -0.250904 0.160072 1
0.274383 -0.249117 0.169327 1
0.277398 -0.248930 0.171269 1
0.273048 -0.249415 0.167559 1
0.276818 -0.250244 0.164916 1
0.275819 -0.252398 0.150160 1
0.272651 -0.250848 0.154189 1
0.269231 -0.250182 0.152189 1
0.262547 -0.249624 0.155817 1
0.273964 -0.256630 0.154552 1
0.270593 -0.250962 0.164949 1
0.269186 -0.250125 0.155410 1
0.267944 -0.252183 0.163280 1
0.240750 -0.264712 0.111158 2
0.224067 -0.275224 0.128186 2
0.241102 -0.262457 0.112339 2
0.238613 -0.262378 0.114492 2
0.237700 -0.265222 0.116469 2
0.241260 -0.266078 0.112518 2
0.231335 -0.266573 0.121810 2
0.236146 -0.266116 0.118479 2
0.231270 -0.268209 0.121138 2
0.234452 -0.263980 0.117667 2
0.234339 -0.264169 0.119281 2
0.245293 -0.261198 0.109394 2
0.231873 -0.270479 0.122368 2
0.245561 -0.261981 0.108990 2
0.230019 -0.271162 0.124751 2
0.222342 -0.274208 0.127506 2
0.262228 -0.258155 0.099367 1
0.260438 -0.257933 0.095089 1
0.266423 -0.255799 0.098881 1
0.262788 -0.257142 0.092868 1
0.272161 -0.258399 0.263367 6
0.275057 -0.255393 0.257323 6
0.264049 -0.250824 0.298488 6
0.271500 -0.247956 0.267189 6
0.270466 -0.247327 0.274446 6
0.270957 -0.252543 0.271106 6
0.273962 -0.253702 0.261544 6
0.272728 -0.251172 0.264241 6
0.271401 -0.253195 0.269981 6
0.268211 -0.248156 0.290618 6
0.261433 -0.250598 0.308381 6
0.261809 -0.250450 0.307699 6
0.272227 -0.244761 0.260845 6
0.271909 -0.245446 0.262703 6
0.274418 -0.243926 0.252649 6
0.267182 -0.254207 0.278642 6
0.261852 -0.250706 0.303551 6
0.261658 -0.251027 0.302394 6
0.274221 -0.244438 0.253498 6
0.274550 -0.247463 0.250244 6
0.269611 -0.251911 0.277863 6
0.269165 -0.248298 0.286694 6
0.269991 -0.250014 0.277382 6
0.270136 -0.248997 0.276790 6
0.274008 -0.254882 0.260441 6
0.271233 -0.254796 0.269042 6
0.271521 -0.255690 0.267294 6
0.265305 -0.248555 0.302560 6
0.266412 -0.248002 0.300061 6
0.257365 -0.250298 0.313248 6
0.278399 -0.255877 0.249365 6
0.260551 -0.251989 0.299438 6
0.259289 -0.252345 0.299250 6
0.276559 -0.252142 0.246334 6
0.275934 -0.251378 0.248397 6
0.261752 -0.252090 0.302585 6
0.257084 -0.251312 0.304797 6
0.258205 -0.250431 0.312542 6
0.255925 -0.250749 0.307850 6
0.260759 -0.251074 0.315697 6
0.267783 -0.254578 0.275882 6
0.265886 -0.257553 0.273376 6
0.270518 -0.244256 0.270599 6
0.276111 -0.246970 0.238440 6
0.275241 -0.247609 0.245187 6
0.269691 -0.245732 0.283215 6
0.262854 -0.252583 0.294352 6
0.269502 -0.246513 0.294968 6
0.268733 -0.246779 0.297883 6
0.264195 -0.251319 0.295564 6
0.264852 -0.251689 0.293250 6
0.274983 -0.250942 0.253130 6
0.273923 -0.249370 0.256884 6
0.274976 -0.252976 0.257549 6
0.268253 -0.247689 0.293185 6
0.271240 -0.244788 0.265245 6
0.270121 -0.243392 0.269405 6
0.266852 -0.252099 0.287373 6
0.267379 -0.251719 0.287046 6
0.268232 -0.251074 0.286624 6
0.270357 -0.247029 0.274612 6
0.275288 -0.256701 0.256664 6
0.276668 -0.250327 0.241805 6
0.276151 -0.249329 0.242668 6
0.277894 -0.254333 0.248447 6
0.279288 -0.254876 0.245254 6
0.260089 -0.251928 0.327923 6
0.260941 -0.250782 0.315819 6
0.257024 -0.252316 0.325608 6
0.254128 -0.252673 0.331461 6
0.254796 -0.253562 0.330261 6
0.260527 -0.252159 0.316176 6
0.256348 -0.253701 0.327980 6
0.254702 -0.254480 0.332429 6
0.256838 -0.251283 0.323096 6
0.259095 -0.252238 0.327220 6
0.259019 -0.252163 0.322245 6
0.261000 -0.250514 0.321012 6
0.263439 -0.251162 0.315023 6
0.258350 -0.253830 0.331646 6
0.260996 -0.252715 0.322400 6
0.265439 -0.250686 0.310446 6
0.260646 -0.251870 0.328170 6
0.269528 -0.244612 0.279458 6
0.263317 -0.251791 0.306190 6
0.270138 -0.245572 0.288239 6
0.269988 -0.245303 0.283666 6
0.263585 -0.255698 0.288909 6
0.268315 -0.248440 0.302355 6
0.263040 -0.251385 0.313419 6
0.261310 -0.252795 0.299068 6
0.259289 -0.252308 0.300502 6
0.264182 -0.252031 0.299513 6
0.266712 -0.251462 0.298375 6
0.266917 -0.251174 0.300848 6
0.261090 -0.253771 0.292335 6
0.265058 -0.258041 0.281988 6
0.263698 -0.252531 0.298391 6
0.269208 -0.253818 0.282283 6
0.270575 -0.252372 0.280494 6
0.269018 -0.256255 0.276179 6
0.270065 -0.250716 0.283691 6
0.271204 -0.252861 0.275895 6
0.270990 -0.247095 0.274892 6
0.269431 -0.251172 0.289034 6
0.268707 -0.250925 0.293597 6
0.267047 -0.254356 0.285979 6
0.267874 -0.255484 0.281956 6
0.265972 -0.253994 0.288771 6
0.270203 -0.247260 0.287467 6
0.269857 -0.249346 0.287580 6
0.261610 -0.252493 0.324680 6
0.269249 -0.251391 0.288496 6
0.270323 -0.248264 0.294277 6
0.269624 -0.250902 0.289127 6
0.262842 -0.249994 0.319417 6
0.262534 -0.249013 0.318315 6
0.265318 -0.247814 0.309480 6
0.256592 -0.254617 0.333710 6
0.250730 -0.253668 0.344229 6
0.260247 -0.255447 0.287092 6
0.262968 -0.257172 0.281524 6
0.251881 -0.256117 0.339213 6
0.257309 -0.251450 0.317084 6
0.259294 -0.252169 0.317219 6
0.256935 -0.250994 0.319417 6
0.270378 -0.247200 0.275313 6
0.263024 -0.255390 0.284973 6
0.266015 -0.247888 0.306993 6
0.259060 -0.251621 0.309880 6
0.258410 -0.251525 0.309837 6
0.271065 -0.252215 0.133857 1
0.267575 -0.252238 0.128925 1
0.267511 -0.252255 0.128948 1
0.270888 -0.251942 0.127746 1
0.264513 -0.254488 0.139571 1
0.265138 -0.254772 0.142958 1
0.266053 -0.257036 0.132482 1
0.258962 -0.254385 0.095449 1
0.260061 -0.253097 0.100021 1
0.264959 -0.252734 0.094763 1
0.264366 -0.252577 0.096324 1
0.261330 -0.253514 0.096924 1
0.264776 -0.252129 0.097605 1
0.259653 -0.253723 0.104095 1
0.267795 -0.253442 0.102974 1
0.266615 -0.254105 0.098088 1
0.266483 -0.254051 0.097426 1
0.266846 -0.251962 0.094766 1
0.267852 -0.251076 0.117832 1
0.270695 -0.250837 0.126156 1
0.258061 -0.256402 0.104548 1
0.263353 -0.252170 0.104488 1
0.268145 -0.251495 0.107986 1
0.266654 -0.251279 0.100212 1
0.268407 -0.256050 0.122686 1
0.269298 -0.255567 0.125275 1
0.263332 -0.253067 0.123803 1
0.262570 -0.253677 0.119956 1
0.262511 -0.257254 0.118897 1
0.261958 -0.257172 0.117068 1
0.265176 -0.255445 0.139621 1
0.263808 -0.254142 0.131890 1
0.259718 -0.255710 0.110761 1
0.265714 -0.257168 0.115752 1
0.262264 -0.258149 0.114778 1
0.264680 -0.257865 0.121054 1
0.262142 -0.254246 0.124741 1
0.262163 -0.255827 0.121015 1
0.266762 -0.256955 0.135020 1
0.266471 -0.257088 0.133297 1
0.269054 -0.253028 0.108003 1
0.260411 -0.253784 0.112706 1
0.258032 -0.254521 0.098918 1
0.261563 -0.252758 0.110570 1
0.260696 -0.252981 0.108075 1
0.266577 -0.251898 0.122301 1
0.265872 -0.252507 0.126974 1
0.263235 -0.252183 0.109549 1
0.264040 -0.252021 0.115230 1
0.262263 -0.252290 0.107331 1
0.269445 -0.250958 0.125999 1
0.269148 -0.249704 0.121727 1
0.260238 -0.252860 0.160789 1
0.259809 -0.251321 0.160190 1
0.235390 -0.259469 0.198221 4
0.247252 -0.253468 0.185695 4
0.263442 -0.259053 0.160940 1
0.208600 -0.258152 0.210612 4
0.212572 -0.261735 0.208297 4
0.259135 -0.259851 0.164910 4
0.259637 -0.258601 0.167738 1
0.262603 -0.259347 0.158969 1
0.262706 -0.258269 0.162668 1
0.238546 -0.261251 0.196844 4
0.233937 -0.263502 0.198039 4
0.212629 -0.260212 0.208606 4
0.205878 -0.254636 0.211762 4
0.209757 -0.250114 0.215196 4
0.215111 -0.248415 0.214772 4
0.212708 -0.251677 0.213751 4
0.216152 -0.259702 0.207209 4
0.209249 -0.257183 0.210891 4
0.239743 -0.256101 0.191076 4
0.239890 -0.255155 0.191504 4
0.234436 -0.255739 0.196995 4
0.254767 -0.260196 0.172134 4
0.251646 -0.259453 0.173617 4
0.216816 -0.259932 0.206592 4
0.256927 -0.259001 0.165901 4
0.203221 -0.259261 0.211586 4
0.230848 -0.262912 0.200985 4
0.218633 -0.252761 0.212005 4
0.221525 -0.254219 0.208952 4
0.237099 -0.255590 0.193772 4
0.209774 -0.252941 0.212938 4
0.215921 -0.256313 0.209337 4
0.253487 -0.260160 0.177337 4
0.255008 -0.258638 0.175256 4
0.260154 -0.255306 0.166607 1
0.258221 -0.252697 0.170892 4
0.259295 -0.252770 0.167234 1
0.229989 -0.255446 0.201043 4
0.222557 -0.253131 0.209720 4
0.222135 -0.261088 0.203149 4
0.212561 -0.249677 0.215251 4
0.224847 -0.249903 0.210068 4
0.220407 -0.256015 0.207040 4
0.259787 -0.251095 0.162915 1
0.224489 -0.255958 0.204849 4
0.234986 -0.258423 0.197221 4
0.248275 -0.253267 0.186728 4
0.241534 -0.253496 0.191028 4
0.246896 -0.258551 0.185875 4
0.258349 -0.254383 0.167454 1
0.247916 -0.252513 0.187620 4
0.229077 -0.256950 0.201772 4
0.251488 -0.254576 0.179621 4
0.226114 -0.259307 0.204030 4
0.252940 -0.256114 0.176784 4
0.255739 -0.254841 0.172239 4
0.248427 -0.253890 0.183683 4
0.259258 -0.252479 0.164054 1
0.252067 -0.253643 0.179757 4
0.259666 -0.255988 0.164133 1
0.257160 -0.257132 0.166438 4
0.260920 -0.257273 0.161575 1
0.215133 -0.257564 0.209174 4
0.257735 -0.253173 0.169273 4
0.261816 -0.250523 0.162085 1
0.251325 -0.258677 0.177763 4
0.252634 -0.258595 0.172328 4
0.241867 -0.252748 0.191479 4
0.230513 -0.263396 0.198770 4
0.235299 -0.262157 0.198946 4
0.236212 -0.260930 0.198605 4
0.220724 -0.261256 0.203384 4
0.215939 -0.262101 0.206774 4
0.250541 -0.255124 0.181524 4
0.253707 -0.254075 0.178528 4
0.259216 -0.253229 0.169486 4
0.261575 -0.256518 0.163982 1
0.225339 -0.257870 0.204322 4
0.222292 -0.260921 0.203274 4
0.223969 -0.250969 0.211332 4
0.264485 -0.255838 0.154278 1
0.254446 -0.258501 0.168497 4
0.242713 -0.259780 0.191795 4
0.219323 -0.249790 0.214752 4
0.245027 -0.260183 0.188563 4
0.223035 -0.250266 0.212595 4
0.250119 -0.257712 0.180995 4
0.263042 -0.258273 0.157555 1
0.243322 -0.261113 0.190557 4
0.224447 -0.249838 0.211166 4
0.265296 -0.255820 0.147584 1
0.298906 -0.239557 0.145201 3
0.297143 -0.239286 0.144256 3
0.295549 -0.239148 0.143435 3
0.287922 -0.243468 0.139722 1
0.295697 -0.238663 0.148601 3
0.294595 -0.244548 0.145956 3
0.288951 -0.245854 0.137738 1
0.283247 -0.249544 0.130378 1
0.288142 -0.247134 0.139622 1
0.284139 -0.245852 0.135660 1
0.277972 -0.248787 0.131471 1
0.291175 -0.242643 0.144234 3
0.278995 -0.246317 0.129989 1
0.304395 -0.238562 0.152601 3
0.291818 -0.244841 0.143535 3
0.274892 -0.248205 0.128398 1
0.293803 -0.248166 0.142051 3
0.295962 -0.246627 0.146083 3
0.292915 -0.240318 0.145731 3
0.283365 -0.245835 0.135456 1
0.300722 -0.236862 0.146818 3
0.294061 -0.242099 0.146520 3
0.301005 -0.243741 0.151420 3
0.301705 -0.242767 0.151631 3
0.290087 -0.242445 0.141330 3
0.274834 -0.249789 0.127625 1
0.301708 -0.235209 0.149217 3
0.278782 -0.247898 0.129118 1
0.286075 -0.245819 0.137854 1
0.302571 -0.234703 0.148683 3
0.293092 -0.245857 0.200645 5
0.295886 -0.246771 0.202992 5
0.294025 -0.246231 0.201382 5
0.291566 -0.246203 0.199216 5
0.291124 -0.246925 0.198528 5
0.337446 -0.247314 0.233197 5
0.388504 -0.244531 0.242808 5
0.390942 -0.244630 0.242851 5
0.279115 -0.243375 0.196198 1
0.279466 -0.245086 0.200068 6
0.277045 -0.246021 0.199452 6
0.285233 -0.247090 0.201982 6
0.381802 -0.240703 0.250499 5
0.382559 -0.241796 0.250982 5
0.405723 -0.253128 0.252339 5
0.341975 -0.237831 0.248955 5
0.404202 -0.252617 0.256276 5
0.283694 -0.245971 0.203565 6
0.327097 -0.235084 0.224726 5
0.339186 -0.252131 0.230535 5
0.348889 -0.252232 0.232537 5
0.401520 -0.254242 0.255507 5
0.400938 -0.252037 0.248719 5
0.391223 -0.235666 0.240970 5
0.395385 -0.237737 0.241185 5
0.384947 -0.235901 0.241379 5
0.392714 -0.238355 0.241471 5
0.400469 -0.239869 0.241360 5
0.378353 -0.255401 0.251441 5
0.388016 -0.241400 0.242067 5
0.384450 -0.243053 0.242398 5
0.391075 -0.240963 0.241919 5
0.396025 -0.242074 0.241931 5
0.389275 -0.239118 0.241715 5
0.368788 -0.241010 0.248329 5
0.364284 -0.241711 0.246706 5
0.412543 -0.253224 0.253804 5
0.388919 -0.256522 0.255676 5
0.303429 -0.242150 0.205983 5
0.384562 -0.254984 0.255408 5
0.360659 -0.251966 0.237128 5
0.310457 -0.242638 0.210492 5
0.313745 -0.245463 0.211851 5
0.348032 -0.243569 0.241375 5
0.410209 -0.252893 0.250968 5
0.377731 -0.254758 0.251297 5
0.378070 -0.253941 0.251861 5
0.396286 -0.255054 0.256066 5
0.392627 -0.247532 0.244165 5
0.389472 -0.248032 0.244251 5
0.382958 -0.232541 0.249521 5
0.386002 -0.233323 0.249708 5
0.385339 -0.234236 0.249717 5
0.460241 -0.239710 0.235368 5
0.374218 -0.236956 0.249032 5
0.371988 -0.235155 0.248808 5
0.376485 -0.232767 0.249199 5
0.372563 -0.233968 0.248848 5
0.372688 -0.240538 0.249011 5
0.372392 -0.238805 0.248908 5
0.321575 -0.247437 0.216646 5
0.301296 -0.232623 0.209158 5
0.319734 -0.236304 0.214588 5
0.372488 -0.254881 0.245588 5
0.398899 -0.241885 0.248263 5
0.391746 -0.242810 0.249968 5
0.395902 -0.242693 0.249423 5
0.394017 -0.245306 0.252395 5
0.382745 -0.240776 0.241893 5
0.373974 -0.242234 0.240422 5
0.377930 -0.241122 0.241023 5
0.375642 -0.244003 0.241135 5
0.376107 -0.244296 0.241343 5
0.361950 -0.249106 0.239222 5
0.371700 -0.252225 0.242903 5
0.282823 -0.241907 0.197489 5
0.366125 -0.254409 0.241006 5
0.283315 -0.242940 0.197781 5
0.392591 -0.248201 0.244751 5
0.287499 -0.241471 0.200633 5
0.385611 -0.255098 0.250396 5
0.288110 -0.244184 0.199538 5
0.399481 -0.252490 0.252133 5
0.385014 -0.253524 0.248212 5
0.421639 -0.244007 0.235072 5
0.417026 -0.243486 0.236305 5
0.367947 -0.253919 0.241747 5
0.379864 -0.247289 0.243289 5
0.377831 -0.247412 0.242990 5
0.376948 -0.246451 0.242424 5
0.387505 -0.248909 0.244624 5
0.403019 -0.251232 0.246087 5
0.385993 -0.250242 0.245734 5
0.389280 -0.251303 0.247649 5
0.395093 -0.253352 0.253270 5
0.402141 -0.251140 0.245920 5
0.402750 -0.231716 0.239324 5
0.394716 -0.252389 0.251909 5
0.294136 -0.234657 0.209855 5
0.291896 -0.236751 0.206619 5
0.292171 -0.241490 0.202927 5
0.297283 -0.244297 0.205817 5
0.296930 -0.243723 0.205722 5
0.298823 -0.234569 0.210413 5
0.299288 -0.236228 0.209448 5
0.401343 -0.252017 0.248273 5
0.309565 -0.246859 0.209763 5
0.308051 -0.245308 0.209178 5
0.392020 -0.252415 0.251090 5
0.350275 -0.252098 0.231337 5
0.402829 -0.249932 0.243933 5
0.400082 -0.249125 0.243938 5
0.281149 -0.241032 0.193442 1
0.342354 -0.246428 0.236698 5
0.345208 -0.245589 0.238249 5
0.281163 -0.246335 0.184051 1
0.346551 -0.247976 0.238453 5
0.376908 -0.249750 0.243702 5
0.324424 -0.247666 0.218304 5
0.375669 -0.255122 0.247287 5
0.316545 -0.241195 0.214038 5
0.315409 -0.235510 0.212185 5
0.370808 -0.250792 0.242104 5
0.338173 -0.236605 0.243662 5
0.327788 -0.234795 0.227852 5
0.391450 -0.227275 0.243041 5
0.397105 -0.227149 0.244510 5
0.287614 -0.242148 0.197735 5
0.375382 -0.253590 0.244873 5
0.343139 -0.239040 0.247249 5
0.342809 -0.238707 0.247369 5
0.365126 -0.247526 0.240064 5
0.349352 -0.251579 0.235000 5
0.365330 -0.245024 0.246519 5
0.362958 -0.245139 0.245629 5
0.372490 -0.246466 0.249351 5
0.336818 -0.247940 0.231260 5
0.392650 -0.224293 0.246566 5
0.347159 -0.249567 0.237990 5
0.320404 -0.240671 0.229984 5
0.316994 -0.241455 0.225702 5
0.317252 -0.240788 0.225006 5
0.317031 -0.239644 0.222722 5
0.311061 -0.243053 0.218643 5
0.431093 -0.245567 0.231199 5
0.428198 -0.247417 0.233021 5
0.287733 -0.239263 0.200624 5
0.436508 -0.248698 0.229839 5
0.433690 -0.248341 0.230659 5
0.372736 -0.227988 0.247962 5
0.372885 -0.228618 0.248258 5
0.377110 -0.225716 0.246789 5
0.378720 -0.227516 0.247794 5
0.384970 -0.227842 0.248200 5
0.381786 -0.231071 0.249394 5
0.386946 -0.225986 0.247120 5
0.383261 -0.226538 0.244928 5
0.385701 -0.225706 0.244454 5
0.388179 -0.228427 0.248763 5
0.301606 -0.236890 0.209489 5
0.326880 -0.234145 0.227805 5
0.422133 -0.254836 0.247451 5
0.424672 -0.255345 0.240230 5
0.334833 -0.240105 0.237559 5
0.410075 -0.252666 0.249500 5
0.416081 -0.238989 0.235024 5
0.298948 -0.243492 0.203244 5
0.296806 -0.245572 0.202369 5
0.292075 -0.236352 0.206408 5
0.274631 -0.246687 0.177242 1
0.277373 -0.247424 0.177482 1
0.277632 -0.245053 0.183159 1
0.279247 -0.242543 0.189534 1
0.320935 -0.236303 0.226172 5
0.319287 -0.237352 0.223706 5
0.321220 -0.237631 0.228318 5
0.335410 -0.233584 0.244227 5
0.359024 -0.249505 0.239181 5
0.275450 -0.250868 0.204931 6
0.275238 -0.250763 0.202045 6
0.427352 -0.253858 0.237786 5
0.409446 -0.252795 0.245987 5
0.422588 -0.256649 0.244506 5
0.422734 -0.254899 0.240452 5
0.296135 -0.233273 0.210655 5
0.283199 -0.245480 0.204267 6
0.296159 -0.233120 0.209264 5
0.282283 -0.244527 0.189996 1
0.304424 -0.247344 0.207439 5
0.303911 -0.247795 0.207185 5
0.368796 -0.240736 0.240294 5
0.289111 -0.241487 0.198770 5
0.332224 -0.236239 0.237995 5
0.294237 -0.236012 0.204247 5
0.296395 -0.237614 0.203490 5
0.298273 -0.236685 0.204292 5
0.388708 -0.242494 0.250211 5
0.382745 -0.241174 0.250754 5
0.388144 -0.240320 0.249321 5
0.275815 -0.248609 0.200397 6
0.364517 -0.250053 0.240105 5
0.429831 -0.253833 0.240052 5
0.324565 -0.234964 0.230229 5
0.281390 -0.242652 0.191917 1
0.283438 -0.242052 0.194838 5
0.326501 -0.235250 0.236260 5
0.446952 -0.235874 0.235063 5
0.290888 -0.237308 0.201744 5
0.436533 -0.242440 0.240240 5
0.435963 -0.239076 0.239147 5
0.281390 -0.245592 0.186229 1
0.436084 -0.237137 0.234014 5
0.454718 -0.238516 0.237026 5
0.441469 -0.236883 0.236791 5
0.442925 -0.238000 0.237015 5
0.426328 -0.238759 0.241165 5
0.427127 -0.238847 0.241164 5
0.414227 -0.236732 0.241257 5
0.411516 -0.234065 0.237649 5
0.354692 -0.250789 0.236659 5
0.410935 -0.233996 0.239417 5
0.343905 -0.241225 0.244103 5
0.406148 -0.233443 0.241698 5
0.304540 -0.231840 0.210564 5
0.333500 -0.241300 0.235127 5
0.334231 -0.241383 0.236046 5
0.323509 -0.236532 0.232133 5
0.325779 -0.235666 0.236108 5
0.443923 -0.236166 0.235397 5
0.405984 -0.231983 0.241067 5
0.403307 -0.229367 0.242948 5
0.440277 -0.240832 0.238688 5
0.438395 -0.239825 0.238625 5
0.423322 -0.237406 0.238774 5
0.393775 -0.226400 0.249010 5
0.406675 -0.230836 0.239859 5
0.332260 -0.241130 0.233530 5
0.431594 -0.237416 0.235649 5
0.312400 -0.235247 0.211402 5
0.312902 -0.233798 0.213077 5
0.428565 -0.238028 0.238944 5
0.335580 -0.250813 0.227669 5
0.353449 -0.251719 0.231245 5
0.331384 -0.233426 0.239021 5
0.298653 -0.235254 0.205290 5
0.404782 -0.246890 0.242760 5
0.401315 -0.246668 0.243085 5
0.397162 -0.246696 0.243536 5
0.402447 -0.244241 0.242306 5
0.404575 -0.243276 0.241303 5
0.301122 -0.248666 0.204308 5
0.301876 -0.249227 0.204943 5
0.308220 -0.239317 0.213377 5
0.412057 -0.247537 0.240612 5
0.331971 -0.237408 0.235008 5
0.338352 -0.238742 0.241446 5
0.412112 -0.248969 0.241085 5
0.412971 -0.241979 0.237280 5
0.413503 -0.239576 0.235990 5
0.407623 -0.242430 0.239708 5
0.406852 -0.243219 0.240361 5
0.406222 -0.237502 0.238607 5
0.401653 -0.238350 0.240960 5
0.413251 -0.238667 0.235752 5
0.461183 -0.242210 0.236118 5
0.451150 -0.237786 0.230530 5
0.451736 -0.238538 0.229381 5
0.455352 -0.239250 0.229670 5
0.399548 -0.253102 0.253312 5
0.460949 -0.242031 0.224404 5
0.458593 -0.238885 0.232189 5
0.437047 -0.239953 0.228763 5
0.440878 -0.240385 0.227677 5
0.337803 -0.257421 0.224854 5
0.328946 -0.255996 0.221124 5
0.329066 -0.254553 0.221632 5
0.336691 -0.255423 0.225929 5
0.447199 -0.236449 0.232726 5
0.294404 -0.244891 0.200713 5
0.292999 -0.241013 0.200847 5
0.330153 -0.234445 0.233765 5
0.339341 -0.237124 0.244456 5
0.309691 -0.251200 0.210172 5
0.311999 -0.252651 0.211505 5
0.350090 -0.244906 0.240328 5
0.440738 -0.237924 0.229952 5
0.332874 -0.234228 0.249655 5
0.332177 -0.233646 0.246302 5
0.311677 -0.241360 0.211423 5
0.445837 -0.238039 0.229130 5
0.445779 -0.236526 0.232148 5
0.337217 -0.244835 0.236393 5
0.453342 -0.237195 0.236958 5
0.280334 -0.245181 0.203986 6
0.398120 -0.227570 0.243791 5
0.398574 -0.228460 0.241949 5
0.399175 -0.233759 0.240400 5
0.399833 -0.234260 0.240193 5
0.397996 -0.232291 0.240933 5
0.390664 -0.229093 0.242499 5
0.383782 -0.230546 0.242443 5
0.383617 -0.233025 0.241944 5
0.353963 -0.247244 0.239979 5
0.357212 -0.243053 0.241957 5
0.360186 -0.241585 0.242918 5
0.387745 -0.252099 0.257183 5
0.387736 -0.251258 0.256478 5
0.381734 -0.227254 0.243415 5
0.375453 -0.230493 0.244017 5
0.383132 -0.230456 0.242529 5
0.381415 -0.248819 0.252560 5
0.377014 -0.249261 0.251132 5
0.378468 -0.249707 0.251895 5
0.378726 -0.227185 0.244193 5
0.379519 -0.227802 0.243799 5
0.373882 -0.248391 0.249961 5
0.380408 -0.245496 0.251200 5
0.374193 -0.245781 0.249766 5
0.378599 -0.248600 0.251484 5
0.379958 -0.247898 0.251751 5
0.371147 -0.228860 0.246114 5
0.372238 -0.230633 0.244776 5
0.362517 -0.242634 0.241086 5
0.367716 -0.234718 0.245607 5
0.368868 -0.234010 0.245144 5
0.460212 -0.238578 0.233824 5
0.357790 -0.244634 0.240447 5
0.356610 -0.245790 0.240153 5
0.371942 -0.235824 0.242094 5
0.371914 -0.236951 0.241382 5
0.371272 -0.233028 0.243909 5
0.407848 -0.250101 0.258410 5
0.403765 -0.250337 0.259177 5
0.402776 -0.251821 0.257701 5
0.390173 -0.254083 0.258458 5
0.395290 -0.251417 0.259790 5
0.392871 -0.254352 0.258451 5
0.404843 -0.253516 0.253750 5
0.417941 -0.253478 0.250931 5
0.420404 -0.255302 0.245410 5
0.338042 -0.254147 0.227851 5
0.324373 -0.251293 0.218323 5
0.449441 -0.238477 0.236878 5
0.449204 -0.237821 0.236609 5
0.327479 -0.253379 0.220551 5
0.339214 -0.236992 0.250555 5
0.333636 -0.233926 0.249481 5
0.343149 -0.240987 0.243701 5
0.326808 -0.237571 0.239380 5
0.326023 -0.238453 0.238441 5
0.428812 -0.250366 0.233442 5
0.429954 -0.250820 0.233683 5
0.463446 -0.242703 0.226534 5
0.348417 -0.252788 0.228591 5
0.345687 -0.240373 0.246136 5
0.320123 -0.236525 0.224590 5
0.322119 -0.235705 0.227099 5
0.310958 -0.238756 0.211230 5
0.461223 -0.239752 0.231612 5
0.304409 -0.235581 0.207158 5
0.329370 -0.237226 0.242691 5
0.470034 -0.243105 0.228240 5
0.471160 -0.243292 0.228859 5
0.302833 -0.245125 0.210668 5
0.301511 -0.242860 0.209271 5
0.334014 -0.237968 0.249791 5
0.326633 -0.240930 0.222595 5
0.354509 -0.251309 0.232802 5
0.299500 -0.239658 0.203746 5
0.428251 -0.241843 0.232288 5
0.427950 -0.238496 0.232333 5
0.331554 -0.233840 0.237391 5
0.325207 -0.244765 0.219111 5
0.425739 -0.246984 0.233974 5
0.425458 -0.247764 0.234192 5
0.426687 -0.244546 0.233266 5
0.381143 -0.256583 0.249392 5
0.464346 -0.242366 0.227183 5
0.465395 -0.241240 0.230127 5
0.294675 -0.246493 0.199508 5
0.474522 -0.245425 0.224833 5
0.462395 -0.242788 0.223280 5
0.465953 -0.242457 0.233315 5
0.472110 -0.244071 0.229626 5
0.336746 -0.246845 0.232946 5
0.358275 -0.240090 0.247078 5
0.300854 -0.233099 0.207326 5
0.321894 -0.235644 0.219951 5
0.468781 -0.245061 0.232522 5
0.316151 -0.252726 0.213734 5
0.318442 -0.253086 0.215037 5
0.376485 -0.256324 0.249096 5
0.311553 -0.239947 0.216456 5
0.311261 -0.241907 0.217383 5
0.311359 -0.240925 0.216880 5
0.309539 -0.232260 0.214008 5
0.396736 -0.249283 0.259204 5
0.321048 -0.236217 0.215799 5
0.323764 -0.236775 0.218533 5
0.287593 -0.247952 0.189334 1
0.315174 -0.234578 0.215196 5
0.318103 -0.234896 0.213814 5
0.292429 -0.246180 0.197413 5
0.286505 -0.245641 0.192107 1
0.425733 -0.251117 0.235446 5
0.424656 -0.253710 0.237872 5
0.418147 -0.251144 0.239404 5
0.335055 -0.249131 0.227612 5
0.375234 -0.239135 0.240720 5
0.378826 -0.237142 0.241061 5
0.298562 -0.240662 0.208069 5
0.296947 -0.239266 0.207631 5
0.297708 -0.245928 0.202834 5
0.302565 -0.239102 0.209972 5
0.314519 -0.236809 0.217538 5
0.308665 -0.237240 0.212875 5
0.301808 -0.239019 0.209639 5
0.403854 -0.246252 0.255604 5
0.395782 -0.246335 0.254237 5
0.397396 -0.245215 0.252850 5
0.396993 -0.245718 0.253532 5
0.319290 -0.236676 0.219637 5
0.322220 -0.234813 0.217605 5
0.315932 -0.252026 0.213548 5
0.328900 -0.245829 0.223049 5
0.308690 -0.233484 0.213461 5
0.306257 -0.234533 0.212298 5
0.423365 -0.248850 0.235409 5
0.417394 -0.247233 0.237775 5
0.435453 -0.244612 0.228822 5
0.435533 -0.242057 0.228887 5
0.325578 -0.234171 0.222255 5
0.406111 -0.230620 0.237859 5
0.327356 -0.239736 0.224303 5
0.400831 -0.227525 0.244592 5
0.415752 -0.252869 0.244754 5
0.415319 -0.252552 0.244339 5
0.295895 -0.242652 0.201808 5
0.296971 -0.240571 0.202651 5
0.421496 -0.253583 0.239556 5
0.418475 -0.251621 0.239708 5
0.324948 -0.238428 0.220030 5
0.332988 -0.250860 0.225204 5
0.369435 -0.236382 0.242470 5
0.335642 -0.236481 0.240904 5
0.276903 -0.251454 0.211633 6
0.275892 -0.250867 0.208993 6
0.280418 -0.254533 0.209149 6
0.279111 -0.253879 0.204556 6
0.335696 -0.245055 0.235084 5
0.343793 -0.254012 0.228385 5
0.302748 -0.236163 0.205993 5
0.331094 -0.250112 0.223747 5
0.327788 -0.248127 0.220666 5
0.363962 -0.241941 0.240904 5
0.330794 -0.239500 0.231485 5
0.424754 -0.237075 0.236932 5
0.434486 -0.238541 0.230958 5
0.416379 -0.237844 0.235685 5
0.421158 -0.237643 0.234583 5
0.412124 -0.235000 0.236682 5
0.433003 -0.238430 0.231690 5
0.430482 -0.237413 0.235467 5
0.344390 -0.236938 0.253628 5
0.392951 -0.255269 0.254651 5
0.329472 -0.251924 0.221831 5
0.330267 -0.252430 0.222409 5
0.332110 -0.245069 0.228265 5
0.353721 -0.241725 0.244549 5
0.357264 -0.240479 0.246489 5
0.341224 -0.249184 0.233955 5
0.307109 -0.241183 0.208334 5
0.303436 -0.240258 0.205546 5
0.361386 -0.245410 0.239511 5
0.411426 -0.237746 0.236287 5
0.409882 -0.236606 0.236571 5
0.317447 -0.248681 0.213971 5
0.329527 -0.240901 0.227951 5
0.395490 -0.237214 0.248360 5
0.391149 -0.238509 0.248645 5
0.384487 -0.238142 0.249393 5
0.384734 -0.237012 0.249516 5
0.395912 -0.239011 0.248078 5
0.344821 -0.252575 0.231159 5
0.394059 -0.228152 0.242473 5
0.320695 -0.240760 0.216865 5
0.366816 -0.244764 0.239902 5
0.366926 -0.244910 0.239920 5
0.398246 -0.247467 0.256558 5
0.399317 -0.249175 0.259879 5
0.351737 -0.242886 0.242697 5
0.349906 -0.239527 0.246157 5
0.336480 -0.222215 0.168041 3
0.342972 -0.217050 0.164436 3
0.318267 -0.231295 0.160296 3
0.318700 -0.229957 0.160983 3
0.326935 -0.227529 0.162966 3
0.331732 -0.230826 0.160710 3
0.334506 -0.230665 0.161794 3
0.338640 -0.229868 0.164398 3
0.322892 -0.230705 0.161221 3
0.327376 -0.228079 0.162847 3
0.328326 -0.230867 0.161734 3
0.328889 -0.231921 0.160400 3
0.339674 -0.229149 0.165965 3
0.330277 -0.230044 0.161830 3
0.331698 -0.226790 0.163614 3
0.318836 -0.234679 0.159931 3
0.311852 -0.236714 0.156427 3
0.350584 -0.221100 0.164148 3
0.350316 -0.222027 0.164703 3
0.318559 -0.228935 0.161202 3
0.364916 -0.216918 0.162617 3
0.354388 -0.221806 0.165295 3
0.365650 -0.216302 0.164004 3
0.358626 -0.214615 0.163651 3
0.354290 -0.217622 0.161919 3
0.356018 -0.214654 0.161463 3
0.344737 -0.219360 0.165449 3
0.350465 -0.216572 0.163630 3
0.341470 -0.221353 0.166220 3
0.360477 -0.219369 0.165616 3
0.339681 -0.222412 0.166188 3
0.344820 -0.216329 0.164339 3
0.343005 -0.221605 0.165745 3
0.347812 -0.224190 0.165474 3
0.358126 -0.218549 0.163765 3
0.339730 -0.225401 0.162286 3
0.339228 -0.225491 0.162687 3
0.339492 -0.222896 0.165500 3
0.319847 -0.229578 0.161076 3
0.341813 -0.225486 0.163866 3
0.340844 -0.220632 0.167264 3
0.362383 -0.214744 0.165155 3
0.332108 -0.224941 0.164967 3
0.346891 -0.222500 0.168857 3
0.360736 -0.217170 0.169519 3
0.359331 -0.217457 0.169490 3
0.354372 -0.218556 0.168413 3
0.352255 -0.215579 0.165567 3
0.365291 -0.215446 0.169798 3
0.347951 -0.220934 0.168583 3
0.351441 -0.217250 0.166444 3
0.320455 -0.236916 0.159910 3
0.321164 -0.236998 0.157545 3
0.350523 -0.223022 0.169529 3
0.329106 -0.226557 0.163871 3
0.347020 -0.223791 0.169423 3
0.364450 -0.214946 0.165161 3
0.334065 -0.226247 0.165476 3
0.337630 -0.222717 0.167565 3
0.353491 -0.222365 0.167025 3
0.356942 -0.222048 0.170086 3
0.361627 -0.218592 0.166310 3
0.346887 -0.222278 0.168742 3
0.361345 -0.218679 0.167424 3
0.364055 -0.217088 0.165703 3
0.336251 -0.227416 0.165803 3
0.326691 -0.234646 0.159821 3
0.362913 -0.217364 0.168070 3
0.358409 -0.218694 0.170521 3
0.322559 -0.232421 0.161740 3
0.355180 -0.220693 0.170714 3
0.355485 -0.221765 0.166946 3
0.323244 -0.235690 0.161961 3
0.325515 -0.229165 0.162474 3
0.328420 -0.229824 0.163428 3
0.323051 -0.235795 0.160721 3
0.336804 -0.230475 0.167050 3
0.333486 -0.232140 0.165811 3
0.330761 -0.231436 0.166402 3
0.334795 -0.229570 0.165845 3
0.334937 -0.229032 0.165732 3
0.286698 -0.257010 0.227625 6
0.283834 -0.254542 0.231301 6
0.282052 -0.253254 0.231020 6
0.282042 -0.254681 0.236916 6
0.288606 -0.256661 0.224212 6
0.282646 -0.254986 0.208413 6
0.284914 -0.254743 0.213659 6
0.289282 -0.254744 0.220655 6
0.277488 -0.251862 0.217340 6
0.278972 -0.253187 0.213083 6
0.280149 -0.254629 0.222646 6
0.287103 -0.252605 0.212954 6
0.286324 -0.254836 0.219119 6
0.283942 -0.255686 0.217018 6
0.281473 -0.255478 0.232071 6
0.281616 -0.255320 0.235853 6
0.284690 -0.257396 0.235948 6
0.281603 -0.255486 0.213849 6
0.281576 -0.255235 0.222914 6
0.280055 -0.254950 0.242459 6
0.283505 -0.256986 0.239327 6
0.277399 -0.250328 0.235533 6
0.279780 -0.253544 0.233761 6
0.285590 -0.258369 0.232480 6
0.283371 -0.256736 0.237687 6
0.278092 -0.252285 0.239693 6
0.278425 -0.252495 0.238779 6
0.282486 -0.255792 0.230735 6
0.281621 -0.255551 0.230699 6
0.288989 -0.257440 0.224113 6
0.286138 -0.257206 0.226777 6
0.277413 -0.250188 0.226641 6
0.277469 -0.249237 0.230531 6
0.278506 -0.252413 0.224831 6
0.279145 -0.253465 0.223479 6
0.276020 -0.241760 0.251179 6
0.279389 -0.245469 0.234406 6
0.278571 -0.248640 0.236788 6
0.276251 -0.239361 0.252970 6
0.270019 -0.257675 0.268152 6
0.285871 -0.251747 0.206816 6
0.280061 -0.244493 0.232214 6
0.281614 -0.246897 0.227714 6
0.280141 -0.245103 0.232097 6
0.275812 -0.243559 0.244602 6
0.278152 -0.241782 0.237746 6
0.276357 -0.245188 0.238540 6
0.288153 -0.247535 0.216424 6
0.282856 -0.244291 0.211279 6
0.281715 -0.245191 0.206496 6
0.282971 -0.243069 0.216473 6
0.288742 -0.247322 0.223113 6
0.286192 -0.241397 0.225244 6
0.286272 -0.241239 0.225748 6
0.288802 -0.251279 0.214218 6
0.288880 -0.245182 0.226791 6
0.270056 -0.255380 0.274785 6
0.270976 -0.255515 0.272463 6
0.277692 -0.243692 0.240981 6
0.278541 -0.242258 0.240494 6
0.271523 -0.247345 0.272715 6
0.273527 -0.250074 0.264416 6
0.273820 -0.249917 0.262582 6
0.272837 -0.260325 0.261245 6
0.271120 -0.258766 0.265639 6
0.289122 -0.252209 0.221553 6
0.288574 -0.246255 0.222920 6
0.277916 -0.244877 0.226799 6
0.278001 -0.244407 0.232191 6
0.278053 -0.244378 0.230691 6
0.273900 -0.254257 0.262925 6
0.273931 -0.256249 0.262661 6
0.275661 -0.245249 0.251036 6
0.273467 -0.243835 0.258369 6
0.283102 -0.244039 0.231506 6
0.271066 -0.243013 0.265116 6
0.271907 -0.243268 0.262675 6
0.285842 -0.242811 0.231552 6
0.282620 -0.239669 0.240770 6
0.273415 -0.250710 0.265712 6
0.271562 -0.252892 0.273571 6
0.271241 -0.249844 0.274312 6
0.283463 -0.245850 0.227470 6
0.272105 -0.241095 0.259470 6
0.281451 -0.240564 0.239240 6
0.269155 -0.261153 0.270337 6
0.271471 -0.259673 0.266449 6
0.276364 -0.254231 0.256537 6
0.275709 -0.257213 0.258764 6
0.274825 -0.250687 0.257117 6
0.274527 -0.247781 0.255459 6
0.274175 -0.246767 0.256520 6
0.285232 -0.251001 0.224838 6
0.283171 -0.248947 0.225928 6
0.282616 -0.253100 0.229737 6
0.283454 -0.253144 0.228285 6
0.283864 -0.241129 0.223712 6
0.284363 -0.240444 0.227661 6
0.277918 -0.261633 0.257591 6
0.273362 -0.258550 0.263623 6
0.276956 -0.261059 0.258510 6
0.275034 -0.262048 0.261752 6
0.271744 -0.260906 0.265533 6
0.281542 -0.256549 0.244435 6
0.281670 -0.256539 0.244098 6
0.279328 -0.259622 0.254222 6
0.280596 -0.259950 0.252771 6
0.266902 -0.258394 0.272334 6
0.278324 -0.244976 0.216620 6
0.279763 -0.244068 0.216848 6
0.280262 -0.259722 0.251779 6
0.280745 -0.254187 0.239962 6
0.280203 -0.253550 0.239449 6
0.276512 -0.247673 0.243850 6
0.284369 -0.240530 0.237313 6
0.283375 -0.240854 0.236975 6
0.281648 -0.256492 0.241850 6
0.278492 -0.253924 0.246234 6
0.278429 -0.252877 0.244307 6
0.276170 -0.244510 0.248395 6
0.276327 -0.244278 0.246321 6
0.275958 -0.252549 0.255442 6
0.275845 -0.252902 0.256625 6
0.279639 -0.254653 0.244884 6
0.279226 -0.255611 0.248191 6
0.280982 -0.257734 0.245746 6
0.276806 -0.249061 0.217210 6
0.277612 -0.246356 0.218112 6
0.277089 -0.247698 0.220515 6
0.275331 -0.239507 0.253987 6
0.274521 -0.242625 0.250808 6
0.275296 -0.240562 0.250142 6
0.279494 -0.242324 0.226877 6
0.278726 -0.243850 0.221329 6
0.289873 -0.250127 0.217878 6
0.288333 -0.248668 0.220398 6
0.276989 -0.243140 0.245102 6
0.285381 -0.242334 0.222088 6
0.277432 -0.239961 0.250437 6
0.282752 -0.240510 0.231148 6
0.281786 -0.240601 0.233066 6
0.279632 -0.245231 0.207309 6
0.278455 -0.245939 0.207346 6
0.285248 -0.253024 0.208824 6
0.287171 -0.247065 0.211405 6
0.287388 -0.246303 0.215511 6
0.272701 -0.256996 0.265198 6
0.272226 -0.253197 0.270786 6
0.277878 -0.238837 0.245054 6
0.278542 -0.238897 0.244504 6
0.278882 -0.240310 0.237379 6
0.277937 -0.238667 0.247415 6
0.267581 -0.259203 0.269916 6
0.277063 -0.247700 0.213025 6
0.276895 -0.246939 0.207670 6
0.286096 -0.249894 0.206931 6
0.279597 -0.251433 0.235117 6
0.277391 -0.248175 0.240517 6
0.277925 -0.240257 0.240570 6
0.276575 -0.238842 0.247897 6
0.294800 -0.244570 0.141100 3
0.298399 -0.242064 0.144011 3
0.300770 -0.244488 0.151367 3
0.306357 -0.240286 0.150464 3
0.316932 -0.238894 0.156053 3
0.256518 -0.257910 0.096669 1
0.280116 -0.251105 0.131145 1
0.276346 -0.252292 0.126478 1
0.274695 -0.252547 0.126397 1
0.272161 -0.252241 0.117293 1
0.275022 -0.252019 0.120604 1
0.286033 -0.251174 0.135609 1
0.284771 -0.249982 0.135441 1
0.279510 -0.250146 0.127829 1
0.275692 -0.250959 0.122158 1
0.305484 -0.234403 0.154143 3
0.305431 -0.235833 0.150132 3
0.305635 -0.237849 0.150090 3
0.282983 -0.251703 0.130629 1
0.286365 -0.251365 0.135333 1
0.287975 -0.248338 0.135761 1
0.310384 -0.238871 0.153282 3
0.264954 -0.257447 0.107590 1
0.261259 -0.257990 0.108115 1
0.258059 -0.258146 0.104086 1
0.293720 -0.246308 0.140638 3
0.295022 -0.245670 0.141242 3
0.259705 -0.258081 0.100240 1
0.250324 -0.257587 0.096582 1
0.303419 -0.243717 0.147350 3
0.292453 -0.248732 0.139622 3
0.288490 -0.250908 0.136782 1
0.292869 -0.246117 0.140176 3
0.259479 -0.258239 0.105623 1
0.252244 -0.258103 0.095028 1
0.274168 -0.248528 0.123617 1
0.250238 -0.258401 0.100744 1
0.297494 -0.248542 0.143986 3
0.311654 -0.234767 0.154899 3
0.277578 -0.247490 0.127714 1
0.311885 -0.235617 0.154925 3
0.272073 -0.253884 0.126575 1
0.315127 -0.238278 0.157297 3
0.268824 -0.256017 0.117885 1
0.296512 -0.249242 0.142347 3
0.287677 -0.250872 0.136771 1
0.310171 -0.233663 0.156709 3
0.309480 -0.236620 0.155574 3
0.311067 -0.240950 0.154404 3
0.268216 -0.255569 0.110715 1
0.307295 -0.237293 0.154262 3
0.303824 -0.241468 0.147990 3
0.275050 -0.253379 0.122929 1
0.308311 -0.239957 0.151550 3
0.265875 -0.257037 0.105456 1
0.267665 -0.256177 0.110277 1
0.310615 -0.242062 0.153513 3
0.319048 -0.234251 0.158805 3
0.320324 -0.236133 0.157730 3
0.272268 -0.253638 0.115356 1
0.269562 -0.254163 0.111541 1
0.300519 -0.245078 0.150465 3
0.305246 -0.243902 0.150514 3
0.302033 -0.243975 0.145118 3
0.271715 -0.249104 0.121745 1
0.274919 -0.253708 0.121567 1
0.279453 -0.251866 0.125306 1
0.324501 -0.233138 0.160451 3
0.307049 -0.234099 0.151904 3
0.310595 -0.231787 0.157378 3
0.317640 -0.230884 0.159929 3
0.457854 -0.248430 0.224206 5
0.450493 -0.244036 0.224087 5
0.450398 -0.241418 0.225835 5
0.451341 -0.242859 0.224831 5
0.448912 -0.239255 0.227779 5
0.448151 -0.239866 0.227143 5
0.476654 -0.246126 0.223689 5
0.474804 -0.245779 0.221833 5
0.460449 -0.248354 0.229859 5
0.456835 -0.244007 0.221596 5
0.452792 -0.245035 0.222537 5
0.468819 -0.250071 0.224308 5
0.473117 -0.247075 0.217944 5
0.467988 -0.245290 0.220558 5
0.455129 -0.249587 0.227854 5
0.410565 -0.250993 0.256683 5
0.471315 -0.249127 0.219052 5
0.476873 -0.247763 0.217043 5
0.468989 -0.245097 0.223092 5
0.465954 -0.247448 0.219504 5
0.477949 -0.250120 0.219817 5
0.481792 -0.251497 0.218884 5
0.470223 -0.250182 0.227913 5
0.410894 -0.249590 0.255543 5
0.406768 -0.248157 0.256447 5
0.473110 -0.249142 0.228213 5
0.429534 -0.240423 0.241618 5
0.458863 -0.243334 0.221366 5
0.455973 -0.249711 0.227338 5
0.452609 -0.248899 0.225896 5
0.452150 -0.247955 0.224839 5
0.470972 -0.249382 0.229427 5
0.433536 -0.249753 0.239081 5
0.433509 -0.251787 0.237912 5
0.415377 -0.251168 0.252406 5
0.443421 -0.240751 0.226792 5
0.446799 -0.245184 0.224296 5
0.440167 -0.246451 0.227117 5
0.468967 -0.246463 0.219375 5
0.446315 -0.247891 0.233866 5
0.445654 -0.247765 0.234242 5
0.441940 -0.245276 0.237714 5
0.478707 -0.247511 0.224161 5
0.420008 -0.250524 0.248173 5
0.465076 -0.248713 0.229801 5
0.467036 -0.249674 0.222759 5
0.463824 -0.249012 0.222769 5
0.463165 -0.248638 0.222243 5
0.462065 -0.243607 0.221609 5
0.408084 -0.247138 0.253512 5
0.465900 -0.249325 0.227285 5
0.418762 -0.244672 0.245955 5
0.420128 -0.245022 0.245388 5
0.420881 -0.240526 0.243108 5
0.416976 -0.248331 0.248936 5
0.404054 -0.246231 0.255511 5
0.403443 -0.244417 0.251889 5
0.410317 -0.245186 0.248924 5
0.407961 -0.245833 0.250712 5
0.407209 -0.239797 0.245160 5
0.412110 -0.237634 0.242933 5
0.413543 -0.239337 0.243608 5
0.405716 -0.241229 0.246344 5
0.415269 -0.242095 0.245009 5
0.401736 -0.236747 0.245216 5
0.403874 -0.235683 0.244137 5
0.414089 -0.247023 0.249906 5
0.427268 -0.243896 0.242415 5
0.425196 -0.246242 0.243373 5
0.427994 -0.241795 0.242070 5
0.413031 -0.244701 0.247622 5
0.414764 -0.243303 0.246099 5
0.410453 -0.244256 0.247797 5
0.421990 -0.251785 0.247844 5
0.480082 -0.247613 0.223283 5
0.479661 -0.247719 0.220243 5
0.481769 -0.250209 0.217386 5
0.454310 -0.247514 0.231761 5
0.452792 -0.248328 0.230966 5
0.481060 -0.248939 0.222290 5
0.450827 -0.244896 0.234929 5
0.450952 -0.245789 0.234275 5
0.397521 -0.231687 0.246861 5
0.399040 -0.231460 0.245911 5
0.463522 -0.248231 0.220882 5
0.393583 -0.234607 0.248671 5
0.396734 -0.232329 0.247472 5
0.399612 -0.226992 0.246124 5
0.441314 -0.248476 0.227573 5
0.440161 -0.249375 0.228645 5
0.450822 -0.246632 0.223322 5
0.429449 -0.251324 0.240739 5
0.457715 -0.245121 0.220345 5
0.455682 -0.246455 0.233017 5
0.461212 -0.245979 0.233064 5
0.462241 -0.246288 0.232678 5
0.458658 -0.247296 0.222320 5
0.422273 -0.252635 0.248205 5
0.435893 -0.252568 0.234118 5
0.424298 -0.248511 0.244685 5
0.420758 -0.247687 0.246169 5
0.472074 -0.245050 0.222172 5
0.399048 -0.233368 0.246081 5
0.399048 -0.234852 0.246528 5
0.452155 -0.243254 0.236204 5
0.436834 -0.244425 0.240589 5
0.429209 -0.245138 0.242060 5
0.453416 -0.249980 0.227396 5
0.448551 -0.247602 0.224446 5
0.409728 -0.252125 0.255586 5
0.464737 -0.248284 0.230575 5
0.440081 -0.251158 0.231966 5
0.440268 -0.249437 0.235626 5
0.430928 -0.247644 0.241808 5
0.436794 -0.248158 0.238329 5
0.443172 -0.247355 0.235666 5
0.442377 -0.247278 0.236105 5
0.454481 -0.239786 0.237141 5
0.456247 -0.242205 0.236811 5
0.445212 -0.250056 0.229806 5
0.347420 -0.238077 0.251441 5
0.362629 -0.229777 0.252552 5
0.269563 -0.252388 0.169737 1
0.331191 -0.247255 0.234809 5
0.325961 -0.250555 0.231168 5
0.328154 -0.247489 0.233084 5
0.351051 -0.252064 0.229087 5
0.354136 -0.253215 0.234268 5
0.325066 -0.243273 0.234655 5
0.327602 -0.244098 0.236387 5
0.304386 -0.262468 0.215973 5
0.345857 -0.236377 0.254445 5
0.313864 -0.254634 0.213087 5
0.284281 -0.259955 0.191914 1
0.309220 -0.249736 0.217243 5
0.305275 -0.250466 0.212682 5
0.314581 -0.259649 0.216100 5
0.354395 -0.247395 0.241561 5
0.354815 -0.247930 0.241453 5
0.351971 -0.248841 0.240011 5
0.349766 -0.243749 0.241926 5
0.351367 -0.243298 0.242700 5
0.328201 -0.246007 0.233811 5
0.331681 -0.244136 0.238768 5
0.301011 -0.246673 0.208656 5
0.305665 -0.246511 0.213399 5
0.272052 -0.248757 0.187756 1
0.271235 -0.248596 0.184283 1
0.298774 -0.252506 0.204941 5
0.299401 -0.251576 0.205872 5
0.343036 -0.249827 0.236574 5
0.333601 -0.249931 0.234171 5
0.323388 -0.254080 0.228662 5
0.332147 -0.249668 0.234001 5
0.332391 -0.248819 0.234673 5
0.308220 -0.254588 0.211376 5
0.345896 -0.254135 0.232177 5
0.343952 -0.254870 0.231449 5
0.299416 -0.256535 0.206164 5
0.298078 -0.256902 0.205438 5
0.283550 -0.259490 0.196229 1
0.287695 -0.263198 0.199797 5
0.336704 -0.259340 0.225510 5
0.274055 -0.248776 0.195757 1
0.301205 -0.252749 0.207781 5
0.299749 -0.254392 0.206076 5
0.285434 -0.255297 0.185179 1
0.285223 -0.256760 0.187042 1
0.293738 -0.250067 0.194590 5
0.291509 -0.249410 0.192185 1
0.276513 -0.258589 0.181269 1
0.277456 -0.259177 0.185656 1
0.277686 -0.259169 0.185634 1
0.276153 -0.258385 0.179738 1
0.285611 -0.248336 0.200901 6
0.275366 -0.255701 0.189806 1
0.299458 -0.258536 0.209537 5
0.304767 -0.258913 0.212695 5
0.351545 -0.239690 0.247140 5
0.275702 -0.258101 0.189527 1
0.339734 -0.240231 0.251033 5
0.340174 -0.240520 0.250649 5
0.279318 -0.258471 0.191847 1
0.272579 -0.247669 0.179230 1
0.272873 -0.247589 0.177589 1
0.283365 -0.248932 0.181358 1
0.282811 -0.250310 0.175279 1
0.339788 -0.242973 0.246220 5
0.337764 -0.244395 0.241390 5
0.340419 -0.243537 0.242236 5
0.295307 -0.249973 0.200514 5
0.295158 -0.250035 0.200280 5
0.293445 -0.252045 0.197284 5
0.365274 -0.254609 0.241188 5
0.366539 -0.237523 0.248451 5
0.362049 -0.251904 0.242702 5
0.364798 -0.251684 0.244295 5
0.271601 -0.249607 0.174757 1
0.271085 -0.249686 0.178061 1
0.282309 -0.252850 0.203222 6
0.285210 -0.248252 0.185670 1
0.315375 -0.264053 0.220444 5
0.362427 -0.239799 0.247003 5
0.359973 -0.243224 0.245368 5
0.286969 -0.249601 0.196930 6
0.290130 -0.250680 0.195387 5
0.337872 -0.242694 0.247637 5
0.330844 -0.241701 0.242230 5
0.350618 -0.242834 0.243192 5
0.352385 -0.241892 0.244517 5
0.326439 -0.253747 0.229663 5
0.329637 -0.254021 0.230331 5
0.325984 -0.255154 0.228650 5
0.333826 -0.256871 0.229625 5
0.307132 -0.254411 0.215647 5
0.306325 -0.253220 0.214414 5
0.284957 -0.250986 0.180463 1
0.274650 -0.245004 0.194869 1
0.354580 -0.231333 0.254252 5
0.359178 -0.231673 0.250146 5
0.357870 -0.230406 0.251709 5
0.361898 -0.231412 0.250019 5
0.366587 -0.228773 0.251578 5
0.286450 -0.259523 0.194324 1
0.370337 -0.230248 0.249952 5
0.355545 -0.232757 0.254741 5
0.274527 -0.257583 0.174599 1
0.278031 -0.258021 0.178946 1
0.278903 -0.257701 0.178672 1
0.361582 -0.230767 0.252768 5
0.359810 -0.231540 0.253046 5
0.356438 -0.233337 0.252177 5
0.271494 -0.254620 0.183447 1
0.272599 -0.256996 0.178362 1
0.272473 -0.256904 0.180810 1
0.357467 -0.236139 0.248927 5
0.357289 -0.235364 0.249648 5
0.328264 -0.259761 0.220946 5
0.321382 -0.260396 0.218665 5
0.271046 -0.252454 0.182656 1
0.372548 -0.232252 0.248884 5
0.371708 -0.231245 0.249164 5
0.306420 -0.263562 0.217685 5
0.323255 -0.247994 0.229982 5
0.319243 -0.249560 0.226515 5
0.317615 -0.254748 0.224486 5
0.316229 -0.254152 0.223333 5
0.319688 -0.254551 0.226219 5
0.276073 -0.259600 0.187945 1
0.279527 -0.259359 0.187038 1
0.273502 -0.244112 0.193398 1
0.304657 -0.258030 0.211751 5
0.283711 -0.260087 0.196584 1
0.286356 -0.254645 0.193807 5
0.293837 -0.259949 0.205086 5
0.278076 -0.241561 0.192028 1
0.291786 -0.255806 0.195563 5
0.290257 -0.256052 0.193817 5
0.315469 -0.258368 0.215397 5
0.306779 -0.261361 0.216160 5
0.309893 -0.263071 0.218190 5
0.310929 -0.260466 0.216294 5
0.294582 -0.258989 0.203843 5
0.296770 -0.257643 0.205339 5
0.281303 -0.254926 0.203390 6
0.275366 -0.253020 0.190859 1
0.285951 -0.248822 0.185426 1
0.290615 -0.262876 0.202020 5
0.291406 -0.263654 0.204151 5
0.291222 -0.260717 0.200700 5
0.279030 -0.253908 0.202886 6
0.280494 -0.254920 0.204918 6
0.277733 -0.253085 0.199611 6
0.316569 -0.259280 0.216202 5
0.342819 -0.245618 0.239275 5
0.339803 -0.246333 0.238217 5
0.342919 -0.246268 0.238872 5
0.366113 -0.228288 0.249645 5
0.363831 -0.252794 0.243108 5
0.365985 -0.248953 0.246167 5
0.366242 -0.249104 0.246241 5
0.360839 -0.249226 0.243243 5
0.303782 -0.254879 0.209192 5
0.295266 -0.252556 0.197118 5
0.295157 -0.252242 0.196683 5
0.348002 -0.252406 0.234123 5
0.352817 -0.251366 0.238220 5
0.292128 -0.258177 0.201733 5
0.291169 -0.258880 0.201831 5
0.291137 -0.253599 0.195342 5
0.289125 -0.259515 0.200981 5
0.291164 -0.252637 0.190778 1
0.289938 -0.250656 0.189714 1
0.281601 -0.253060 0.197094 6
0.335299 -0.244756 0.238886 5
0.336525 -0.243322 0.244827 5
0.347378 -0.243372 0.242355 5
0.346453 -0.243700 0.241731 5
0.288962 -0.252112 0.195437 5
0.284487 -0.252787 0.195555 6
0.282140 -0.251611 0.200765 6
0.281303 -0.253206 0.198701 6
0.326035 -0.241152 0.237904 5
0.335366 -0.239454 0.250919 5
0.333457 -0.239804 0.247771 5
0.347196 -0.238892 0.250756 5
0.293038 -0.262293 0.209327 5
0.347856 -0.253686 0.228716 5
0.286133 -0.258226 0.190861 1
0.321624 -0.242465 0.232099 5
0.319673 -0.245057 0.228896 5
0.282659 -0.257620 0.183591 1
0.284271 -0.255930 0.183869 1
0.286166 -0.253720 0.183733 1
0.285056 -0.260569 0.195812 1
0.357376 -0.252428 0.238889 5
0.275819 -0.259759 0.189159 1
0.315831 -0.259432 0.223609 5
0.311955 -0.258421 0.220090 5
0.307255 -0.257582 0.215885 5
0.318710 -0.256494 0.225623 5
0.295792 -0.259225 0.206398 5
0.273606 -0.252168 0.190362 1
0.273228 -0.250148 0.191348 1
0.340550 -0.257144 0.226938 5
0.374030 -0.253975 0.248791 5
0.296884 -0.260440 0.210569 5
0.289653 -0.257397 0.194683 5
0.342263 -0.256537 0.229244 5
0.286735 -0.252388 0.184557 1
0.302009 -0.259357 0.213276 5
0.354038 -0.231516 0.254351 5
0.318512 -0.243510 0.228565 5
0.314510 -0.245619 0.223036 5
0.319272 -0.242831 0.229730 5
0.313295 -0.243302 0.222566 5
0.311666 -0.247886 0.219696 5
0.315459 -0.248775 0.223396 5
0.309963 -0.262548 0.220004 5
0.296412 -0.260610 0.210239 5
0.301936 -0.261768 0.214862 5
0.271633 -0.246789 0.185333 1
0.345918 -0.252110 0.234409 5
0.341749 -0.252356 0.234360 5
0.344886 -0.254007 0.232468 5
0.345816 -0.240390 0.249881 5
0.340862 -0.242130 0.248837 5
0.277716 -0.242315 0.189573 1
0.300379 -0.256104 0.208041 5
0.296977 -0.257923 0.206301 5
0.298746 -0.257770 0.207922 5
0.303429 -0.259836 0.214794 5
0.305011 -0.258758 0.214754 5
0.299414 -0.253024 0.203257 5
0.299178 -0.250625 0.201513 5
0.366669 -0.231346 0.249234 5
0.280192 -0.254312 0.194236 1
0.325028 -0.264853 0.223815 5
0.317566 -0.263875 0.220670 5
0.290249 -0.259989 0.202087 5
0.287507 -0.261816 0.200669 5
0.271825 -0.255856 0.176737 1
0.357877 -0.233766 0.249499 5
0.357161 -0.238277 0.248047 5
0.360901 -0.237385 0.248602 5
0.270405 -0.253963 0.168717 1
0.270472 -0.253401 0.172718 1
0.309121 -0.258031 0.213988 5
0.368763 -0.227543 0.248020 5
0.325273 -0.261131 0.226869 5
0.324932 -0.261804 0.226550 5
0.287313 -0.256061 0.194381 5
0.288994 -0.255328 0.195741 5
0.289877 -0.254553 0.191022 1
0.291459 -0.257424 0.197096 5
0.292134 -0.257353 0.197912 5
0.329587 -0.264264 0.225705 5
0.367767 -0.234151 0.246130 5
0.365930 -0.235668 0.246453 5
0.354272 -0.253190 0.234838 5
0.349211 -0.239913 0.247390 5
0.272111 -0.245744 0.185517 1
0.273413 -0.244045 0.186367 1
0.330583 -0.261496 0.223157 5
0.324552 -0.263551 0.222190 5
0.323157 -0.263124 0.221160 5
0.294185 -0.257244 0.202551 5
0.296645 -0.254218 0.202266 5
0.297078 -0.255095 0.203722 5
0.316960 -0.259972 0.224146 5
0.314338 -0.261823 0.222436 5
0.353968 -0.231747 0.252353 5
0.302043 -0.252477 0.205920 5
0.302641 -0.254034 0.207804 5
0.283025 -0.253823 0.176854 1
0.282415 -0.252861 0.173786 1
0.348395 -0.235740 0.252668 5
0.350423 -0.246200 0.240843 5
0.347572 -0.248907 0.238438 5
0.350852 -0.244794 0.241738 5
0.352400 -0.236388 0.249135 5
0.324209 -0.260388 0.226976 5
0.332287 -0.257173 0.229249 5
0.341862 -0.240102 0.250948 5
0.351899 -0.235238 0.253738 5
0.323433 -0.262909 0.225386 5
0.317703 -0.262497 0.223417 5
0.270751 -0.250544 0.181239 1
0.350876 -0.237408 0.249673 5
0.346981 -0.237510 0.253870 5
0.333611 -0.260294 0.227593 5
0.329617 -0.263600 0.226233 5
0.314406 -0.252164 0.221875 5
0.314336 -0.250109 0.222172 5
0.359504 -0.239492 0.246818 5
0.350827 -0.236261 0.253349 5
