0.05288997 -0.26926675 0.18010053 78 104 30
0.09421302 -0.26687530 0.20054230 149 179 89
0.08517265 -0.26420048 0.19657359 158 196 109
0.18472490 -0.26249391 0.22422817 120 168 4
0.18020891 -0.26533508 0.22774047 165 198 3
0.17637980 -0.26577008 0.22554451 182 212 4
0.08112244 -0.26494637 0.19412677 155 191 103
0.08044443 -0.26251432 0.19539039 168 211 121
0.17126566 -0.26600119 0.22389294 125 164 0
0.11157995 -0.26228410 0.21251026 87 128 8
0.11481863 -0.26122668 0.21161784 90 134 21
0.14951308 -0.25772005 0.21679313 134 174 15
0.08265583 -0.26020041 0.19806629 149 192 103
0.08909877 -0.26037571 0.19984470 165 209 122
0.09447113 -0.25976360 0.20399748 146 184 107
0.09559686 -0.26122141 0.20507032 142 181 102
0.19077216 -0.26309049 0.22354023 124 172 26
0.07609363 -0.26212570 0.19352710 155 198 116
0.07877818 -0.25915971 0.19749466 163 219 110
0.07578610 -0.26133400 0.19471517 152 199 103
0.19906305 -0.26407757 0.21811000 142 189 51
0.07239774 -0.25664276 0.19454618 102 125 34
0.12555107 -0.26121345 0.21392290 76 118 16
0.12991640 -0.25435898 0.21319343 82 119 24
0.19521424 -0.26274809 0.22254105 127 177 42
0.12588681 -0.25725025 0.21129462 126 167 35
0.16058969 -0.25955427 0.22057751 119 174 10
0.13553053 -0.25582615 0.21560425 131 170 45
0.16696827 -0.25672337 0.22382925 116 169 16
0.12280957 -0.25601640 0.20857824 83 113 25
0.11939488 -0.25930461 0.22262803 108 143 49
0.13941748 -0.25914678 0.21707055 116 143 62
0.14684352 -0.25982961 0.21718881 105 140 46
0.10995489 -0.26117742 0.21599630 71 109 8
0.13393341 -0.25911105 0.21648850 110 153 20
0.19306162 -0.25743043 0.21737641 93 132 7
0.10387141 -0.25769886 0.20939186 99 136 66
0.09451459 -0.26582584 0.20228286 145 174 92
0.10901631 -0.26280484 0.21545577 86 123 9
0.09468804 -0.25932258 0.20408240 149 187 110
0.09742065 -0.26068383 0.20610264 136 173 93
0.09855501 -0.25861579 0.20611003 135 171 99
0.09925824 -0.26332757 0.20843251 138 172 95
0.10044045 -0.26180908 0.20899996 122 161 82
0.20125392 -0.25813419 0.21181218 123 165 17
0.17528497 -0.26355258 0.22333707 149 178 8
0.10043901 -0.26102427 0.20848264 126 163 85
0.19949944 -0.26065862 0.21919946 149 196 40
0.20094006 -0.26074415 0.21850964 150 194 39
0.12071840 -0.25726753 0.22006832 103 136 55
0.15784656 -0.26139316 0.21982002 127 173 13
0.15061091 -0.25815612 0.21714099 126 161 35
0.20704509 -0.26235491 0.21330436 109 150 22
0.12119381 -0.26193956 0.21663988 90 134 10
0.16155556 -0.25692412 0.22115599 119 162 31
0.20191111 -0.26423830 0.21536694 117 160 29
0.17045154 -0.25894296 0.22345078 134 185 18
0.18526933 -0.25723925 0.22422348 169 211 99
0.18875654 -0.25596851 0.22264896 201 231 141
0.16440900 -0.26178417 0.22349150 139 203 0
0.16164055 -0.25826862 0.22107792 105 157 10
0.20164563 -0.26453483 0.21640491 134 181 27
0.15244739 -0.26424721 0.22279707 143 188 69
0.17229123 -0.25576538 0.22379230 100 138 16
0.20254393 -0.25968492 0.21240680 98 137 10
0.15642793 -0.25745210 0.21980739 97 139 15
0.16233599 -0.26318544 0.22435135 160 207 75
0.16217205 -0.26329994 0.22428557 162 210 75
0.07711869 -0.25467390 0.19576980 108 128 39
0.16463107 -0.26531178 0.22416796 143 196 54
0.10831390 -0.25966769 0.20261128 71 104 23
0.18226725 -0.26117051 0.22343987 142 180 7
0.16004634 -0.26447645 0.22274230 165 209 72
0.17429800 -0.26200023 0.22723380 187 229 91
0.17182526 -0.26138189 0.22631156 202 248 79
0.16643149 -0.26006994 0.22563039 172 220 82
0.16555201 -0.26017436 0.22555888 174 224 89
0.14116882 -0.25822133 0.21647727 103 122 67
0.19628623 -0.25793582 0.22044353 140 191 62
0.18045934 -0.25506684 0.22451627 194 227 138
0.17922808 -0.25678164 0.22551191 142 189 73
0.17237142 -0.26449579 0.22709914 178 214 92
0.16879940 -0.26220316 0.22234702 129 161 16
0.17108212 -0.25652719 0.22604726 147 192 75
0.17325121 -0.25728640 0.22616898 170 220 97
0.06938258 -0.26352361 0.19176026 142 176 102
0.17782800 -0.26375750 0.22813770 202 241 114
0.17722088 -0.26190549 0.22765660 186 230 83
0.14880292 -0.26190749 0.22441043 160 206 81
0.15337090 -0.26287127 0.22370298 165 212 70
0.16758737 -0.26410902 0.22509687 146 209 60
0.17974195 -0.25979555 0.22666422 169 213 68
0.17917217 -0.25929412 0.22658424 165 215 82
0.15223190 -0.25804666 0.22497949 176 221 104
0.10962884 -0.25933912 0.21535711 87 128 49
0.11354224 -0.25744209 0.21582901 92 128 58
0.15524977 -0.26107106 0.22426562 171 217 93
0.18554816 -0.26141083 0.22250707 127 168 4
0.16328321 -0.25510707 0.22561301 151 191 77
0.15857364 -0.25845230 0.22507742 169 214 95
0.13675550 -0.25570199 0.21605739 124 156 49
0.15628223 -0.25689074 0.22518973 199 235 129
0.15284966 -0.25595400 0.22521080 188 221 117
0.19958429 -0.26482788 0.21732764 114 162 40
0.16082138 -0.26375830 0.22195196 132 161 42
0.13440748 -0.25882769 0.21660458 97 137 22
0.18621013 -0.26216441 0.22397871 134 174 0
0.14848630 -0.26096439 0.22455296 173 220 92
0.14578637 -0.25943971 0.22446203 173 218 101
0.15122376 -0.25099382 0.22765897 162 209 81
0.14770389 -0.25445387 0.22547473 182 221 106
0.14972261 -0.26242712 0.21794787 114 153 34
0.16920930 -0.26390415 0.22237569 163 182 28
0.15395652 -0.26062319 0.21865529 123 170 30
0.19276170 -0.25979218 0.21711801 145 188 11
0.14166069 -0.25711718 0.21611337 126 151 60
0.07185786 -0.26401895 0.18967310 135 170 102
0.07383417 -0.26505080 0.18995361 128 167 100
0.10595857 -0.26369655 0.21186763 97 132 12
0.15041995 -0.25502834 0.21770591 110 155 13
0.08694176 -0.26538983 0.19362569 129 153 57
0.18481053 -0.25735778 0.22181138 107 154 22
0.08365155 -0.26691017 0.19338484 175 203 116
0.19186254 -0.25954372 0.22299312 140 188 52
0.18877277 -0.26018375 0.22537410 165 211 61
0.12095106 -0.25840947 0.22195746 110 146 58
0.11588103 -0.26190710 0.21366115 82 122 8
0.12346777 -0.26192552 0.21536562 101 150 22
0.11886135 -0.26110548 0.21256965 87 134 20
0.12530175 -0.25916767 0.21207877 104 141 36
0.09861953 -0.26474598 0.20449841 113 149 15
0.10518947 -0.26130995 0.20479704 121 161 36
0.10110625 -0.26307982 0.20214839 117 160 27
0.10437953 -0.26181158 0.20571913 80 117 11
0.11051477 -0.26269826 0.21399069 90 128 15
0.13072096 -0.26160797 0.21536066 70 117 23
0.11052522 -0.26128852 0.20952918 88 127 20
0.11037725 -0.26327723 0.21554744 89 127 16
0.11384114 -0.26234448 0.21405151 81 123 13
0.15290835 -0.26382753 0.22092979 134 168 47
0.10987134 -0.25951061 0.20342602 69 102 13
0.11346924 -0.26301536 0.21746022 91 131 9
0.11633932 -0.25935361 0.20965250 99 137 26
0.10256013 -0.26319522 0.20898409 116 157 17
0.09226725 -0.26708442 0.19774607 86 120 0
0.11556663 -0.26224512 0.21891597 90 130 16
0.15546960 -0.26468959 0.21912667 134 178 31
0.14293018 -0.26068845 0.21755575 112 140 55
0.11891215 -0.26118365 0.22220524 90 133 15
0.14148358 -0.26414707 0.21902061 118 174 5
0.07036018 -0.26233268 0.19464152 140 179 98
0.13334048 -0.26028872 0.21634479 85 131 9
0.16114363 -0.25459448 0.22132246 139 191 21
0.10046174 -0.26399142 0.20363884 107 148 30
0.10196622 -0.26314408 0.20455003 95 135 23
0.13479339 -0.26309082 0.21755688 111 165 17
0.17697623 -0.26004553 0.22328432 121 171 12
0.19280896 -0.26264790 0.22430642 129 182 38
0.14081773 -0.25491017 0.21642680 126 173 0
0.13813874 -0.26111612 0.21710089 73 121 11
0.14486460 -0.26304725 0.21774271 97 147 14
0.07289203 -0.25745344 0.19555701 159 183 73
0.20608479 -0.26115745 0.21145731 96 136 1
0.08822745 -0.26414353 0.19854863 157 197 111
0.08861894 -0.26508847 0.19826470 151 187 100
0.19913383 -0.26201469 0.21940964 166 208 48
0.11113951 -0.25974393 0.20676175 95 139 15
0.09544390 -0.26466191 0.19778734 124 163 36
0.08946826 -0.26725924 0.19641194 164 190 103
0.18783453 -0.26242736 0.22635856 139 188 45
0.18892877 -0.26347905 0.22429578 142 186 31
0.09285819 -0.26328465 0.20271893 158 193 113
0.14294417 -0.26454848 0.22083113 116 165 0
0.14348289 -0.26423228 0.22152600 126 173 15
0.14559129 -0.25763744 0.21655953 156 181 79
0.11757378 -0.25466233 0.20351067 77 95 79
0.23329957 -0.25121924 0.19984178 153 193 58
0.11691869 -0.25149366 0.20663944 22 52 0
0.08418555 -0.25632098 0.19416071 96 137 5
0.11357806 -0.25246143 0.20405643 16 40 8
0.11328987 -0.25162557 0.20688127 37 68 8
0.10103632 -0.25161126 0.20303084 58 96 39
0.23414314 -0.26324856 0.19926579 158 200 62
0.10983180 -0.25194770 0.20631312 50 84 23
0.10388352 -0.25146860 0.20193484 3 32 1
0.09769215 -0.25116667 0.20187560 50 87 20
0.09576544 -0.25568053 0.20343553 154 191 111
0.10180101 -0.25152078 0.19981912 166 160 164
0.10407419 -0.25233835 0.20515548 80 113 56
0.11432760 -0.25166488 0.20605768 18 50 3
0.10781201 -0.25245401 0.20121022 153 147 149
0.18038805 -0.24675523 0.22411251 166 208 14
0.19916703 -0.24947217 0.21710484 160 200 65
0.23594441 -0.26342225 0.19850950 180 223 73
0.21144129 -0.25998920 0.21226078 129 175 53
0.20738040 -0.25925979 0.21476227 144 187 71
0.18305089 -0.24827468 0.22356373 151 203 58
0.20952992 -0.26192275 0.21201414 103 148 19
0.08491144 -0.25347775 0.19716717 109 139 41
0.20709743 -0.25014669 0.21622735 178 216 81
0.20456716 -0.25244853 0.21705322 175 212 98
0.20192051 -0.25179258 0.21752505 168 203 83
0.20627803 -0.24933882 0.21600199 166 208 74
0.19843902 -0.25480151 0.21921159 174 216 106
0.19131947 -0.25592551 0.22172564 208 238 148
0.18567874 -0.25273365 0.22300416 187 228 110
0.16696475 -0.25025043 0.22943370 148 198 63
0.13887285 -0.25320578 0.22260314 205 242 139
0.14493470 -0.25457788 0.22478859 196 233 119
0.14651471 -0.25364274 0.22612567 186 223 109
0.14241719 -0.25246274 0.22479832 201 241 126
0.12523268 -0.26070428 0.22297162 150 189 72
0.15819852 -0.25155160 0.22711697 165 207 79
0.15443733 -0.24754539 0.23053263 158 203 74
0.12415045 -0.25570568 0.21942873 126 160 83
0.12427923 -0.25452995 0.21822876 122 153 86
0.14548148 -0.24703656 0.22744691 185 229 90
0.14241567 -0.24524848 0.22405288 150 194 79
0.14935343 -0.24775936 0.22507200 118 160 22
0.13339259 -0.25133482 0.21504028 144 197 3
0.13315335 -0.25178447 0.21468836 187 228 64
0.12617141 -0.24843457 0.21099357 44 74 0
0.12469340 -0.24942650 0.21312682 67 98 28
0.12121846 -0.25056088 0.20714723 18 46 0
0.12527835 -0.24867922 0.21037303 38 70 0
0.13081390 -0.24710138 0.21404220 51 81 0
0.13769631 -0.24417441 0.22126259 94 146 38
0.13353060 -0.24624982 0.21760751 95 140 39
0.13053930 -0.24800830 0.21705115 107 147 59
0.13506803 -0.24744855 0.22058561 123 170 68
0.12865727 -0.25147012 0.21768916 139 174 94
0.13115002 -0.25168741 0.21899134 157 192 112
0.12016796 -0.25206998 0.20570303 124 131 123
0.14017782 -0.24824476 0.22438668 193 236 120
0.14327998 -0.24807689 0.22650486 186 234 98
0.13954905 -0.24726564 0.22386649 185 224 115
0.14623904 -0.24782494 0.22851709 194 238 89
0.09641007 -0.25108290 0.20126581 54 89 23
0.15477127 -0.25022346 0.22664845 127 171 22
0.06990758 -0.26561663 0.18639022 77 109 42
0.09344206 -0.25517803 0.20217840 155 198 109
0.12153029 -0.26040640 0.22088297 109 159 12
0.13576908 -0.24680898 0.21682245 96 141 14
0.09773848 -0.26015586 0.19819322 126 160 47
0.07288612 -0.26656359 0.18693198 96 127 67
0.12921225 -0.25087130 0.21164709 84 112 28
0.12713505 -0.25207549 0.20965987 63 88 22
0.13141100 -0.24847403 0.21365543 100 148 2
0.13023153 -0.24775751 0.21234654 102 144 10
0.19056205 -0.25457820 0.21979524 131 177 17
0.18823718 -0.25188088 0.22088681 126 172 1
0.18488289 -0.25108784 0.22244859 153 202 15
0.18151332 -0.24865489 0.22425137 136 189 0
0.17419933 -0.25214121 0.22565462 103 158 4
0.17257732 -0.25297877 0.22549583 80 132 5
0.17112151 -0.25131485 0.22704014 128 178 21
0.17080596 -0.24860376 0.22939044 178 217 50
0.18072857 -0.25166267 0.22405392 140 197 22
0.16622178 -0.24931267 0.22964558 140 181 25
0.17723808 -0.25471893 0.22301868 91 132 2
0.16656163 -0.24954790 0.22908969 110 151 19
0.19243513 -0.25142440 0.21871948 126 166 8
0.19056773 -0.25041187 0.21873394 164 208 25
0.08984165 -0.25304717 0.19713403 102 133 29
0.10223146 -0.25878412 0.19942518 95 123 39
0.09200156 -0.25223356 0.19863415 105 134 24
0.10459251 -0.25271022 0.19924629 141 133 146
0.09660101 -0.25429988 0.19919842 114 148 35
0.10726738 -0.25844294 0.20117475 98 126 41
0.10019038 -0.25417471 0.19933973 97 130 41
0.09281651 -0.25302833 0.20162152 138 178 92
0.19777466 -0.25093383 0.21532837 126 165 20
0.12721109 -0.26241231 0.22036156 119 168 16
0.07074417 -0.26438713 0.18756810 48 83 0
0.10314254 -0.25239515 0.19914527 154 143 151
0.09601826 -0.25326672 0.19889125 105 139 27
0.24371158 -0.25328615 0.19023344 155 196 64
0.16879050 -0.24972108 0.22951262 159 208 64
0.18926798 -0.25062838 0.22149283 156 200 65
0.19254461 -0.24854372 0.21879983 135 177 67
0.17644246 -0.25215188 0.22531052 163 209 84
0.18313321 -0.25035879 0.22366244 162 204 70
0.17908876 -0.25162086 0.22485477 174 218 94
0.23812278 -0.25915840 0.19598797 142 182 60
0.24018499 -0.26458871 0.19593078 183 207 87
0.23373297 -0.25699207 0.19895864 153 190 95
0.07865213 -0.25531819 0.19381769 73 107 13
0.23188473 -0.26144347 0.20082641 152 198 76
0.12913869 -0.26250118 0.22142971 159 203 20
0.13717711 -0.26442975 0.22075184 127 179 9
0.13329515 -0.26375389 0.21824229 117 171 15
0.10036267 -0.26269105 0.19943896 98 129 36
0.12831560 -0.26332134 0.21875747 134 183 16
0.09959211 -0.25692990 0.19875178 93 117 43
0.13908422 -0.26307014 0.22276334 185 225 100
0.13904436 -0.26278782 0.22308014 187 227 102
0.24242134 -0.26033035 0.19306742 145 180 50
0.09411243 -0.26186362 0.19709186 137 171 58
0.23736431 -0.25426543 0.19589262 166 206 83
0.22957830 -0.25914186 0.20219633 139 180 78
0.23413941 -0.25977495 0.19885843 147 190 75
0.24868374 -0.25644344 0.18411362 140 175 85
0.24854347 -0.25635478 0.18428332 140 175 83
0.25263602 -0.25845429 0.17913292 121 161 72
0.25281891 -0.25742155 0.17855515 129 166 88
0.24236995 -0.26323050 0.19283599 154 164 114
0.24043776 -0.26449221 0.19427508 198 204 166
0.24293572 -0.26168922 0.19309393 146 176 64
0.09490373 -0.26069254 0.19736302 133 166 49
0.13390653 -0.25426209 0.22178562 139 171 86
0.12771299 -0.25688785 0.22141813 131 167 79
0.13500638 -0.25330159 0.22160506 180 212 127
0.13761371 -0.25668654 0.22353055 172 210 97
0.14023323 -0.25513178 0.22324470 183 221 108
0.19364896 -0.25126132 0.21983068 128 170 42
0.19377911 -0.25168169 0.21990743 154 197 81
0.12550884 -0.25970387 0.22416280 151 186 82
0.12660503 -0.25794730 0.22178057 137 174 81
0.14390728 -0.26005930 0.22446218 178 219 101
0.14179765 -0.25783160 0.22454557 179 219 104
0.11670553 -0.25785798 0.20520520 82 111 27
0.11488169 -0.25718614 0.20363477 83 106 60
0.11198494 -0.25601190 0.20186423 84 101 83
0.11839509 -0.25533652 0.20411420 82 102 77
0.12231451 -0.25296190 0.20575057 83 107 75
0.11098582 -0.25490308 0.21130192 147 179 116
0.10975789 -0.25683576 0.21209264 95 127 64
0.08257708 -0.25530788 0.19920236 166 214 96
0.08431331 -0.25871107 0.19934270 155 206 103
0.08690054 -0.25841090 0.20004946 149 197 97
0.08401738 -0.25747922 0.19970779 159 211 101
0.08579442 -0.25711343 0.20022249 158 210 100
0.14502707 -0.25268501 0.21740587 169 208 17
0.07150337 -0.26638883 0.18578748 87 121 34
0.18256421 -0.25474346 0.22255522 92 133 5
0.24733849 -0.25288498 0.18817611 145 186 66
0.24155615 -0.25621766 0.19150680 150 189 83
0.24366863 -0.25998026 0.19164245 137 172 52
0.24848007 -0.25611243 0.18424866 140 175 83
0.24628735 -0.25671145 0.18703459 127 163 67
0.23952252 -0.25396395 0.19345231 152 194 66
0.11263461 -0.25522408 0.21251999 100 132 67
0.11483836 -0.25581920 0.21415974 74 106 39
0.16402145 -0.25041607 0.22911762 144 188 51
0.16610371 -0.25127447 0.22837315 141 188 60
0.16634677 -0.25368515 0.22649452 165 205 93
0.17427407 -0.25095242 0.22637492 163 208 81
0.16684736 -0.25499749 0.22578901 166 203 97
0.17404310 -0.25635913 0.22607094 159 201 91
0.17698877 -0.25620499 0.22581944 164 205 99
0.20329158 -0.25657958 0.21726876 175 211 111
0.12144633 -0.25153100 0.21305536 71 104 35
0.12457741 -0.25125790 0.21556421 120 156 82
0.19322652 -0.25321040 0.21747218 120 166 18
0.13010351 -0.26284462 0.21634699 103 157 20
0.24441220 -0.26202318 0.18911582 112 149 7
0.10455520 -0.25321680 0.20696147 109 143 82
0.10432950 -0.25543907 0.20796438 155 190 124
0.11949850 -0.25133759 0.21144776 58 89 22
0.12078352 -0.25487456 0.21665220 103 132 68
0.11892002 -0.25618622 0.21689785 113 144 74
0.06337541 -0.26572421 0.18468271 63 96 41
0.09117281 -0.25660017 0.19807853 104 155 0
0.09022449 -0.26112694 0.19526382 90 134 0
0.08587559 -0.26308513 0.19306093 192 227 99
0.08601990 -0.26127443 0.19345628 87 141 0
0.16044953 -0.24776334 0.23062125 96 130 35
0.16798556 -0.25084192 0.22792101 130 178 32
0.15980133 -0.25250262 0.22601715 85 133 24
0.08050279 -0.25975814 0.19088568 82 128 0
0.16052431 -0.24987262 0.22837874 92 135 20
0.16869237 -0.25375485 0.22492702 72 116 1
0.13921364 -0.24399514 0.22284393 117 160 52
0.14649719 -0.24846850 0.22032027 37 79 0
0.15259588 -0.25305209 0.21980487 133 183 24
0.14745225 -0.25490245 0.21653786 115 168 15
0.13882348 -0.24976747 0.21766788 104 154 7
0.14284888 -0.25013584 0.21850626 113 163 16
0.15662153 -0.25223556 0.22374342 69 108 17
0.15687759 -0.25022307 0.22706525 138 178 27
0.13772278 -0.24432974 0.22048239 87 134 28
0.15706211 -0.24813332 0.22979584 133 166 33
0.14858903 -0.24975929 0.22058101 97 138 36
0.15100403 -0.24861898 0.22382697 117 167 34
0.15758252 -0.25355348 0.22130521 133 181 20
0.15940319 -0.25337392 0.22212556 117 169 9
0.07625414 -0.25903726 0.19130610 96 137 9
0.07972705 -0.25974926 0.19042785 93 134 6
0.08075026 -0.25780177 0.19155295 96 137 17
0.07955293 -0.26451248 0.18972908 141 158 90
0.08889976 -0.25830457 0.19629268 99 151 6
0.07834919 -0.25834703 0.19129127 87 128 8
0.08708466 -0.25294343 0.20090769 169 216 100
0.23288834 -0.25055638 0.19961624 155 194 65
0.24203992 -0.25265253 0.19206874 161 205 68
0.09484538 -0.25639629 0.19853249 134 170 48
0.08199821 -0.25482106 0.19390316 88 124 18
0.07273775 -0.26199636 0.19021448 81 120 14
0.07654979 -0.25696215 0.19282089 100 136 26
0.07367478 -0.26313037 0.18872555 60 102 2
0.16011946 -0.25355354 0.22573239 168 208 96
0.15683736 -0.25115985 0.22790566 154 201 63
0.15237747 -0.25077873 0.22773644 160 206 82
0.19930527 -0.24897429 0.21592712 175 222 56
0.20013498 -0.25428271 0.21297225 150 193 0
0.23336411 -0.25331497 0.19861870 109 149 1
0.23831417 -0.25215265 0.19456530 143 182 3
0.20237172 -0.25281858 0.21288072 122 171 19
0.15262614 -0.25361180 0.21943089 123 171 23
0.21257055 -0.25415322 0.21468930 153 196 80
0.20483397 -0.25424331 0.21681455 167 210 92
0.22101049 -0.26169819 0.20600864 124 164 50
0.22563580 -0.26015809 0.20439246 139 178 71
0.22339788 -0.25320604 0.21092625 169 209 33
0.22046898 -0.25316095 0.21225093 167 204 36
0.22122145 -0.25503793 0.20968223 129 170 64
0.22070748 -0.25742248 0.20874749 159 198 107
0.21772705 -0.25512677 0.21151121 131 172 66
0.23232460 -0.25321311 0.20067665 161 205 68
0.22502284 -0.25489619 0.20769694 128 171 64
0.22308192 -0.25917929 0.20613943 137 177 81
0.23050025 -0.25719756 0.20156975 148 187 98
0.22881390 -0.25746956 0.20327404 147 186 97
0.22793096 -0.25207800 0.20668533 137 180 47
0.20899455 -0.25722066 0.21501224 147 188 84
0.21410401 -0.25360194 0.21422732 149 194 75
0.22621664 -0.25349864 0.20790207 136 179 38
0.19038354 -0.24867737 0.21812268 111 156 3
0.19129267 -0.25040662 0.21813594 162 201 34
0.05437828 -0.26824012 0.18063307 89 112 40
0.22261754 -0.27191693 0.12661289 109 143 30
0.24134283 -0.25915289 0.11070953 47 73 26
0.24466766 -0.25915688 0.10797233 38 64 3
0.24997658 -0.25582245 0.10216436 94 112 52
0.24927667 -0.25683761 0.10496742 77 101 17
0.24022089 -0.26019505 0.11170176 27 60 3
0.23953348 -0.26306167 0.11102020 140 155 122
0.23135969 -0.26523998 0.12107363 35 66 7
0.22576429 -0.27148101 0.12526172 105 140 48
0.23471589 -0.26393312 0.11720490 24 56 7
0.22425964 -0.27257803 0.12744428 130 161 81
0.22205740 -0.27503341 0.12891297 131 160 54
0.22553460 -0.26915821 0.12560703 89 123 49
0.23874469 -0.26567248 0.11361900 94 112 70
0.23346819 -0.26764259 0.11899319 95 113 75
0.22657894 -0.26856047 0.12291922 82 111 44
0.25599426 -0.25681245 0.09816978 87 108 33
0.25410658 -0.25519922 0.09599969 106 127 58
0.24960715 -0.25591853 0.10149409 117 137 76
0.22845542 -0.26675090 0.12299051 60 95 29
0.24306940 -0.26016164 0.10711766 2 21 0
0.25616717 -0.25480130 0.33570495 184 221 108
0.25184974 -0.25272629 0.34179780 219 244 163
0.25425503 -0.25114217 0.33479631 187 223 136
0.25660652 -0.25389087 0.33353055 180 223 116
0.25179201 -0.25364241 0.34378093 216 241 157
0.26867321 -0.25630477 0.14033617 106 124 50
0.26912189 -0.25557452 0.13794059 105 124 43
0.26976874 -0.25190049 0.16270724 92 112 17
0.26718363 -0.25546765 0.15921235 111 142 23
0.27678573 -0.25539500 0.16523923 115 132 36
0.27648008 -0.25566068 0.16536057 114 132 33
0.27947870 -0.25423464 0.16879588 138 158 89
0.28102526 -0.25312132 0.17095685 138 158 86
0.28163445 -0.25141090 0.16905457 133 136 115
0.27919292 -0.25243455 0.16404720 140 152 86
0.27030930 -0.25460771 0.16486174 111 134 17
0.27207303 -0.25391719 0.12746650 86 101 32
0.27191681 -0.25564215 0.16338633 107 124 10
0.26610100 -0.25618479 0.14201395 89 115 28
0.26700294 -0.25632781 0.15019755 75 98 7
0.26428005 -0.25414240 0.16039391 94 128 18
0.26775014 -0.25850725 0.15341774 105 127 18
0.27209386 -0.25731233 0.15187278 154 169 76
0.27492404 -0.25312859 0.14802076 123 136 57
0.27455816 -0.25420040 0.14961976 122 140 56
0.27004999 -0.25184050 0.13788924 90 113 31
0.27126271 -0.25175151 0.14179693 84 106 31
0.27461994 -0.25309786 0.14683259 128 141 69
0.26974717 -0.25086728 0.14555569 79 101 28
0.27025720 -0.25046459 0.14895479 80 102 20
0.27315325 -0.25138566 0.14730334 81 97 32
0.26690689 -0.25276765 0.14787790 84 105 38
0.26802683 -0.25110033 0.14676097 94 116 44
0.27274817 -0.25098366 0.15091358 96 108 26
0.27177548 -0.25069892 0.15111698 140 152 70
0.27665353 -0.25039262 0.16260549 126 141 60
0.27632061 -0.25148261 0.15065864 154 156 134
0.27144134 -0.25571895 0.16561098 106 125 9
0.27306011 -0.25717014 0.17092051 116 135 10
0.26395130 -0.24924083 0.15414925 80 107 14
0.27114385 -0.25550008 0.14348254 100 119 53
0.27349517 -0.25275671 0.14191863 131 137 101
0.27214068 -0.25303233 0.13685244 108 117 62
0.27037466 -0.25482741 0.13145372 104 127 37
0.27903569 -0.25060460 0.16521201 99 113 36
0.27251852 -0.25603244 0.14758527 96 117 50
0.27257717 -0.25466034 0.14423957 112 127 70
0.26724970 -0.25179359 0.14951253 79 98 19
0.26464772 -0.25283098 0.15317097 93 108 15
0.26174232 -0.24952856 0.15710640 66 97 4
0.27008912 -0.25496691 0.13609448 107 127 42
0.27479145 -0.25697643 0.17102051 130 148 30
0.27677652 -0.25631195 0.16931854 126 143 37
0.27222195 -0.25752178 0.15362261 128 144 56
0.27271238 -0.25671703 0.15671387 129 144 53
0.27212566 -0.25664628 0.15511511 132 145 53
0.28047624 -0.25035590 0.17069784 100 112 40
0.28053418 -0.25087440 0.16908206 93 102 47
0.26808843 -0.25439617 0.16099890 110 138 25
0.27520230 -0.25060016 0.16132788 88 103 20
0.27284095 -0.25090414 0.16007189 94 110 21
0.27438277 -0.24911703 0.16932735 107 122 27
0.27739790 -0.24892974 0.17126875 92 107 22
0.27304786 -0.24941520 0.16755898 95 112 20
0.27681810 -0.25024396 0.16491614 104 119 38
0.27581897 -0.25239775 0.15016010 68 73 66
0.27265090 -0.25084820 0.15418920 99 112 30
0.26923114 -0.25018224 0.15218899 148 162 75
0.26254681 -0.24962418 0.15581720 74 101 8
0.27396405 -0.25663000 0.15455215 113 133 44
0.27059278 -0.25096184 0.16494885 90 110 13
0.26918605 -0.25012472 0.15540968 145 166 61
0.26794371 -0.25218335 0.16327977 113 137 39
0.24075016 -0.26471192 0.11115787 101 120 75
0.22406718 -0.27522397 0.12818632 137 176 35
0.24110179 -0.26245683 0.11233932 34 64 10
0.23861264 -0.26237801 0.11449170 6 42 0
0.23769999 -0.26522169 0.11646891 39 70 10
0.24125984 -0.26607814 0.11251841 91 113 64
0.23133492 -0.26657280 0.12180986 38 70 7
0.23614641 -0.26611578 0.11847941 54 82 21
0.23126966 -0.26820916 0.12113847 60 89 25
0.23445201 -0.26397967 0.11766674 37 66 12
0.23433891 -0.26416895 0.11928142 24 56 7
0.24529260 -0.26119801 0.10939398 45 74 7
0.23187342 -0.27047870 0.12236793 100 127 56
0.24556062 -0.26198107 0.10899049 37 65 4
0.23001923 -0.27116242 0.12475062 127 160 69
0.22234176 -0.27420819 0.12750609 124 163 20
0.26222795 -0.25815523 0.09936666 130 146 81
0.26043779 -0.25793260 0.09508872 106 123 31
0.26642349 -0.25579858 0.09888093 98 112 59
0.26278767 -0.25714156 0.09286823 99 115 53
0.27216139 -0.25839895 0.26336750 91 126 0
0.27505675 -0.25539294 0.25732315 81 111 0
0.26404899 -0.25082418 0.29848802 59 89 1
0.27150032 -0.24795566 0.26718858 81 103 2
0.27046558 -0.24732690 0.27444556 61 83 0
0.27095684 -0.25254294 0.27110597 70 100 4
0.27396184 -0.25370207 0.26154408 79 106 1
0.27272806 -0.25117183 0.26424083 75 100 0
0.27140081 -0.25319454 0.26998067 70 97 0
0.26821071 -0.24815607 0.29061818 59 82 0
0.26143262 -0.25059807 0.30838078 96 133 28
0.26180926 -0.25044963 0.30769938 94 132 23
0.27222684 -0.24476081 0.26084548 85 106 5
0.27190918 -0.24544583 0.26270273 70 91 0
0.27441844 -0.24392624 0.25264850 101 121 6
0.26718187 -0.25420651 0.27864185 98 130 7
0.26185250 -0.25070620 0.30355078 52 88 0
0.26165786 -0.25102651 0.30239388 65 101 5
0.27422103 -0.24443777 0.25349760 83 104 1
0.27455011 -0.24746314 0.25024354 80 102 1
0.26961079 -0.25191084 0.27786332 88 119 2
0.26916525 -0.24829765 0.28669384 61 83 0
0.26999071 -0.25001413 0.27738151 72 97 5
0.27013594 -0.24899662 0.27679023 65 88 0
0.27400815 -0.25488210 0.26044077 99 129 0
0.27123252 -0.25479582 0.26904240 98 126 3
0.27152124 -0.25569007 0.26729384 91 122 5
0.26530528 -0.24855508 0.30255952 76 107 3
0.26641199 -0.24800213 0.30006114 81 110 2
0.25736517 -0.25029773 0.31324810 95 130 28
0.27839929 -0.25587693 0.24936453 113 145 2
0.26055130 -0.25198910 0.29943848 110 141 21
0.25928938 -0.25234535 0.29925030 109 142 12
0.27655861 -0.25214180 0.24633361 74 102 0
0.27593407 -0.25137776 0.24839729 71 103 0
0.26175204 -0.25209019 0.30258468 116 147 28
0.25708419 -0.25131205 0.30479708 120 155 13
0.25820485 -0.25043082 0.31254202 87 126 19
0.25592530 -0.25074857 0.30784982 126 163 5
0.26075891 -0.25107378 0.31569669 96 135 46
0.26778305 -0.25457808 0.27588183 101 133 10
0.26588556 -0.25755259 0.27337554 85 116 13
0.27051756 -0.24425636 0.27059874 83 103 6
0.27611110 -0.24697044 0.23844014 72 99 2
0.27524099 -0.24760890 0.24518745 74 100 0
0.26969105 -0.24573246 0.28321451 81 102 7
0.26285365 -0.25258344 0.29435241 71 103 2
0.26950225 -0.24651305 0.29496843 147 169 60
0.26873288 -0.24677855 0.29788324 72 99 0
0.26419535 -0.25131911 0.29556379 86 119 2
0.26485163 -0.25168943 0.29324976 90 127 0
0.27498320 -0.25094229 0.25312996 79 106 3
0.27392274 -0.24936993 0.25688422 83 110 7
0.27497628 -0.25297576 0.25754935 70 98 0
0.26825312 -0.24768896 0.29318517 76 102 3
0.27123961 -0.24478756 0.26524517 85 106 1
0.27012056 -0.24339239 0.26940492 67 85 1
0.26685190 -0.25209883 0.28737292 95 127 4
0.26737916 -0.25171885 0.28704643 92 122 0
0.26823246 -0.25107375 0.28662443 78 103 9
0.27035692 -0.24702869 0.27461192 60 82 0
0.27528769 -0.25670087 0.25666445 109 137 0
0.27666783 -0.25032681 0.24180491 68 97 4
0.27615085 -0.24932931 0.24266796 66 90 0
0.27789360 -0.25433302 0.24844745 95 126 7
0.27928814 -0.25487581 0.24525440 94 125 0
0.26008889 -0.25192797 0.32792330 160 199 93
0.26094079 -0.25078219 0.31581894 72 110 0
0.25702450 -0.25231639 0.32560754 152 197 106
0.25412780 -0.25267297 0.33146083 102 141 12
0.25479558 -0.25356248 0.33026150 121 156 14
0.26052701 -0.25215855 0.31617597 148 187 8
0.25634763 -0.25370082 0.32797968 130 173 8
0.25470197 -0.25447971 0.33242908 131 175 16
0.25683755 -0.25128299 0.32309571 121 162 70
0.25909513 -0.25223771 0.32721958 155 193 94
0.25901949 -0.25216326 0.32224497 129 170 74
0.26100028 -0.25051376 0.32101211 101 134 19
0.26343921 -0.25116235 0.31502292 125 147 39
0.25834972 -0.25383011 0.33164647 115 130 63
0.26099628 -0.25271460 0.32240039 130 159 31
0.26543865 -0.25068644 0.31044617 140 166 59
0.26064622 -0.25186950 0.32816958 168 201 94
0.26952779 -0.24461211 0.27945799 132 157 29
0.26331690 -0.25179133 0.30618978 117 146 20
0.27013814 -0.24557245 0.28823939 125 153 8
0.26998797 -0.24530321 0.28366598 126 156 6
0.26358545 -0.25569773 0.28890878 122 153 49
0.26831523 -0.24844034 0.30235532 138 162 48
0.26304007 -0.25138548 0.31341931 113 138 21
0.26130977 -0.25279483 0.29906839 111 142 22
0.25928935 -0.25230774 0.30050173 114 145 15
0.26418188 -0.25203133 0.29951304 102 131 21
0.26671156 -0.25146216 0.29837549 121 154 15
0.26691654 -0.25117418 0.30084765 122 154 21
0.26109004 -0.25377053 0.29233530 122 152 20
0.26505798 -0.25804138 0.28198767 143 175 64
0.26369813 -0.25253102 0.29839140 120 151 34
0.26920828 -0.25381756 0.28228289 132 169 29
0.27057472 -0.25237200 0.28049397 127 161 4
0.26901767 -0.25625470 0.27617896 142 179 39
0.27006528 -0.25071633 0.28369138 130 157 0
0.27120447 -0.25286087 0.27589494 132 168 20
0.27099040 -0.24709542 0.27489218 119 147 0
0.26943067 -0.25117201 0.28903377 134 165 2
0.26870695 -0.25092497 0.29359713 126 159 8
0.26704699 -0.25435585 0.28597865 119 157 48
0.26787406 -0.25548437 0.28195599 146 183 54
0.26597214 -0.25399414 0.28877071 117 153 57
0.27020296 -0.24726047 0.28746688 144 171 6
0.26985729 -0.24934626 0.28758007 115 147 4
0.26161045 -0.25249270 0.32468045 135 139 88
0.26924905 -0.25139073 0.28849611 128 159 4
0.27032253 -0.24826430 0.29427680 147 169 6
0.26962423 -0.25090244 0.28912702 134 163 0
0.26284200 -0.24999394 0.31941658 202 215 159
0.26253363 -0.24901284 0.31831527 168 190 90
0.26531792 -0.24781425 0.30947974 184 213 61
0.25659192 -0.25461665 0.33370999 130 162 27
0.25073010 -0.25366822 0.34422928 174 197 89
0.26024747 -0.25544718 0.28709236 74 105 0
0.26296848 -0.25717208 0.28152356 85 117 0
0.25188142 -0.25611708 0.33921269 127 170 18
0.25730899 -0.25145000 0.31708354 111 153 15
0.25929412 -0.25216916 0.31721851 122 162 4
0.25693512 -0.25099409 0.31941739 125 166 62
0.27037781 -0.24720003 0.27531269 61 78 0
0.26302373 -0.25539002 0.28497258 104 136 3
0.26601461 -0.24788758 0.30699322 156 180 34
0.25905973 -0.25162107 0.30987984 112 147 5
0.25840992 -0.25152481 0.30983683 106 139 6
0.27106547 -0.25221473 0.13385716 70 89 10
0.26757529 -0.25223804 0.12892491 83 107 9
0.26751095 -0.25225502 0.12894802 84 108 12
0.27088755 -0.25194210 0.12774616 87 103 40
0.26451278 -0.25448841 0.13957086 84 108 24
0.26513821 -0.25477177 0.14295761 88 114 27
0.26605269 -0.25703573 0.13248163 107 128 37
0.25896218 -0.25438535 0.09544916 82 106 20
0.26006070 -0.25309715 0.10002071 78 100 17
0.26495939 -0.25273418 0.09476345 73 95 30
0.26436564 -0.25257686 0.09632432 74 100 29
0.26132986 -0.25351399 0.09692355 94 119 36
0.26477614 -0.25212899 0.09760460 72 97 29
0.25965330 -0.25372297 0.10409540 88 110 28
0.26779479 -0.25344217 0.10297384 44 56 18
0.26661488 -0.25410512 0.09808844 75 86 43
0.26648286 -0.25405067 0.09742574 92 105 62
0.26684573 -0.25196150 0.09476607 93 111 59
0.26785165 -0.25107622 0.11783186 84 104 45
0.27069488 -0.25083667 0.12615617 67 82 27
0.25806051 -0.25640240 0.10454769 99 120 17
0.26335281 -0.25216964 0.10448785 91 116 50
0.26814523 -0.25149512 0.10798602 95 110 55
0.26665422 -0.25127888 0.10021178 99 119 58
0.26840726 -0.25604993 0.12268592 140 157 79
0.26929849 -0.25556663 0.12527528 111 127 39
0.26333180 -0.25306690 0.12380273 88 109 16
0.26257023 -0.25367698 0.11995554 95 119 23
0.26251131 -0.25725424 0.11889739 107 128 25
0.26195765 -0.25717226 0.11706802 96 120 10
0.26517603 -0.25544465 0.13962069 99 121 36
0.26380780 -0.25414157 0.13189006 85 108 20
0.25971758 -0.25570971 0.11076147 87 109 8
0.26571432 -0.25716829 0.11575232 98 114 39
0.26226360 -0.25814924 0.11477816 108 130 22
0.26468018 -0.25786459 0.12105407 108 128 29
0.26214159 -0.25424635 0.12474051 86 108 10
0.26216260 -0.25582674 0.12101489 98 121 13
0.26676160 -0.25695518 0.13501984 104 122 38
0.26647061 -0.25708818 0.13329707 102 125 34
0.26905429 -0.25302768 0.10800309 92 106 57
0.26041073 -0.25378436 0.11270580 118 139 48
0.25803238 -0.25452107 0.09891794 97 117 28
0.26156285 -0.25275797 0.11057000 85 106 31
0.26069584 -0.25298056 0.10807528 87 110 30
0.26657733 -0.25189844 0.12230069 66 90 6
0.26587188 -0.25250712 0.12697425 85 110 16
0.26323515 -0.25218338 0.10954907 85 107 42
0.26403978 -0.25202131 0.11522991 85 105 34
0.26226258 -0.25228968 0.10733116 88 114 40
0.26944512 -0.25095779 0.12599853 82 100 26
0.26914802 -0.24970388 0.12172733 141 154 84
0.26023847 -0.25286043 0.16078864 52 85 0
0.25980890 -0.25132054 0.16018964 85 116 12
0.23538996 -0.25946936 0.19822145 128 171 4
0.24725206 -0.25346777 0.18569489 116 157 17
0.26344180 -0.25905293 0.16094045 101 139 18
0.20860001 -0.25815213 0.21061249 108 150 2
0.21257177 -0.26173544 0.20829654 69 104 0
0.25913504 -0.25985131 0.16491044 87 113 50
0.25963709 -0.25860068 0.16773771 77 114 9
0.26260328 -0.25934705 0.15896890 114 143 37
0.26270595 -0.25826859 0.16266771 88 127 10
0.23854630 -0.26125094 0.19684379 135 173 2
0.23393667 -0.26350161 0.19803908 167 211 12
0.21262886 -0.26021230 0.20860597 49 85 0
0.20587754 -0.25463578 0.21176201 153 203 16
0.20975675 -0.25011355 0.21519563 193 233 59
0.21511085 -0.24841507 0.21477221 184 214 18
0.21270779 -0.25167659 0.21375066 173 206 13
0.21615233 -0.25970230 0.20720884 139 182 4
0.20924902 -0.25718263 0.21089141 139 187 15
0.23974296 -0.25610068 0.19107589 75 109 15
0.23989043 -0.25515512 0.19150408 85 125 3
0.23443641 -0.25573891 0.19699457 69 104 4
0.25476736 -0.26019579 0.17213401 69 100 24
0.25164583 -0.25945315 0.17361692 70 108 0
0.21681608 -0.25993234 0.20659226 149 192 27
0.25692740 -0.25900126 0.16590127 25 57 0
0.20322104 -0.25926080 0.21158589 83 120 7
0.23084834 -0.26291209 0.20098455 191 225 14
0.21863300 -0.25276110 0.21200472 146 183 5
0.22152527 -0.25421932 0.20895192 98 142 7
0.23709935 -0.25559008 0.19377160 84 124 12
0.20977372 -0.25294062 0.21293849 132 183 30
0.21592121 -0.25631285 0.20933671 93 133 11
0.25348690 -0.26015958 0.17733707 94 133 26
0.25500804 -0.25863808 0.17525576 96 132 42
0.26015386 -0.25530568 0.16660690 98 131 44
0.25822082 -0.25269669 0.17089222 95 129 42
0.25929523 -0.25276968 0.16723412 76 112 2
0.22998948 -0.25544587 0.20104279 69 111 0
0.22255690 -0.25313079 0.20972021 124 161 6
0.22213471 -0.26108781 0.20314935 125 166 12
0.21256053 -0.24967732 0.21525136 189 230 92
0.22484735 -0.24990328 0.21006793 90 130 0
0.22040735 -0.25601465 0.20703959 102 140 27
0.25978670 -0.25109491 0.16291538 85 114 24
0.22448926 -0.25595832 0.20484893 91 130 21
0.23498553 -0.25842336 0.19722126 130 175 24
0.24827476 -0.25326657 0.18672787 138 176 55
0.24153368 -0.25349605 0.19102827 118 153 7
0.24689564 -0.25855121 0.18587495 122 161 18
0.25834894 -0.25438270 0.16745378 61 100 7
0.24791609 -0.25251296 0.18762045 145 184 57
0.22907682 -0.25694999 0.20177248 98 135 19
0.25148782 -0.25457612 0.17962091 89 130 12
0.22611384 -0.25930735 0.20402987 135 178 3
0.25293976 -0.25611424 0.17678379 62 103 1
0.25573888 -0.25484115 0.17223872 74 111 15
0.24842656 -0.25389028 0.18368287 92 132 7
0.25925800 -0.25247914 0.16405399 70 104 7
0.25206712 -0.25364283 0.17975719 96 138 10
0.25966638 -0.25598848 0.16413252 59 91 0
0.25716034 -0.25713223 0.16643777 68 111 0
0.26091999 -0.25727266 0.16157515 91 125 5
0.21513325 -0.25756437 0.20917407 145 194 14
0.25773451 -0.25317326 0.16927285 85 123 12
0.26181614 -0.25052279 0.16208494 95 128 39
0.25132525 -0.25867707 0.17776304 92 133 3
0.25263387 -0.25859463 0.17232801 76 113 0
0.24186724 -0.25274792 0.19147907 151 189 14
0.23051253 -0.26339647 0.19877042 147 189 0
0.23529881 -0.26215744 0.19894642 143 183 0
0.23621199 -0.26093009 0.19860464 146 187 0
0.22072372 -0.26125556 0.20338401 143 183 22
0.21593946 -0.26210067 0.20677404 80 116 10
0.25054133 -0.25512448 0.18152438 136 174 73
0.25370687 -0.25407451 0.17852798 116 152 54
0.25921595 -0.25322941 0.16948569 101 136 54
0.26157495 -0.25651804 0.16398174 104 139 47
0.22533877 -0.25786990 0.20432210 108 151 10
0.22229218 -0.26092085 0.20327407 135 176 18
0.22396864 -0.25096920 0.21133155 101 141 6
0.26448539 -0.25583789 0.15427849 73 100 7
0.25444564 -0.25850129 0.16849661 73 110 5
0.24271330 -0.25977999 0.19179472 114 151 0
0.21932340 -0.24978971 0.21475202 166 206 74
0.24502729 -0.26018256 0.18856339 127 167 9
0.22303498 -0.25026557 0.21259478 72 109 0
0.25011867 -0.25771248 0.18099491 107 143 21
0.26304233 -0.25827274 0.15755519 112 140 30
0.24332188 -0.26111290 0.19055693 112 148 0
0.22444730 -0.24983774 0.21116565 127 169 31
0.26529613 -0.25582004 0.14758436 71 101 5
0.29890567 -0.23955682 0.14520116 217 225 212
0.29714301 -0.23928560 0.14425649 207 219 199
0.29554892 -0.23914768 0.14343503 203 211 188
0.28792152 -0.24346846 0.13972221 143 164 105
0.29569700 -0.23866257 0.14860094 48 91 0
0.29459468 -0.24454784 0.14595607 57 97 9
0.28895122 -0.24585371 0.13773768 152 160 136
0.28324723 -0.24954416 0.13037764 232 221 225
0.28814182 -0.24713443 0.13962194 58 97 16
0.28413934 -0.24585165 0.13566032 115 135 76
0.27797225 -0.24878702 0.13147129 50 82 6
0.29117507 -0.24264255 0.14423372 39 76 0
0.27899510 -0.24631691 0.12998894 111 136 70
0.30439481 -0.23856218 0.15260117 72 114 30
0.29181787 -0.24484083 0.14353450 67 105 22
0.27489236 -0.24820472 0.12839778 59 91 16
0.29380283 -0.24816640 0.14205058 93 120 89
0.29596195 -0.24662690 0.14608312 42 81 0
0.29291531 -0.24031800 0.14573069 53 93 7
0.28336537 -0.24583514 0.13545571 116 141 75
0.30072248 -0.23686200 0.14681834 168 186 148
0.29406124 -0.24209940 0.14652015 61 95 9
0.30100489 -0.24374130 0.15142047 79 118 37
0.30170509 -0.24276736 0.15163057 73 112 33
0.29008695 -0.24244480 0.14133035 90 106 61
0.27483389 -0.24978870 0.12762479 65 96 28
0.30170777 -0.23520945 0.14921674 112 142 78
0.27878186 -0.24789803 0.12911807 114 136 71
0.28607476 -0.24581946 0.13785362 61 90 8
0.30257067 -0.23470266 0.14868303 140 164 116
0.29309151 -0.24585687 0.20064463 125 148 0
0.29588550 -0.24677134 0.20299217 171 197 44
0.29402518 -0.24623084 0.20138204 155 181 22
0.29156584 -0.24620265 0.19921586 129 147 3
0.29112354 -0.24692526 0.19852775 118 139 2
0.33744633 -0.24731353 0.23319717 172 206 6
0.38850406 -0.24453075 0.24280797 129 159 3
0.39094159 -0.24462989 0.24285050 140 175 19
0.27911487 -0.24337499 0.19619758 123 145 19
0.27946636 -0.24508603 0.20006773 102 127 9
0.27704462 -0.24602085 0.19945201 109 129 4
0.28523326 -0.24708985 0.20198168 156 170 15
0.38180164 -0.24070290 0.25049871 159 210 83
0.38255936 -0.24179628 0.25098243 133 184 55
0.40572327 -0.25312805 0.25233850 99 136 23
0.34197500 -0.23783056 0.24895528 157 187 11
0.40420207 -0.25261748 0.25627556 120 156 34
0.28369430 -0.24597146 0.20356502 92 116 18
0.32709682 -0.23508446 0.22472620 161 187 18
0.33918646 -0.25213054 0.23053539 163 197 14
0.34888926 -0.25223196 0.23253691 95 126 0
0.40152025 -0.25424156 0.25550696 113 153 30
0.40093797 -0.25203660 0.24871929 112 151 22
0.39122254 -0.23566589 0.24097030 93 130 1
0.39538524 -0.23773712 0.24118455 101 138 0
0.38494700 -0.23590080 0.24137861 129 164 46
0.39271426 -0.23835510 0.24147114 109 147 0
0.40046859 -0.23986945 0.24135970 98 133 7
0.37835279 -0.25540054 0.25144136 164 218 72
0.38801587 -0.24139957 0.24206673 145 175 2
0.38445008 -0.24305342 0.24239783 141 171 13
0.39107546 -0.24096286 0.24191865 137 173 5
0.39602453 -0.24207394 0.24193078 151 175 15
0.38927504 -0.23911846 0.24171482 130 167 10
0.36878806 -0.24100968 0.24832857 170 216 84
0.36428398 -0.24171056 0.24670635 165 207 79
0.41254267 -0.25322443 0.25380418 100 133 16
0.38891879 -0.25652248 0.25567561 134 175 21
0.30342916 -0.24215004 0.20598322 178 197 53
0.38456187 -0.25498351 0.25540820 191 244 74
0.36065927 -0.25196633 0.23712830 57 87 0
0.31045660 -0.24263826 0.21049196 191 210 43
0.31374472 -0.24546333 0.21185051 194 216 45
0.34803161 -0.24356933 0.24137475 114 150 2
0.41020903 -0.25289291 0.25096798 94 134 19
0.37773106 -0.25475842 0.25129738 170 221 84
0.37806997 -0.25394106 0.25186142 154 205 78
0.39628649 -0.25505432 0.25606558 150 191 50
0.39262682 -0.24753153 0.24416502 122 158 10
0.38947204 -0.24803163 0.24425082 135 170 18
0.38295808 -0.23254076 0.24952140 172 219 65
0.38600227 -0.23332262 0.24970812 167 218 65
0.38533938 -0.23423587 0.24971706 154 203 60
0.46024078 -0.23970953 0.23536797 115 144 51
0.37421775 -0.23695558 0.24903248 165 210 55
0.37198776 -0.23515466 0.24880752 197 240 65
0.37648490 -0.23276703 0.24919854 156 202 54
0.37256339 -0.23396799 0.24884839 185 228 63
0.37268791 -0.24053819 0.24901097 156 203 71
0.37239227 -0.23880455 0.24890839 176 222 72
0.32157513 -0.24743746 0.21664599 186 209 7
0.30129603 -0.23262341 0.20915821 217 235 55
0.31973433 -0.23630419 0.21458773 158 192 9
0.37248760 -0.25488141 0.24558794 103 146 41
0.39889902 -0.24188533 0.24826252 110 160 35
0.39174619 -0.24281037 0.24996771 107 162 19
0.39590210 -0.24269250 0.24942349 104 155 24
0.39401725 -0.24530643 0.25239518 125 180 16
0.38274533 -0.24077605 0.24189283 149 174 21
0.37397391 -0.24223441 0.24042241 163 191 21
0.37793007 -0.24112158 0.24102302 167 193 32
0.37564218 -0.24400273 0.24113512 158 184 23
0.37610689 -0.24429610 0.24134336 162 185 15
0.36194971 -0.24910638 0.23922209 137 172 10
0.37170035 -0.25222465 0.24290311 101 138 0
0.28282300 -0.24190655 0.19748926 172 177 23
0.36612499 -0.25440904 0.24100576 74 104 8
0.28331456 -0.24293959 0.19778053 150 156 8
0.39259115 -0.24820052 0.24475130 159 192 25
0.28749883 -0.24147071 0.20063266 150 155 3
0.38561070 -0.25509769 0.25039625 130 171 30
0.28810954 -0.24418367 0.19953844 166 172 4
0.39948097 -0.25248951 0.25213292 100 141 13
0.38501367 -0.25352401 0.24821170 134 164 30
0.42163908 -0.24400726 0.23507166 72 118 0
0.41702566 -0.24348611 0.23630454 84 125 5
0.36794740 -0.25391874 0.24174653 86 122 14
0.37986383 -0.24728920 0.24328944 138 164 28
0.37783077 -0.24741200 0.24298979 151 178 21
0.37694776 -0.24645135 0.24242383 138 169 16
0.38750485 -0.24890925 0.24462375 146 177 21
0.40301919 -0.25123164 0.24608722 80 118 7
0.38599345 -0.25024202 0.24573354 151 177 16
0.38928029 -0.25130340 0.24764939 91 131 19
0.39509255 -0.25335178 0.25326964 125 162 22
0.40214112 -0.25113955 0.24592003 94 131 17
0.40274990 -0.23171574 0.23932379 109 136 5
0.39471617 -0.25238860 0.25190881 128 169 31
0.29413551 -0.23465697 0.20985460 189 209 36
0.29189616 -0.23675093 0.20661913 174 189 0
0.29217079 -0.24149048 0.20292681 183 185 0
0.29728261 -0.24429692 0.20581727 185 210 44
0.29693034 -0.24372268 0.20572183 154 176 15
0.29882270 -0.23456915 0.21041301 190 212 41
0.29928759 -0.23622844 0.20944759 231 246 59
0.40134263 -0.25201687 0.24827327 112 153 25
0.30956453 -0.24685907 0.20976251 197 215 77
0.30805123 -0.24530773 0.20917837 181 206 42
0.39201993 -0.25241476 0.25108975 119 157 18
0.35027528 -0.25209838 0.23133661 93 127 4
0.40282920 -0.24993232 0.24393325 107 143 21
0.40008155 -0.24912506 0.24393819 117 157 9
0.28114918 -0.24103183 0.19344203 171 178 48
0.34235361 -0.24642834 0.23669833 167 197 5
0.34520778 -0.24558905 0.23824929 142 177 0
0.28116304 -0.24633482 0.18405062 132 148 41
0.34655058 -0.24797572 0.23845296 173 207 6
0.37690836 -0.24974981 0.24370164 132 163 8
0.32442436 -0.24766567 0.21830399 211 229 23
0.37566906 -0.25512156 0.24728709 159 198 81
0.31654459 -0.24119537 0.21403751 186 210 26
0.31540933 -0.23550996 0.21218511 162 194 23
0.37080839 -0.25079226 0.24210401 147 181 7
0.33817336 -0.23660514 0.24366242 148 173 11
0.32778755 -0.23479457 0.22785215 142 168 32
0.39145038 -0.22727545 0.24304092 100 131 11
0.39710531 -0.22714925 0.24451034 106 131 14
0.28761354 -0.24214815 0.19773495 177 184 55
0.37538156 -0.25359005 0.24487266 99 131 0
0.34313896 -0.23903978 0.24724860 117 143 10
0.34280881 -0.23870748 0.24736939 121 147 11
0.36512646 -0.24752600 0.24006361 160 182 9
0.34935153 -0.25157911 0.23500039 125 161 9
0.36532992 -0.24502383 0.24651912 172 219 91
0.36295837 -0.24513857 0.24562883 174 220 96
0.37249038 -0.24646600 0.24935134 166 220 74
0.33681795 -0.24793963 0.23125969 158 187 0
0.39264977 -0.22429262 0.24656649 118 136 50
0.34715864 -0.24956667 0.23798972 121 153 0
0.32040414 -0.24067083 0.22998354 166 202 40
0.31699401 -0.24145545 0.22570209 180 211 29
0.31725183 -0.24078828 0.22500582 143 177 3
0.31703067 -0.23964353 0.22272190 191 212 13
0.31106111 -0.24305281 0.21864316 185 209 35
0.43109316 -0.24556687 0.23119877 116 168 6
0.42819762 -0.24741724 0.23302138 71 121 0
0.28773287 -0.23926252 0.20062444 142 145 2
0.43650755 -0.24869809 0.22983913 73 122 0
0.43368980 -0.24834086 0.23065940 65 108 0
0.37273595 -0.22798778 0.24796154 168 198 24
0.37288502 -0.22861779 0.24825838 147 182 18
0.37710971 -0.22571598 0.24678862 182 213 58
0.37871993 -0.22751646 0.24779367 160 206 58
0.38496998 -0.22784179 0.24819976 151 204 51
0.38178590 -0.23107053 0.24939443 168 216 68
0.38694623 -0.22598583 0.24711968 161 202 35
0.38326052 -0.22653833 0.24492791 157 190 21
0.38570067 -0.22570615 0.24445413 141 165 53
0.38817918 -0.22842677 0.24876279 142 188 63
0.30160573 -0.23688984 0.20948896 229 244 55
0.32688028 -0.23414519 0.22780487 84 116 7
0.42213282 -0.25483572 0.24745101 142 180 58
0.42467210 -0.25534546 0.24023014 87 123 0
0.33483332 -0.24010511 0.23755875 170 201 11
0.41007459 -0.25266570 0.24949954 97 139 29
0.41608119 -0.23898907 0.23502439 112 150 3
0.29894775 -0.24349213 0.20324403 178 195 19
0.29680601 -0.24557209 0.20236915 143 174 8
0.29207546 -0.23635243 0.20640804 168 185 0
0.27463147 -0.24668677 0.17724191 138 154 30
0.27737328 -0.24742387 0.17748202 90 105 10
0.27763152 -0.24505307 0.18315910 149 162 44
0.27924669 -0.24254268 0.18953383 151 161 36
0.32093483 -0.23630275 0.22617239 133 168 4
0.31928688 -0.23735248 0.22370602 117 152 0
0.32122010 -0.23763132 0.22831754 128 160 1
0.33540979 -0.23358442 0.24422655 144 168 0
0.35902357 -0.24950480 0.23918125 100 137 0
0.27544993 -0.25086826 0.20493136 153 174 47
0.27523816 -0.25076312 0.20204537 173 193 62
0.42735198 -0.25385824 0.23778626 92 125 0
0.40944612 -0.25279459 0.24598651 89 129 14
0.42258760 -0.25664923 0.24450563 141 174 31
0.42273399 -0.25489876 0.24045208 100 135 5
0.29613543 -0.23327284 0.21065451 194 211 35
0.28319889 -0.24548033 0.20426728 89 116 13
0.29615861 -0.23311995 0.20926429 234 250 65
0.28228307 -0.24452746 0.18999632 143 154 34
0.30442449 -0.24734354 0.20743936 196 213 81
0.30391100 -0.24779508 0.20718519 193 211 75
0.36879563 -0.24073634 0.24029431 149 178 28
0.28911063 -0.24148692 0.19877017 137 152 11
0.33222440 -0.23623949 0.23799521 176 200 0
0.29423723 -0.23601221 0.20424652 225 230 102
0.29639503 -0.23761438 0.20349048 200 222 26
0.29827327 -0.23668483 0.20429181 189 209 13
0.38870826 -0.24249396 0.25021136 113 167 30
0.38274479 -0.24117407 0.25075409 147 196 71
0.38814369 -0.24032024 0.24932091 142 193 66
0.27581501 -0.24860939 0.20039727 128 143 18
0.36451682 -0.25005335 0.24010475 122 161 6
0.42983064 -0.25383329 0.24005163 101 145 30
0.32456502 -0.23496407 0.23022941 76 115 0
0.28139013 -0.24265163 0.19191742 130 139 10
0.28343770 -0.24205233 0.19483785 123 125 0
0.32650113 -0.23524979 0.23625983 153 186 7
0.44695234 -0.23587428 0.23506263 142 177 77
0.29088765 -0.23730786 0.20174371 134 145 4
0.43653265 -0.24243999 0.24023983 109 165 58
0.43596280 -0.23907590 0.23914650 88 134 46
0.28139025 -0.24559221 0.18622911 128 138 25
0.43608406 -0.23713653 0.23401444 106 142 44
0.45471761 -0.23851560 0.23702623 204 234 146
0.44146940 -0.23688261 0.23679082 103 156 52
0.44292471 -0.23799999 0.23701483 96 148 40
0.42632794 -0.23875871 0.24116468 112 159 19
0.42712694 -0.23884666 0.24116412 122 171 28
0.41422665 -0.23673187 0.24125662 89 132 16
0.41151568 -0.23406471 0.23764862 66 104 3
0.35469204 -0.25078887 0.23665927 108 141 8
0.41093510 -0.23399581 0.23941694 92 136 23
0.34390539 -0.24122514 0.24410255 142 176 4
0.40614784 -0.23344299 0.24169843 89 136 22
0.30454007 -0.23183970 0.21056369 195 219 45
0.33350039 -0.24130036 0.23512718 138 170 7
0.33423141 -0.24138340 0.23604564 146 181 0
0.32350865 -0.23653229 0.23213315 116 157 3
0.32577902 -0.23566619 0.23610833 172 206 8
0.44392291 -0.23616597 0.23539722 113 160 44
0.40598398 -0.23198259 0.24106663 90 135 32
0.40330699 -0.22936699 0.24294837 84 127 45
0.44027734 -0.24083187 0.23868793 141 196 77
0.43839511 -0.23982541 0.23862486 102 151 62
0.42332217 -0.23740628 0.23877361 99 142 35
0.39377478 -0.22639973 0.24900995 46 73 38
0.40667531 -0.23083556 0.23985913 70 113 6
0.33226004 -0.24112970 0.23353037 148 186 13
0.43159395 -0.23741572 0.23564893 60 93 14
0.31239954 -0.23524714 0.21140207 181 208 33
0.31290200 -0.23379828 0.21307741 205 219 44
0.42856520 -0.23802784 0.23894447 81 127 28
0.33558017 -0.25081253 0.22766881 181 216 0
0.35344917 -0.25171924 0.23124515 68 99 0
0.33138350 -0.23342633 0.23902062 170 193 0
0.29865280 -0.23525415 0.20528975 193 209 15
0.40478197 -0.24689035 0.24275976 100 145 2
0.40131453 -0.24666777 0.24308504 104 145 7
0.39716151 -0.24669629 0.24353619 108 145 16
0.40244657 -0.24424063 0.24230568 112 149 9
0.40457544 -0.24327567 0.24130274 95 137 1
0.30112174 -0.24866587 0.20430760 187 210 80
0.30187634 -0.24922711 0.20494339 183 205 70
0.30821997 -0.23931699 0.21337727 235 251 64
0.41205725 -0.24753702 0.24061228 143 184 18
0.33197129 -0.23740838 0.23500820 175 202 0
0.33835161 -0.23874156 0.24144644 136 167 3
0.41211236 -0.24896945 0.24108538 91 134 3
0.41297138 -0.24197873 0.23728034 72 112 0
0.41350332 -0.23957594 0.23598999 86 122 0
0.40762332 -0.24243012 0.23970819 107 151 6
0.40685242 -0.24321923 0.24036144 81 122 2
0.40622190 -0.23750196 0.23860697 87 125 0
0.40165338 -0.23834996 0.24095964 116 151 5
0.41325113 -0.23866674 0.23575176 98 134 2
0.46118289 -0.24220990 0.23611835 189 216 147
0.45114991 -0.23778608 0.23053037 114 145 8
0.45173579 -0.23853773 0.22938128 126 153 24
0.45535228 -0.23924989 0.22966959 111 139 20
0.39954844 -0.25310242 0.25331154 106 145 28
0.46094945 -0.24203132 0.22440398 77 107 17
0.45859271 -0.23888521 0.23218870 96 123 26
0.43704727 -0.23995264 0.22876333 124 165 7
0.44087794 -0.24038476 0.22767738 118 157 4
0.33780283 -0.25742066 0.22485363 148 187 6
0.32894602 -0.25599575 0.22112393 170 200 40
0.32906592 -0.25455263 0.22163185 179 210 46
0.33669108 -0.25542271 0.22592881 155 191 3
0.44719884 -0.23644865 0.23272553 93 122 14
0.29440394 -0.24489124 0.20071287 194 217 41
0.29299855 -0.24101253 0.20084743 131 147 15
0.33015311 -0.23444507 0.23376523 184 212 6
0.33934093 -0.23712410 0.24445650 134 160 11
0.30969107 -0.25119951 0.21017182 162 189 50
0.31199902 -0.25265118 0.21150473 168 194 69
0.35009006 -0.24490598 0.24032827 144 180 0
0.44073838 -0.23792429 0.22995199 92 129 0
0.33287418 -0.23422839 0.24965470 183 213 57
0.33217701 -0.23364599 0.24630162 210 236 49
0.31167698 -0.24135992 0.21142349 189 211 50
0.44583735 -0.23803855 0.22913006 92 127 7
0.44577947 -0.23652636 0.23214796 107 142 16
0.33721706 -0.24483512 0.23639278 101 141 0
0.45334247 -0.23719482 0.23695819 157 179 104
0.28033435 -0.24518111 0.20398590 84 112 2
0.39811960 -0.22757016 0.24379107 104 132 13
0.39857379 -0.22845972 0.24194908 92 129 0
0.39917541 -0.23375924 0.24040020 95 136 0
0.39983267 -0.23425992 0.24019288 96 137 0
0.39799619 -0.23229107 0.24093325 135 172 17
0.39066380 -0.22909297 0.24249886 127 160 21
0.38378206 -0.23054640 0.24244319 115 161 0
0.38361701 -0.23302516 0.24194354 120 168 6
0.35396263 -0.24724430 0.23997876 150 183 0
0.35721165 -0.24305275 0.24195725 159 195 0
0.36018616 -0.24158546 0.24291839 155 198 0
0.38774541 -0.25209868 0.25718254 157 222 56
0.38773614 -0.25125763 0.25647792 147 207 57
0.38173413 -0.22725372 0.24341474 111 148 0
0.37545282 -0.23049282 0.24401656 122 157 0
0.38313174 -0.23045602 0.24252903 124 167 0
0.38141498 -0.24881914 0.25255972 172 225 73
0.37701419 -0.24926148 0.25113186 162 216 66
0.37846801 -0.24970698 0.25189504 172 228 75
0.37872633 -0.22718523 0.24419330 123 163 0
0.37951919 -0.22780198 0.24379936 159 200 8
0.37388176 -0.24839063 0.24996062 158 211 69
0.38040787 -0.24549642 0.25119987 162 215 75
0.37419289 -0.24578105 0.24976626 162 217 72
0.37859911 -0.24859963 0.25148413 161 216 73
0.37995765 -0.24789774 0.25175092 167 219 82
0.37114739 -0.22886038 0.24611442 152 188 2
0.37223804 -0.23063296 0.24477625 150 184 1
0.36251664 -0.24263352 0.24108568 159 192 27
0.36771557 -0.23471767 0.24560742 165 204 17
0.36886802 -0.23400968 0.24514398 171 208 14
0.46021190 -0.23857760 0.23382433 96 124 14
0.35779026 -0.24463430 0.24044725 171 208 6
0.35661012 -0.24579014 0.24015264 163 199 3
0.37194222 -0.23582411 0.24209411 159 195 43
0.37191427 -0.23695138 0.24138221 158 192 33
0.37127215 -0.23302756 0.24390937 148 190 2
0.40784791 -0.25010115 0.25840998 183 216 77
0.40376475 -0.25033677 0.25917748 46 154 141
0.40277559 -0.25182101 0.25770104 83 124 54
0.39017281 -0.25408262 0.25845766 172 207 79
0.39529046 -0.25141728 0.25979024 192 239 75
0.39287058 -0.25435153 0.25845096 100 129 21
0.40484285 -0.25351587 0.25374985 152 193 39
0.41794074 -0.25347781 0.25093082 117 145 22
0.42040402 -0.25530177 0.24541034 139 172 29
0.33804208 -0.25414726 0.22785148 156 189 12
0.32437316 -0.25129253 0.21832295 202 227 12
0.44944069 -0.23847653 0.23687814 128 187 71
0.44920439 -0.23782080 0.23660934 110 167 54
0.32747924 -0.25337857 0.22055067 196 224 26
0.33921388 -0.23699175 0.25055525 180 206 9
0.33363593 -0.23392640 0.24948129 235 255 87
0.34314916 -0.24098693 0.24370138 136 168 5
0.32680809 -0.23757105 0.23938027 174 206 43
0.32602310 -0.23845255 0.23844054 229 254 75
0.42881170 -0.25036556 0.23344170 90 141 4
0.42995408 -0.25081956 0.23368256 83 132 4
0.46344563 -0.24270266 0.22653410 80 117 3
0.34841672 -0.25278762 0.22859107 73 109 0
0.34568667 -0.24037297 0.24613646 131 160 10
0.32012257 -0.23652515 0.22458991 146 178 5
0.32211924 -0.23570490 0.22709927 126 162 2
0.31095827 -0.23875555 0.21123028 145 181 23
0.46122310 -0.23975244 0.23161237 102 132 18
0.30440947 -0.23558067 0.20715761 193 212 24
0.32937008 -0.23722617 0.24269147 178 213 57
0.47003379 -0.24310450 0.22823989 100 137 24
0.47116002 -0.24329156 0.22885947 84 121 5
0.30283347 -0.24512534 0.21066804 203 231 68
0.30151120 -0.24286038 0.20927148 208 236 73
0.33401397 -0.23796776 0.24979064 198 233 87
0.32663277 -0.24092971 0.22259548 134 173 0
0.35450944 -0.25130948 0.23280241 84 116 9
0.29949972 -0.23965752 0.20374635 203 222 19
0.42825055 -0.24184285 0.23228775 69 123 0
0.42794955 -0.23849559 0.23233308 80 120 8
0.33155358 -0.23384036 0.23739071 177 201 1
0.32520694 -0.24476548 0.21911065 191 217 8
0.42573908 -0.24698356 0.23397377 83 130 0
0.42545837 -0.24776390 0.23419197 85 132 2
0.42668667 -0.24454603 0.23326583 98 146 2
0.38114339 -0.25658265 0.24939211 140 177 48
0.46434641 -0.24236593 0.22718258 90 125 5
0.46539477 -0.24123962 0.23012744 97 135 13
0.29467532 -0.24649255 0.19950821 151 181 7
0.47452226 -0.24542516 0.22483312 97 135 14
0.46239460 -0.24278826 0.22328031 79 111 26
0.46595332 -0.24245672 0.23331545 110 145 51
0.47210988 -0.24407098 0.22962558 106 137 44
0.33674559 -0.24684481 0.23294576 167 201 1
0.35827473 -0.24008977 0.24707763 162 195 4
0.30085361 -0.23309889 0.20732591 228 233 71
0.32189414 -0.23564443 0.21995105 122 161 8
0.46878073 -0.24506073 0.23252249 124 162 85
0.31615141 -0.25272596 0.21373409 173 199 63
0.31844181 -0.25308591 0.21503730 176 200 52
0.37648514 -0.25632399 0.24909626 108 153 26
0.31155285 -0.23994660 0.21645582 218 237 70
0.31126115 -0.24190673 0.21738309 180 209 31
0.31135935 -0.24092540 0.21687983 167 193 24
0.30953869 -0.23225968 0.21400839 183 211 15
0.39673623 -0.24928334 0.25920415 142 203 38
0.32104817 -0.23621745 0.21579851 158 196 0
0.32376367 -0.23677516 0.21853296 138 180 0
0.28759268 -0.24795166 0.18933424 119 142 36
0.31517446 -0.23457794 0.21519609 160 189 11
0.31810263 -0.23489618 0.21381395 143 181 20
0.29242894 -0.24617955 0.19741285 152 179 14
0.28650469 -0.24564104 0.19210702 115 137 28
0.42573285 -0.25111714 0.23544641 133 181 0
0.42465642 -0.25371015 0.23787166 90 130 0
0.41814694 -0.25114435 0.23940359 104 148 11
0.33505473 -0.24913055 0.22761245 182 212 4
0.37523428 -0.23913462 0.24072036 160 192 31
0.37882611 -0.23714191 0.24106120 131 162 35
0.29856187 -0.24066202 0.20806928 219 236 59
0.29694656 -0.23926598 0.20763069 184 195 17
0.29770792 -0.24592809 0.20283379 126 152 0
0.30256486 -0.23910169 0.20997205 229 245 60
0.31451929 -0.23680937 0.21753775 179 208 32
0.30866516 -0.23724033 0.21287492 219 241 45
0.30180767 -0.23901948 0.20963879 225 237 53
0.40385449 -0.24625225 0.25560439 97 149 4
0.39578184 -0.24633500 0.25423688 107 163 10
0.39739573 -0.24521512 0.25285000 120 175 12
0.39699319 -0.24571800 0.25353232 105 158 8
0.31928989 -0.23667566 0.21963654 125 155 0
0.32222006 -0.23481263 0.21760464 161 192 2
0.31593162 -0.25202641 0.21354812 170 197 54
0.32889986 -0.24582916 0.22304928 191 222 4
0.30869043 -0.23348428 0.21346115 181 207 20
0.30625659 -0.23453285 0.21229823 208 225 35
0.42336518 -0.24885009 0.23540941 117 163 3
0.41739389 -0.24723329 0.23777533 73 117 0
0.43545255 -0.24461180 0.22882193 112 159 5
0.43553296 -0.24205734 0.22888742 100 147 5
0.32557824 -0.23417085 0.22225495 187 215 70
0.40611121 -0.23061979 0.23785901 92 128 6
0.32735646 -0.23973630 0.22430341 128 170 0
0.40083060 -0.22752528 0.24459203 93 135 51
0.41575158 -0.25286937 0.24475412 91 131 17
0.41531876 -0.25255224 0.24433877 84 126 16
0.29589501 -0.24265204 0.20180769 191 211 34
0.29697123 -0.24057072 0.20265079 199 218 40
0.42149553 -0.25358298 0.23955581 91 133 0
0.41847494 -0.25162107 0.23970753 83 129 0
0.32494813 -0.23842752 0.22002989 129 172 0
0.33298823 -0.25086030 0.22520393 173 200 1
0.36943451 -0.23638189 0.24247032 128 162 16
0.33564201 -0.23648112 0.24090362 163 192 3
0.27690333 -0.25145447 0.21163277 105 133 0
0.27589205 -0.25086734 0.20899335 128 151 19
0.28041846 -0.25453284 0.20914917 89 119 0
0.27911085 -0.25387883 0.20455554 103 125 0
0.33569601 -0.24505468 0.23508358 90 130 0
0.34379280 -0.25401223 0.22838527 107 142 0
0.30274829 -0.23616254 0.20599276 200 222 25
0.33109355 -0.25011221 0.22374667 191 218 1
0.32778814 -0.24812692 0.22066641 198 224 5
0.36396235 -0.24194139 0.24090376 167 200 33
0.33079445 -0.23950000 0.23148493 172 209 7
0.42475411 -0.23707524 0.23693189 56 96 0
0.43448642 -0.23854089 0.23095781 104 139 0
0.41637856 -0.23784398 0.23568511 98 135 6
0.42115772 -0.23764315 0.23458251 71 107 7
0.41212419 -0.23500046 0.23668201 93 130 16
0.43300253 -0.23842998 0.23169048 118 154 2
0.43048227 -0.23741253 0.23546709 55 88 7
0.34439000 -0.23693769 0.25362790 118 145 2
0.39295131 -0.25526929 0.25465101 113 154 24
0.32947227 -0.25192448 0.22183116 165 195 0
0.33026674 -0.25243044 0.22240888 170 200 0
0.33210972 -0.24506944 0.22826514 186 222 12
0.35372066 -0.24172455 0.24454898 165 200 12
0.35726392 -0.24047878 0.24648881 160 191 0
0.34122425 -0.24918355 0.23395486 119 153 0
0.30710861 -0.24118301 0.20833410 155 186 33
0.30343610 -0.24025765 0.20554648 180 204 30
0.36138570 -0.24541032 0.23951088 166 196 20
0.41142648 -0.23774588 0.23628731 109 146 4
0.40988180 -0.23660612 0.23657089 103 140 1
0.31744653 -0.24868132 0.21397105 193 215 29
0.32952660 -0.24090108 0.22795056 125 173 3
0.39548951 -0.23721410 0.24836005 149 199 52
0.39114943 -0.23850915 0.24864487 148 196 58
0.38448685 -0.23814152 0.24939322 161 213 53
0.38473436 -0.23701204 0.24951640 157 211 53
0.39591169 -0.23901127 0.24807836 127 177 52
0.34482116 -0.25257510 0.23115875 102 134 0
0.39405939 -0.22815207 0.24247338 103 141 6
0.32069516 -0.24076003 0.21686491 177 198 31
0.36681581 -0.24476407 0.23990223 136 167 14
0.36692572 -0.24490990 0.23992023 142 172 22
0.39824629 -0.24746746 0.25655827 104 160 11
0.39931655 -0.24917492 0.25987858 160 220 37
0.35173726 -0.24288642 0.24269730 115 154 3
0.34990585 -0.23952667 0.24615683 187 213 2
0.33647966 -0.22221534 0.16804090 116 166 53
0.34297237 -0.21704954 0.16443576 197 202 196
0.31826711 -0.23129545 0.16029561 44 86 0
0.31870025 -0.22995719 0.16098295 39 82 0
0.32693520 -0.22752945 0.16296597 61 101 2
0.33173171 -0.23082615 0.16070984 185 190 193
0.33450580 -0.23066516 0.16179438 183 209 146
0.33864015 -0.22986764 0.16439758 174 211 115
0.32289192 -0.23070537 0.16122086 84 121 44
0.32737553 -0.22807939 0.16284706 78 113 31
0.32832557 -0.23086683 0.16173393 201 202 204
0.32888854 -0.23192079 0.16040012 194 198 201
0.33967417 -0.22914948 0.16596550 135 176 84
0.33027706 -0.23004353 0.16182974 197 201 204
0.33169815 -0.22679029 0.16361350 132 164 57
0.31883582 -0.23467854 0.15993084 79 118 27
0.31185228 -0.23671368 0.15642662 87 127 38
0.35058445 -0.22110021 0.16414800 171 212 74
0.35031638 -0.22202668 0.16470303 158 199 69
0.31855902 -0.22893532 0.16120178 41 86 3
0.36491638 -0.21691838 0.16261670 119 153 67
0.35438827 -0.22180615 0.16529453 139 180 60
0.36564958 -0.21630189 0.16400369 109 140 81
0.35862571 -0.21461478 0.16365141 201 216 177
0.35428983 -0.21762201 0.16191944 152 200 64
0.35601795 -0.21465415 0.16146302 154 153 158
0.34473693 -0.21936014 0.16544944 198 209 193
0.35046500 -0.21657169 0.16362993 164 169 163
0.34146994 -0.22135329 0.16622002 106 145 0
0.36047676 -0.21936874 0.16561592 96 136 50
0.33968079 -0.22241174 0.16618834 98 143 14
0.34481993 -0.21632855 0.16433941 216 216 218
0.34300473 -0.22160514 0.16574529 206 218 198
0.34781224 -0.22419040 0.16547418 149 187 76
0.35812595 -0.21854901 0.16376489 150 191 51
0.33973047 -0.22540054 0.16228592 167 166 182
0.33922768 -0.22549134 0.16268705 182 182 194
0.33949184 -0.22289592 0.16550025 95 137 11
0.31984746 -0.22957791 0.16107629 47 85 0
0.34181315 -0.22548619 0.16386557 186 217 113
0.34084371 -0.22063205 0.16726393 118 167 49
0.36238319 -0.21474417 0.16515476 83 121 48
0.33210829 -0.22494113 0.16496716 94 141 0
0.34689125 -0.22249995 0.16885687 123 170 58
0.36073595 -0.21717006 0.16951874 56 84 23
0.35933104 -0.21745737 0.16949046 77 108 48
0.35437250 -0.21855649 0.16841277 114 152 65
0.35225543 -0.21557865 0.16556738 100 144 57
0.36529088 -0.21544617 0.16979751 57 88 20
0.34795091 -0.22093444 0.16858333 117 158 54
0.35144138 -0.21725005 0.16644436 98 145 41
0.32045510 -0.23691604 0.15991046 93 122 29
0.32116407 -0.23699813 0.15754452 184 195 181
0.35052258 -0.22302154 0.16952890 107 142 26
0.32910588 -0.22655657 0.16387068 101 149 49
0.34701985 -0.22379072 0.16942279 114 160 36
0.36444959 -0.21494608 0.16516121 76 113 44
0.33406538 -0.22624736 0.16547604 134 187 81
0.33762988 -0.22271730 0.16756548 120 168 59
0.35349068 -0.22236504 0.16702479 128 168 53
0.35694227 -0.22204813 0.17008638 141 183 45
0.36162719 -0.21859196 0.16631033 97 138 68
0.34688675 -0.22227775 0.16874185 110 153 45
0.36134544 -0.21867882 0.16742404 93 135 63
0.36405501 -0.21708789 0.16570336 142 184 98
0.33625069 -0.22741647 0.16580282 128 175 71
0.32669079 -0.23464628 0.15982126 170 186 150
0.36291328 -0.21736373 0.16806981 101 133 86
0.35840899 -0.21869387 0.17052136 106 137 59
0.32255891 -0.23242098 0.16173972 92 134 36
0.35518038 -0.22069333 0.17071435 143 180 74
0.35548544 -0.22176526 0.16694605 122 166 43
0.32324353 -0.23569033 0.16196127 97 135 34
0.32551473 -0.22916517 0.16247389 70 112 12
0.32842049 -0.22982424 0.16342799 84 132 32
0.32305101 -0.23579514 0.16072133 169 196 155
0.33680430 -0.23047549 0.16704978 131 182 51
0.33348563 -0.23214029 0.16581094 98 136 35
0.33076099 -0.23143606 0.16640159 102 147 42
0.33479467 -0.22956976 0.16584510 123 176 58
0.33493680 -0.22903167 0.16573186 127 180 64
0.28669792 -0.25701040 0.22762516 102 132 0
0.28383356 -0.25454167 0.23130064 126 153 0
0.28205186 -0.25325432 0.23102005 142 169 2
0.28204221 -0.25468090 0.23691566 143 172 2
0.28860551 -0.25666127 0.22421215 115 142 1
0.28264609 -0.25498590 0.20841324 77 106 0
0.28491431 -0.25474298 0.21365932 89 128 3
0.28928235 -0.25474378 0.22065459 137 158 5
0.27748835 -0.25186232 0.21734020 100 131 1
0.27897152 -0.25318703 0.21308260 109 140 2
0.28014895 -0.25462890 0.22264646 102 133 3
0.28710327 -0.25260511 0.21295352 134 160 9
0.28632376 -0.25483611 0.21911876 122 155 2
0.28394195 -0.25568581 0.21701758 68 103 0
0.28147343 -0.25547826 0.23207089 77 111 1
0.28161591 -0.25532046 0.23585333 82 116 0
0.28469041 -0.25739598 0.23594840 132 164 3
0.28160292 -0.25548556 0.21384920 90 121 1
0.28157645 -0.25523522 0.22291438 86 120 0
0.28005549 -0.25495026 0.24245861 95 127 2
0.28350493 -0.25698581 0.23932679 128 160 0
0.27739891 -0.25032780 0.23553282 65 95 0
0.27977958 -0.25354442 0.23376136 88 119 2
0.28559008 -0.25836888 0.23248039 98 130 7
0.28337085 -0.25673592 0.23768689 74 110 0
0.27809167 -0.25228474 0.23969330 74 102 2
0.27842477 -0.25249532 0.23877867 74 102 0
0.28248641 -0.25579163 0.23073478 74 108 0
0.28162140 -0.25555095 0.23069860 78 114 4
0.28898853 -0.25744006 0.22411275 117 144 5
0.28613770 -0.25720593 0.22677696 100 129 1
0.27741334 -0.25018793 0.22664133 83 114 0
0.27746889 -0.24923715 0.23053068 101 128 13
0.27850565 -0.25241295 0.22483091 88 121 6
0.27914459 -0.25346529 0.22347899 92 122 0
0.27602041 -0.24175985 0.25117943 159 189 7
0.27938870 -0.24546896 0.23440562 158 183 3
0.27857119 -0.24863990 0.23678812 135 167 0
0.27625132 -0.23936082 0.25296995 148 179 15
0.27001852 -0.25767514 0.26815248 89 124 0
0.28587061 -0.25174659 0.20681624 77 108 5
0.28006139 -0.24449313 0.23221362 174 195 4
0.28161430 -0.24689676 0.22771363 166 189 0
0.28014106 -0.24510300 0.23209746 170 193 0
0.27581179 -0.24355900 0.24460223 112 135 21
0.27815193 -0.24178180 0.23774628 106 132 7
0.27635711 -0.24518816 0.23853968 82 108 17
0.28815264 -0.24753508 0.21642371 80 121 3
0.28285632 -0.24429075 0.21127893 103 132 6
0.28171507 -0.24519050 0.20649643 110 138 17
0.28297076 -0.24306874 0.21647327 109 142 0
0.28874156 -0.24732201 0.22311348 121 166 5
0.28619152 -0.24139680 0.22524393 73 109 0
0.28627172 -0.24123895 0.22574770 79 114 0
0.28880242 -0.25127944 0.21421842 121 147 20
0.28888017 -0.24518175 0.22679119 128 173 20
0.27005574 -0.25537977 0.27478456 144 181 16
0.27097598 -0.25551534 0.27246344 144 184 10
0.27769223 -0.24369192 0.24098086 151 176 0
0.27854115 -0.24225843 0.24049413 150 174 0
0.27152309 -0.24734500 0.27271467 119 148 0
0.27352676 -0.25007352 0.26441631 123 157 1
0.27381977 -0.24991654 0.26258174 127 159 0
0.27283740 -0.26032457 0.26124477 112 143 3
0.27112019 -0.25876629 0.26563931 99 137 0
0.28912178 -0.25220889 0.22155318 131 167 15
0.28857374 -0.24625519 0.22292006 122 161 6
0.27791631 -0.24487710 0.22679909 107 132 14
0.27800110 -0.24440745 0.23219107 101 127 17
0.27805293 -0.24437761 0.23069087 102 129 14
0.27389973 -0.25425711 0.26292521 144 181 15
0.27393088 -0.25624868 0.26266068 145 184 13
0.27566126 -0.24524911 0.25103644 148 177 0
0.27346721 -0.24383509 0.25836894 133 164 0
0.28310230 -0.24403924 0.23150556 149 180 0
0.27106631 -0.24301286 0.26511598 83 106 2
0.27190709 -0.24326840 0.26267514 120 152 0
0.28584155 -0.24281114 0.23155218 132 174 2
0.28261977 -0.23966910 0.24077019 150 179 0
0.27341488 -0.25070959 0.26571214 130 163 12
0.27156180 -0.25289237 0.27357122 133 168 16
0.27124146 -0.24984436 0.27431187 120 154 0
0.28346306 -0.24584964 0.22747044 165 188 0
0.27210471 -0.24109532 0.25946987 90 112 4
0.28145123 -0.24056426 0.23923951 142 179 1
0.26915497 -0.26115260 0.27033663 165 207 83
0.27147105 -0.25967309 0.26644939 158 196 59
0.27636391 -0.25423121 0.25653708 154 192 17
0.27570948 -0.25721326 0.25876415 161 202 38
0.27482513 -0.25068733 0.25711662 130 167 2
0.27452725 -0.24778137 0.25545913 130 162 0
0.27417514 -0.24676715 0.25651979 125 157 0
0.28523150 -0.25100064 0.22483835 134 173 6
0.28317052 -0.24894689 0.22592787 151 189 5
0.28261581 -0.25309989 0.22973740 140 170 0
0.28345403 -0.25314379 0.22828539 142 172 0
0.28386432 -0.24112932 0.22371162 118 154 2
0.28436267 -0.24044444 0.22766061 133 171 6
0.27791804 -0.26163319 0.25759143 164 208 59
0.27336237 -0.25854996 0.26362294 159 197 36
0.27695552 -0.26105884 0.25851023 167 207 58
0.27503389 -0.26204836 0.26175210 182 219 61
0.27174431 -0.26090571 0.26553291 171 212 72
0.28154171 -0.25654855 0.24443518 139 172 0
0.28166968 -0.25653866 0.24409828 139 172 0
0.27932769 -0.25962192 0.25422207 164 206 46
0.28059608 -0.25995013 0.25277138 156 198 26
0.26690176 -0.25839353 0.27233389 101 138 0
0.27832413 -0.24497613 0.21661974 131 150 32
0.27976310 -0.24406807 0.21684802 106 126 11
0.28026217 -0.25972244 0.25177911 153 190 24
0.28074458 -0.25418723 0.23996218 140 173 0
0.28020313 -0.25355032 0.23944879 147 185 2
0.27651218 -0.24767278 0.24385010 137 164 0
0.28436860 -0.24053045 0.23731282 145 178 3
0.28337476 -0.24085447 0.23697521 143 175 6
0.28164774 -0.25649247 0.24185009 94 128 7
0.27849239 -0.25392440 0.24623406 138 179 1
0.27842873 -0.25287741 0.24430725 140 184 0
0.27617010 -0.24451029 0.24839509 159 182 4
0.27632666 -0.24427794 0.24632120 163 183 8
0.27595842 -0.25254920 0.25544229 134 169 4
0.27584484 -0.25290188 0.25662464 135 171 3
0.27963853 -0.25465286 0.24488418 141 176 0
0.27922624 -0.25561130 0.24819097 155 191 7
0.28098205 -0.25773385 0.24574551 101 133 0
0.27680561 -0.24906074 0.21720959 122 147 30
0.27761215 -0.24635571 0.21811196 115 140 20
0.27708939 -0.24769780 0.22051491 102 131 3
0.27533069 -0.23950677 0.25398690 152 183 20
0.27452061 -0.24262542 0.25080842 90 112 11
0.27529591 -0.24056172 0.25014216 112 140 3
0.27949381 -0.24232411 0.22687681 93 117 5
0.27872604 -0.24384984 0.22132897 107 127 14
0.28987294 -0.25012738 0.21787794 140 180 22
0.28833294 -0.24866842 0.22039823 124 165 9
0.27698869 -0.24314010 0.24510193 148 172 0
0.28538075 -0.24233352 0.22208779 89 126 0
0.27743223 -0.23996072 0.25043669 148 181 6
0.28275156 -0.24050963 0.23114799 118 150 4
0.28178617 -0.24060126 0.23306607 104 135 0
0.27963161 -0.24523103 0.20730945 77 102 1
0.27845511 -0.24593888 0.20734617 116 136 13
0.28524837 -0.25302351 0.20882417 106 141 0
0.28717133 -0.24706507 0.21140490 74 111 6
0.28738829 -0.24630260 0.21551083 80 119 4
0.27270082 -0.25699580 0.26519752 147 183 11
0.27222621 -0.25319713 0.27078626 133 172 21
0.27787754 -0.23883733 0.24505369 95 120 3
0.27854225 -0.23889694 0.24450359 92 120 0
0.27888170 -0.24031015 0.23737882 129 155 19
0.27793708 -0.23866667 0.24741460 91 118 0
0.26758051 -0.25920349 0.26991630 123 156 3
0.27706334 -0.24769971 0.21302527 119 144 26
0.27689546 -0.24693933 0.20767044 125 143 25
0.28609559 -0.24989437 0.20693052 65 101 13
0.27959698 -0.25143284 0.23511650 143 185 0
0.27739075 -0.24817523 0.24051705 136 164 1
0.27792481 -0.24025722 0.24056961 136 161 18
0.27657512 -0.23884204 0.24789658 106 137 0
0.29480007 -0.24456957 0.14110038 200 201 195
0.29839912 -0.24206400 0.14401068 209 212 205
0.30076954 -0.24448808 0.15136713 76 113 36
0.30635715 -0.24028641 0.15046406 156 178 139
0.31693155 -0.23889431 0.15605333 193 206 188
0.25651786 -0.25791010 0.09666859 93 110 32
0.28011632 -0.25110456 0.13114460 54 84 14
0.27634588 -0.25229195 0.12647845 45 63 25
0.27469510 -0.25254691 0.12639682 80 100 47
0.27216068 -0.25224090 0.11729284 152 145 135
0.27502242 -0.25201917 0.12060378 176 176 186
0.28603345 -0.25117442 0.13560936 125 137 99
0.28477052 -0.24998160 0.13544068 49 82 3
0.27950972 -0.25014624 0.12782902 219 221 210
0.27569222 -0.25095928 0.12215759 211 217 217
0.30548397 -0.23440291 0.15414262 55 100 0
0.30543137 -0.23583317 0.15013152 207 217 190
0.30563530 -0.23784941 0.15008967 181 197 152
0.28298256 -0.25170299 0.13062918 244 234 232
0.28636488 -0.25136530 0.13533288 219 219 207
0.28797522 -0.24833785 0.13576111 162 161 157
0.31038448 -0.23887148 0.15328169 117 143 95
0.26495388 -0.25744668 0.10759048 116 133 65
0.26125911 -0.25799033 0.10811509 107 127 28
0.25805852 -0.25814575 0.10408555 106 128 17
0.29371959 -0.24630755 0.14063843 216 213 222
0.29502180 -0.24566980 0.14124233 213 212 220
0.25970456 -0.25808129 0.10024032 102 121 13
0.25032359 -0.25758684 0.09658218 111 132 67
0.30341932 -0.24371704 0.14734961 161 187 152
0.29245341 -0.24873181 0.13962214 140 154 163
0.28849047 -0.25090790 0.13678177 198 200 179
0.29286891 -0.24611720 0.14017616 209 202 209
0.25947881 -0.25823936 0.10562281 94 115 12
0.25224400 -0.25810298 0.09502774 107 129 56
0.27416754 -0.24852842 0.12361672 142 155 109
0.25023800 -0.25840133 0.10074449 132 156 60
0.29749352 -0.24854220 0.14398621 164 185 168
0.31165373 -0.23476735 0.15489946 83 127 3
0.27757788 -0.24749017 0.12771440 112 130 70
0.31188506 -0.23561706 0.15492480 79 125 1
0.27207318 -0.25388402 0.12657481 124 132 81
0.31512716 -0.23827773 0.15729710 83 121 20
0.26882398 -0.25601712 0.11788492 90 106 61
0.29651168 -0.24924169 0.14234661 159 174 155
0.28767657 -0.25087243 0.13677149 159 166 132
0.31017110 -0.23366255 0.15670927 65 109 11
0.30948019 -0.23661992 0.15557419 85 125 39
0.31106663 -0.24094956 0.15440401 57 92 10
0.26821628 -0.25556895 0.11071502 107 123 76
0.30729508 -0.23729309 0.15426223 82 122 36
0.30382350 -0.24146844 0.14798969 165 189 139
0.27505031 -0.25337911 0.12292887 69 84 41
0.30831063 -0.23995671 0.15154965 163 183 155
0.26587498 -0.25703701 0.10545608 98 115 63
0.26766530 -0.25617731 0.11027727 106 122 73
0.31061473 -0.24206170 0.15351295 170 187 153
0.31904781 -0.23425117 0.15880512 90 131 3
0.32032406 -0.23613295 0.15772995 186 204 166
0.27226833 -0.25363842 0.11535551 127 128 96
0.26956168 -0.25416267 0.11154107 103 115 79
0.30051860 -0.24507755 0.15046480 64 90 25
0.30524552 -0.24390158 0.15051360 112 143 86
0.30203277 -0.24397461 0.14511807 228 232 231
0.27171481 -0.24910364 0.12174529 184 197 151
0.27491879 -0.25370848 0.12156652 140 144 129
0.27945274 -0.25186640 0.12530625 214 205 200
0.32450065 -0.23313771 0.16045141 194 206 196
0.30704948 -0.23409899 0.15190379 111 146 52
0.31059512 -0.23178677 0.15737823 61 103 1
0.31764004 -0.23088357 0.15992932 57 97 1
0.45785400 -0.24842972 0.22420569 88 127 20
0.45049262 -0.24403617 0.22408685 101 135 14
0.45039850 -0.24141814 0.22583461 86 122 0
0.45134082 -0.24285945 0.22483109 87 121 1
0.44891232 -0.23925489 0.22777927 94 133 6
0.44815096 -0.23986559 0.22714330 79 112 0
0.47665414 -0.24612638 0.22368865 100 138 19
0.47480389 -0.24577877 0.22183317 61 97 23
0.46044877 -0.24835443 0.22985885 123 159 85
0.45683515 -0.24400704 0.22159603 81 108 53
0.45279154 -0.24503464 0.22253673 82 108 34
0.46881902 -0.25007099 0.22430819 88 124 50
0.47311720 -0.24707526 0.21794431 48 78 14
0.46798769 -0.24528955 0.22055760 60 89 25
0.45512879 -0.24958734 0.22785352 91 126 32
0.41056481 -0.25099331 0.25668332 142 181 52
0.47131526 -0.24912696 0.21905199 85 118 27
0.47687298 -0.24776319 0.21704261 54 85 28
0.46898916 -0.24509694 0.22309192 68 101 12
0.46595410 -0.24744828 0.21950378 47 76 9
0.47794881 -0.25011998 0.21981719 92 128 66
0.48179159 -0.25149691 0.21888372 76 111 47
0.47022304 -0.25018209 0.22791323 141 173 74
0.41089404 -0.24958956 0.25554281 83 132 6
0.40676761 -0.24815652 0.25644726 96 147 6
0.47310987 -0.24914245 0.22821315 141 169 110
0.42953360 -0.24042256 0.24161769 101 151 40
0.45886263 -0.24333420 0.22136584 90 123 52
0.45597264 -0.24971060 0.22733824 90 128 25
0.45260888 -0.24889882 0.22589578 70 107 12
0.45215046 -0.24795517 0.22483858 63 101 2
0.47097245 -0.24938229 0.22942650 146 173 80
0.43353650 -0.24975350 0.23908095 104 148 63
0.43350852 -0.25178659 0.23791213 88 126 67
0.41537738 -0.25116807 0.25240627 91 140 14
0.44342083 -0.24075101 0.22679169 104 138 0
0.44679907 -0.24518389 0.22429642 93 133 0
0.44016662 -0.24645130 0.22711709 98 138 5
0.46896723 -0.24646291 0.21937473 54 84 24
0.44631523 -0.24789098 0.23386575 111 151 80
0.44565418 -0.24776530 0.23424175 114 154 81
0.44193971 -0.24527608 0.23771434 123 168 85
0.47870705 -0.24751084 0.22416055 123 153 63
0.42000848 -0.25052363 0.24817251 92 142 27
0.46507591 -0.24871279 0.22980073 125 160 68
0.46703601 -0.24967450 0.22275893 81 118 25
0.46382415 -0.24901164 0.22276868 91 131 19
0.46316469 -0.24863836 0.22224283 70 110 11
0.46206504 -0.24360682 0.22160897 74 105 45
0.40808415 -0.24713777 0.25351244 99 148 5
0.46589971 -0.24932505 0.22728531 120 154 77
0.41876215 -0.24467228 0.24595493 104 154 19
0.42012754 -0.24502201 0.24538834 99 151 25
0.42088085 -0.24052559 0.24310751 91 143 32
0.41697595 -0.24833095 0.24893627 92 144 17
0.40405434 -0.24623133 0.25551128 94 143 0
0.40344334 -0.24441725 0.25188884 97 150 10
0.41031748 -0.24518582 0.24892402 99 150 11
0.40796128 -0.24583341 0.25071171 102 156 8
0.40720853 -0.23979715 0.24516031 103 157 37
0.41211042 -0.23763384 0.24293329 100 146 11
0.41354343 -0.23933673 0.24360844 118 170 34
0.40571573 -0.24122947 0.24634431 126 176 55
0.41526923 -0.24209510 0.24500871 111 159 49
0.40173632 -0.23674656 0.24521564 107 158 39
0.40387362 -0.23568334 0.24413747 92 137 18
0.41408938 -0.24702255 0.24990606 103 157 19
0.42726791 -0.24389552 0.24241534 107 158 53
0.42519647 -0.24624190 0.24337278 101 153 42
0.42799401 -0.24179493 0.24206999 113 166 58
0.41303065 -0.24470091 0.24762157 126 179 9
0.41476434 -0.24330269 0.24609885 86 139 25
0.41045281 -0.24425600 0.24779654 117 172 8
0.42199048 -0.25178468 0.24784410 91 138 22
0.48008221 -0.24761312 0.22328292 89 125 27
0.47966093 -0.24771874 0.22024298 68 103 21
0.48176855 -0.25020930 0.21738558 60 91 47
0.45431048 -0.24751361 0.23176108 128 168 98
0.45279223 -0.24832837 0.23096582 101 135 75
0.48105955 -0.24893947 0.22229046 86 125 16
0.45082685 -0.24489632 0.23492943 114 153 74
0.45095173 -0.24578875 0.23427464 113 154 78
0.39752123 -0.23168688 0.24686123 98 141 36
0.39903966 -0.23145980 0.24591097 100 146 37
0.46352157 -0.24823084 0.22088246 70 109 2
0.39358342 -0.23460656 0.24867073 125 175 54
0.39673442 -0.23232898 0.24747226 105 146 28
0.39961192 -0.22699156 0.24612355 105 141 51
0.44131392 -0.24847624 0.22757252 100 142 0
0.44016051 -0.24937478 0.22864451 93 137 2
0.45082194 -0.24663231 0.22332206 94 135 13
0.42944944 -0.25132379 0.24073863 100 150 51
0.45771465 -0.24512096 0.22034469 92 111 79
0.45568237 -0.24645458 0.23301689 107 146 67
0.46121213 -0.24597950 0.23306355 132 169 63
0.46224090 -0.24628821 0.23267823 130 168 59
0.45865750 -0.24729583 0.22232048 62 99 0
0.42227307 -0.25263512 0.24820498 97 145 27
0.43589267 -0.25256798 0.23411809 60 90 16
0.42429790 -0.24851087 0.24468534 127 178 39
0.42075762 -0.24768738 0.24616945 102 152 31
0.47207415 -0.24505019 0.22217155 52 90 17
0.39904845 -0.23336847 0.24608134 127 165 17
0.39904788 -0.23485231 0.24652800 116 158 48
0.45215517 -0.24325411 0.23620448 134 181 67
0.43683368 -0.24442540 0.24058884 118 167 76
0.42920911 -0.24513820 0.24206041 114 166 58
0.45341590 -0.24998036 0.22739604 60 92 19
0.44855091 -0.24760181 0.22444624 106 147 6
0.40972781 -0.25212476 0.25558552 92 124 23
0.46473664 -0.24828355 0.23057547 139 176 73
0.44008148 -0.25115791 0.23196569 53 88 22
0.44026801 -0.24943684 0.23562616 99 141 69
0.43092835 -0.24764408 0.24180786 129 178 60
0.43679404 -0.24815828 0.23832893 118 165 61
0.44317153 -0.24735454 0.23566592 113 155 81
0.44237700 -0.24727787 0.23610526 109 148 83
0.45448127 -0.23978566 0.23714076 157 205 85
0.45624673 -0.24220495 0.23681104 151 196 67
0.44521233 -0.25005585 0.22980620 52 83 26
0.34742045 -0.23807681 0.25144112 118 145 2
0.36262885 -0.22977716 0.25255159 192 221 51
0.26956344 -0.25238797 0.16973676 93 118 17
0.33119136 -0.24725500 0.23480894 148 185 69
0.32596084 -0.25055537 0.23116799 172 214 68
0.32815394 -0.24748887 0.23308407 153 192 75
0.35105142 -0.25206411 0.22908717 74 107 2
0.35413593 -0.25321457 0.23426785 97 135 16
0.32506648 -0.24327289 0.23465535 179 214 60
0.32760248 -0.24409816 0.23638676 195 228 61
0.30438629 -0.26246777 0.21597302 202 222 29
0.34585702 -0.23637697 0.25444528 110 135 0
0.31386426 -0.25463390 0.21308745 183 211 49
0.28428110 -0.25995487 0.19191365 170 179 62
0.30921963 -0.24973561 0.21724346 192 220 97
0.30527487 -0.25046560 0.21268219 174 202 66
0.31458071 -0.25964856 0.21610028 199 216 78
0.35439548 -0.24739462 0.24156140 165 211 77
0.35481471 -0.24792989 0.24145307 165 208 77
0.35197124 -0.24884051 0.24001144 158 201 70
0.34976551 -0.24374881 0.24192649 141 185 50
0.35136664 -0.24329835 0.24270034 139 181 47
0.32820073 -0.24600707 0.23381102 156 200 61
0.33168086 -0.24413574 0.23876779 182 215 48
0.30101117 -0.24667348 0.20865624 193 221 49
0.30566528 -0.24651109 0.21339856 201 231 58
0.27205184 -0.24875745 0.18775646 176 196 73
0.27123493 -0.24859609 0.18428253 134 148 25
0.29877418 -0.25250581 0.20494062 170 203 50
0.29940087 -0.25157636 0.20587212 178 210 67
0.34303591 -0.24982727 0.23657434 154 194 62
0.33360067 -0.24993101 0.23417112 169 211 63
0.32338777 -0.25408033 0.22866245 183 222 67
0.33214650 -0.24966840 0.23400137 172 216 67
0.33239064 -0.24881896 0.23467338 178 219 91
0.30821979 -0.25458810 0.21137625 183 211 30
0.34589639 -0.25413463 0.23217739 138 178 63
0.34395248 -0.25487012 0.23144922 149 190 72
0.29941642 -0.25653490 0.20616363 186 207 80
0.29807752 -0.25690228 0.20543817 186 207 78
0.28355002 -0.25948995 0.19622852 136 148 0
0.28769505 -0.26319766 0.19979735 160 173 31
0.33670422 -0.25934023 0.22551040 170 207 78
0.27405471 -0.24877596 0.19575669 138 158 27
0.30120519 -0.25274888 0.20778064 179 212 59
0.29974878 -0.25439236 0.20607649 185 219 47
0.28543368 -0.25529665 0.18517917 118 132 53
0.28522274 -0.25675970 0.18704236 162 170 51
0.29373825 -0.25006682 0.19458979 162 176 141
0.29150924 -0.24941047 0.19218454 116 132 67
0.27651307 -0.25858927 0.18126939 147 157 34
0.27745590 -0.25917652 0.18565565 136 149 35
0.27768621 -0.25916857 0.18563424 146 157 39
0.27615270 -0.25838485 0.17973755 139 154 27
0.28561139 -0.24833632 0.20090066 170 181 27
0.27536643 -0.25570101 0.18980590 112 128 3
0.29945764 -0.25853628 0.20953698 196 214 70
0.30476734 -0.25891295 0.21269532 211 221 109
0.35154527 -0.23968990 0.24713999 166 198 25
0.27570230 -0.25810117 0.18952678 105 119 5
0.33973438 -0.24023147 0.25103313 157 190 41
0.34017351 -0.24051960 0.25064942 137 168 13
0.27931789 -0.25847062 0.19184726 111 123 0
0.27257851 -0.24766922 0.17922957 112 128 3
0.27287334 -0.24758868 0.17758884 128 139 17
0.28336489 -0.24893151 0.18135838 112 132 37
0.28281122 -0.25031039 0.17527933 112 127 60
0.33978811 -0.24297285 0.24621977 138 171 6
0.33776402 -0.24439533 0.24138999 160 190 14
0.34041852 -0.24353662 0.24223647 147 181 6
0.29530725 -0.24997298 0.20051405 169 196 65
0.29515806 -0.25003478 0.20028019 174 201 68
0.29344517 -0.25204450 0.19728358 115 139 1
0.36527351 -0.25460857 0.24118756 67 95 11
0.36653900 -0.23752311 0.24845058 170 214 65
0.36204898 -0.25190386 0.24270205 146 186 74
0.36479834 -0.25168443 0.24429458 157 197 85
0.27160114 -0.24960676 0.17475735 98 115 3
0.27108482 -0.24968635 0.17806081 94 107 0
0.28230852 -0.25285029 0.20322162 76 104 19
0.28520954 -0.24825151 0.18566997 113 133 34
0.31537545 -0.26405308 0.22044399 176 196 36
0.36242694 -0.23979861 0.24700338 173 218 63
0.35997331 -0.24322411 0.24536754 138 181 65
0.28696918 -0.24960101 0.19692986 127 144 3
0.29012999 -0.25067952 0.19538680 117 139 4
0.33787161 -0.24269378 0.24763690 127 158 2
0.33084437 -0.24170060 0.24222986 152 187 43
0.35061762 -0.24283433 0.24319248 148 192 47
0.35238516 -0.24189189 0.24451686 156 196 48
0.32643890 -0.25374651 0.22966321 193 236 68
0.32963705 -0.25402144 0.23033088 191 234 57
0.32598382 -0.25515425 0.22865000 177 223 62
0.33382568 -0.25687128 0.22962533 173 214 60
0.30713236 -0.25441071 0.21564682 197 232 67
0.30632472 -0.25321963 0.21441431 185 219 60
0.28495654 -0.25098586 0.18046315 125 141 78
0.27464983 -0.24500427 0.19486919 114 129 2
0.35457963 -0.23133326 0.25425240 108 141 0
0.35917845 -0.23167287 0.25014585 116 155 0
0.35786980 -0.23040614 0.25170913 172 207 16
0.36189792 -0.23141178 0.25001904 120 156 4
0.36658686 -0.22877291 0.25157809 191 232 44
0.28644961 -0.25952333 0.19432408 179 190 62
0.37033707 -0.23024751 0.24995211 154 197 55
0.35554528 -0.23275711 0.25474116 144 185 45
0.27452669 -0.25758338 0.17459884 124 143 18
0.27803066 -0.25802079 0.17894590 135 150 47
0.27890307 -0.25770050 0.17867228 134 146 48
0.36158183 -0.23076721 0.25276762 187 220 45
0.35981032 -0.23153971 0.25304633 185 218 41
0.35643789 -0.23333667 0.25217670 173 207 32
0.27149412 -0.25461981 0.18344688 155 169 46
0.27259871 -0.25699618 0.17836213 131 147 25
0.27247289 -0.25690365 0.18081048 140 155 30
0.35746735 -0.23613907 0.24892707 164 211 21
0.35728917 -0.23536374 0.24964827 137 183 25
0.32826364 -0.25976050 0.22094597 194 214 55
0.32138205 -0.26039582 0.21866500 185 204 52
0.27104634 -0.25245360 0.18265618 137 153 20
0.37254778 -0.23225190 0.24888380 162 208 57
0.37170801 -0.23124518 0.24916403 168 209 55
0.30641973 -0.26356184 0.21768498 183 213 53
0.32325473 -0.24799392 0.22998163 160 200 75
0.31924281 -0.24955955 0.22651453 179 218 89
0.31761494 -0.25474805 0.22448568 203 238 92
0.31622913 -0.25415212 0.22333311 184 222 75
0.31968769 -0.25455129 0.22621867 196 235 82
0.27607295 -0.25959989 0.18794508 133 148 43
0.27952743 -0.25935945 0.18703775 143 154 34
0.27350169 -0.24411228 0.19339804 207 219 91
0.30465692 -0.25803038 0.21175094 199 212 96
0.28371081 -0.26008677 0.19658394 136 149 0
0.28635588 -0.25464514 0.19380675 126 148 3
0.29383740 -0.25994870 0.20508558 147 166 15
0.27807596 -0.24156055 0.19202796 165 175 40
0.29178634 -0.25580630 0.19556274 149 171 63
0.29025692 -0.25605220 0.19381657 157 174 60
0.31546929 -0.25836813 0.21539688 198 218 59
0.30677909 -0.26136059 0.21616004 190 206 56
0.30989277 -0.26307052 0.21819036 162 184 37
0.31092915 -0.26046616 0.21629423 198 213 70
0.29458165 -0.25898945 0.20384316 168 180 42
0.29677016 -0.25764275 0.20533928 195 211 87
0.28130314 -0.25492570 0.20339006 68 98 0
0.27536610 -0.25301981 0.19085896 101 120 2
0.28595066 -0.24882218 0.18542604 118 138 43
0.29061541 -0.26287615 0.20201959 177 188 34
0.29140624 -0.26365396 0.20415117 167 180 38
0.29122177 -0.26071703 0.20070034 168 182 35
0.27903041 -0.25390756 0.20288648 93 117 0
0.28049433 -0.25491956 0.20491800 85 111 2
0.27773345 -0.25308463 0.19961074 106 128 2
0.31656903 -0.25928006 0.21620202 188 208 49
0.34281880 -0.24561819 0.23927487 155 195 73
0.33980298 -0.24633329 0.23821691 159 199 77
0.34291932 -0.24626811 0.23887154 186 226 103
0.36611262 -0.22828774 0.24964507 168 202 17
0.36383092 -0.25279415 0.24310771 135 175 76
0.36598459 -0.24895273 0.24616702 169 213 89
0.36624172 -0.24910361 0.24624138 172 214 90
0.36083916 -0.24922593 0.24324337 166 207 89
0.30378157 -0.25487912 0.20919158 182 207 51
0.29526612 -0.25255644 0.19711791 152 179 84
0.29515719 -0.25224233 0.19668250 154 180 91
0.34800169 -0.25240624 0.23412310 123 164 32
0.35281688 -0.25136566 0.23822047 144 185 55
0.29212764 -0.25817662 0.20173278 142 158 8
0.29116911 -0.25888017 0.20183079 140 156 8
0.29113653 -0.25359860 0.19534163 119 139 5
0.28912529 -0.25951481 0.20098069 147 164 8
0.29116383 -0.25263676 0.19077769 128 149 82
0.28993827 -0.25065589 0.18971418 129 145 98
0.28160119 -0.25305972 0.19709362 73 99 0
0.33529937 -0.24475579 0.23888563 154 192 55
0.33652470 -0.24332237 0.24482659 163 196 29
0.34737787 -0.24337222 0.24235484 151 188 46
0.34645301 -0.24370033 0.24173136 147 185 48
0.28896171 -0.25211194 0.19543710 119 140 3
0.28448704 -0.25278699 0.19555520 123 137 2
0.28213981 -0.25161102 0.20076455 73 98 6
0.28130329 -0.25320640 0.19870076 82 107 13
0.32603505 -0.24115215 0.23790379 186 221 77
0.33536607 -0.23945419 0.25091928 179 213 66
0.33345708 -0.23980352 0.24777131 168 202 53
0.34719601 -0.23889193 0.25075603 104 132 0
0.29303783 -0.26229289 0.20932730 136 160 12
0.34785581 -0.25368571 0.22871579 117 161 40
0.28613317 -0.25822645 0.19086127 160 170 48
0.32162410 -0.24246530 0.23209885 197 227 77
0.31967252 -0.24505708 0.22889644 204 237 86
0.28265882 -0.25762016 0.18359092 165 171 63
0.28427124 -0.25593010 0.18386866 157 169 71
0.28616619 -0.25371969 0.18373333 110 132 67
0.28505614 -0.26056892 0.19581191 159 171 35
0.35737631 -0.25242758 0.23888920 132 171 65
0.27581915 -0.25975862 0.18915851 137 150 42
0.31583083 -0.25943208 0.22360860 172 207 63
0.31195548 -0.25842053 0.22008979 201 233 74
0.30725542 -0.25758162 0.21588521 193 224 61
0.31871048 -0.25649390 0.22562340 180 215 69
0.29579240 -0.25922507 0.20639795 159 184 22
0.27360603 -0.25216797 0.19036186 109 127 5
0.27322844 -0.25014782 0.19134831 139 155 33
0.34055001 -0.25714403 0.22693819 145 189 66
0.37403050 -0.25397533 0.24879131 158 206 96
0.29688400 -0.26044047 0.21056864 182 203 46
0.28965294 -0.25739670 0.19468251 184 194 61
0.34226331 -0.25653723 0.22924449 168 212 99
0.28673491 -0.25238848 0.18455678 122 144 79
0.30200905 -0.25935709 0.21327595 207 233 74
0.35403809 -0.23151614 0.25435063 125 157 0
0.31851169 -0.24351031 0.22856505 178 211 60
0.31451011 -0.24561943 0.22303580 208 237 71
0.31927234 -0.24283099 0.22972995 185 218 65
0.31329492 -0.24330240 0.22256637 153 186 9
0.31166568 -0.24788585 0.21969612 164 195 57
0.31545866 -0.24877532 0.22339611 197 227 113
0.30996346 -0.26254806 0.22000399 174 208 61
0.29641181 -0.26060984 0.21023864 172 201 47
0.30193609 -0.26176763 0.21486223 180 203 51
0.27163294 -0.24678889 0.18533331 133 150 20
0.34591773 -0.25211012 0.23440859 141 183 73
0.34174863 -0.25235587 0.23435961 172 209 78
0.34488589 -0.25400737 0.23246764 156 196 63
0.34581620 -0.24038981 0.24988073 138 172 26
0.34086153 -0.24212959 0.24883713 122 156 0
0.27771637 -0.24231486 0.18957345 182 193 62
0.30037853 -0.25610399 0.20804130 185 217 48
0.29697666 -0.25792319 0.20630059 176 207 43
0.29874623 -0.25777048 0.20792174 186 218 49
0.30342922 -0.25983605 0.21479397 217 243 82
0.30501100 -0.25875849 0.21475415 197 222 56
0.29941389 -0.25302354 0.20325728 171 197 36
0.29917759 -0.25062543 0.20151335 166 189 99
0.36666858 -0.23134616 0.24923374 149 188 9
0.28019217 -0.25431150 0.19423638 83 100 0
0.32502788 -0.26485321 0.22381492 196 221 77
0.31756550 -0.26387474 0.22067010 187 206 52
0.29024890 -0.25998852 0.20208731 152 169 13
0.28750697 -0.26181620 0.20066923 146 162 11
0.27182484 -0.25585616 0.17673680 136 152 30
0.35787714 -0.23376575 0.24949852 138 171 6
0.35716096 -0.23827732 0.24804693 197 216 10
0.36090121 -0.23738520 0.24860182 197 221 11
0.27040482 -0.25396320 0.16871729 95 123 13
0.27047157 -0.25340143 0.17271808 110 130 17
0.30912068 -0.25803095 0.21398799 188 210 63
0.36876324 -0.22754276 0.24801955 144 185 21
0.32527295 -0.26113078 0.22686885 171 218 54
0.32493207 -0.26180434 0.22655030 152 198 37
0.28731331 -0.25606099 0.19438115 121 142 5
0.28899449 -0.25532770 0.19574125 128 146 8
0.28987724 -0.25455254 0.19102207 143 164 69
0.29145870 -0.25742352 0.19709556 186 193 61
0.29213431 -0.25735277 0.19791247 180 189 48
0.32958651 -0.26426354 0.22570549 206 239 86
0.36776716 -0.23415147 0.24612953 165 196 6
0.36592972 -0.23566809 0.24645257 158 194 0
0.35427183 -0.25319031 0.23483823 97 134 18
0.34921098 -0.23991330 0.24739036 160 197 57
0.27211073 -0.24574405 0.18551663 134 153 12
0.27341336 -0.24404517 0.18636689 155 176 23
0.33058298 -0.26149583 0.22315705 185 211 50
0.32455161 -0.26355082 0.22219045 194 215 48
0.32315722 -0.26312366 0.22115971 185 205 46
0.29418519 -0.25724351 0.20255077 137 157 6
0.29664496 -0.25421825 0.20226623 175 205 49
0.29707786 -0.25509542 0.20372243 180 211 48
0.31696016 -0.25997201 0.22414573 177 211 73
0.31433764 -0.26182315 0.22243564 190 224 67
0.35396802 -0.23174694 0.25235334 136 168 0
0.30204308 -0.25247747 0.20592009 172 201 49
0.30264133 -0.25403357 0.20780410 185 211 52
0.28302461 -0.25382346 0.17685400 114 139 74
0.28241450 -0.25286093 0.17378643 132 153 84
0.34839481 -0.23574023 0.25266811 97 125 0
0.35042283 -0.24620040 0.24084304 167 210 79
0.34757179 -0.24890691 0.23843820 162 205 72
0.35085198 -0.24479444 0.24173762 169 209 95
0.35239998 -0.23638758 0.24913472 173 206 3
0.32420948 -0.26038823 0.22697571 175 222 58
0.33228686 -0.25717288 0.22924900 181 222 55
0.34186214 -0.24010247 0.25094819 142 176 20
0.35189915 -0.23523770 0.25373754 139 180 39
0.32343298 -0.26290864 0.22538586 160 205 40
0.31770256 -0.26249650 0.22341688 171 211 62
0.27075106 -0.25054431 0.18123916 132 149 19
0.35087609 -0.23740838 0.24967334 133 169 19
0.34698120 -0.23751009 0.25387019 137 167 17
0.33361059 -0.26029447 0.22759268 166 214 76
0.32961723 -0.26360014 0.22623251 172 217 62
0.31440642 -0.25216395 0.22187534 194 229 83
0.31433612 -0.25010881 0.22217157 200 230 116
0.35950440 -0.23949155 0.24681754 166 213 59
0.35082686 -0.23626086 0.25334907 123 163 5
