,plant_num,transpiration,model_log,labeled_canopy_area,total_area,factor_canopy_area,cnn_radius_0.01,cnn_radius_0.02,cnn_radius_0.03
0,1,37.97,failed,1231.693,1359.372,1525.873345712,1724.155,1724.155,1724.155
1,8,71.57,failed,2062.331,2280.3500000000004,2304.2583516399995,2603.65,2603.65,2603.65
2,11,33.8,failed,541.852,627.0219999999999,1111.867577242,1256.367,1256.367,1256.367
3,2,98.36,failed,1633.31,1831.2269999999999,1995.9589703979998,2255.337,2255.337,2255.337
4,9,113.33,failed,2766.653,3099.5009999999997,3116.583494005,3521.663,3521.663,3521.663
5,16,110.55,failed,2479.284,2820.904,3123.9386209619997,3529.927,3529.927,3529.927
6,3,78.1,failed,2249.073,2561.133,2556.259284877,2888.46,2888.46,2888.46
7,6,93.57,failed,2724.709,3063.228,3381.4202786899996,3820.954,3820.954,3820.954
8,13,123.66,succeeded,3233.65,3688.02,3690.6329665159997,4169.738,4076.57,3868.557
9,17,116.73,succeeded,2265.225,2515.536,2801.3431597219997,3163.741,3149.995,3064.108
10,7,55.32,failed,1709.142,1934.683,1947.774083209,2201.025,2201.025,2201.025
11,14,96.69,succeeded,2433.5860000000002,2796.634,3097.328831846,3484.345,3426.635,3365.779
12,18,83.74,succeeded,1891.095,2071.273,2412.910860591,2718.277,2692.914,2571.251
