0.36430621 -0.12401807 0.20510931
0.36735678 -0.13265812 0.19664070
0.36797318 -0.12671463 0.20208459
0.36786607 -0.15112436 0.16765013
0.36951625 -0.14066656 0.18646429
0.37030748 -0.14434652 0.17945476
0.36313042 -0.11797503 0.21136883
0.35898218 -0.16139327 0.14470477
0.36423841 -0.15568833 0.15663826
0.32240441 -0.26804641 0.14228027
0.32793656 -0.27716285 0.13562763
0.32319361 -0.27095073 0.13752402
0.32238171 -0.27342489 0.14057654
0.32799086 -0.27890015 0.13752465
0.31921798 -0.27234927 0.14105897
0.32469612 -0.27320629 0.13616854
0.32381612 -0.27216715 0.13625719
0.32108182 -0.26721656 0.14052041
0.35776684 -0.36480287 0.20725271
0.35905552 -0.36397159 0.20722704
0.36963567 -0.38051286 0.21038368
0.35616538 -0.36712742 0.20700561
0.36113057 -0.35519481 0.20111012
0.36444971 -0.36346665 0.20404847
0.37089431 -0.38645586 0.21133085
0.35568035 -0.35026589 0.18860145
0.36361694 -0.36232385 0.20189808
0.35173228 -0.34371650 0.18677156
0.36889628 -0.37616578 0.20753358
0.36131021 -0.35094166 0.19594479
0.34988320 -0.34531203 0.19343631
0.36431429 -0.37833717 0.21131617
0.36416531 -0.37643373 0.21121204
0.36141628 -0.35809684 0.19509408
0.37210765 -0.39342216 0.20794502
0.35715759 -0.35829028 0.19468075
0.36493528 -0.36808446 0.20084229
0.36539283 -0.37021917 0.20906952
0.36724693 -0.37397319 0.20483977
0.35982564 -0.36924091 0.20154025
0.36395562 -0.37386483 0.20398499
0.35230631 -0.34577024 0.18765688
0.34974483 -0.34521836 0.19179431
0.34921014 -0.34154901 0.18733650
0.36439794 -0.35876268 0.19844925
0.36783022 -0.38686088 0.21047734
0.36390749 -0.36045855 0.19970708
0.36130181 -0.37919441 0.20826481
0.35826275 -0.37408859 0.20536295
0.37271565 -0.39285183 0.21025999
0.27341184 -0.17705160 0.20844606
0.26599026 -0.16103122 0.19804211
0.27924970 -0.17932136 0.21138868
0.26445830 -0.14196058 0.19054456
0.27002630 -0.16389576 0.20309325
0.27154076 -0.16793770 0.20730455
0.27385226 -0.17945687 0.20509288
0.26638612 -0.15854017 0.19690233
0.27167991 -0.17553680 0.20529285
0.27800170 -0.17481764 0.20615771
0.26893762 -0.16768470 0.20159291
0.27265653 -0.16915435 0.21114497
0.27286443 -0.16970038 0.21164854
0.26943833 -0.16135520 0.19724178
0.28003499 -0.17362921 0.20874350
0.26634079 -0.16062799 0.19860105
0.27604860 -0.17140779 0.21039885
0.27434003 -0.16807584 0.20946313
0.26497814 -0.15213428 0.19447924
0.27490720 -0.16816524 0.20258769
0.27458924 -0.16214785 0.20128517
0.27530015 -0.16350541 0.20209084
0.27289110 -0.16441661 0.19967592
0.26433286 -0.14713714 0.19049968
0.27300766 -0.17539595 0.20379122
0.36620411 -0.38523725 0.20984183
0.37688699 -0.39303279 0.20581698
0.36858204 -0.38671732 0.20781383
0.37585139 -0.38750592 0.20757489
0.37704834 -0.39241129 0.20991759
0.37809321 -0.39136422 0.20699678
0.37323821 -0.38783419 0.21233009
0.37306845 -0.38498458 0.20991589
0.36343670 -0.38134032 0.20748349
0.37043169 -0.14266455 0.17909594
0.36798787 -0.15219006 0.16099235
0.36890540 -0.15086032 0.16390175
0.35697049 -0.16391821 0.13863400
0.37150940 -0.14507458 0.17343862
0.34883109 -0.34055287 0.18898018
0.35416281 -0.35153803 0.19701137
0.35759556 -0.35568041 0.20316693
0.35669720 -0.34878621 0.19334620
0.35310006 -0.35803866 0.20313421
0.35468182 -0.35857415 0.19487189
0.35601223 -0.36136615 0.20567310
0.35790506 -0.34638646 0.19107768
0.35235482 -0.35532871 0.20162116
0.35488421 -0.36277887 0.20562918
0.35214877 -0.34911522 0.19274606
0.35222015 -0.35259935 0.19438155
0.35533154 -0.36374122 0.20386495
0.34953466 -0.35682899 0.20030037
0.35018089 -0.35225418 0.19760561
0.35095087 -0.35408780 0.19654062
0.35625383 -0.34214431 0.18835914
0.35211655 -0.34473935 0.19112521
0.35091010 -0.34772786 0.19558753
0.35817149 -0.36727163 0.20396715
0.36909467 -0.12731411 0.20082948
0.37235096 -0.14290023 0.17925097
0.36619008 -0.12388167 0.20374317
0.37117770 -0.14483504 0.18139280
0.36354989 -0.11817826 0.20700282
0.36782753 -0.12801869 0.19899140
0.37004089 -0.13339543 0.19155760
0.36394089 -0.15704909 0.15174143
0.37097609 -0.13923223 0.18867607
0.36685935 -0.15401052 0.16190039
0.35675678 -0.16530704 0.13652721
0.36522469 -0.12360166 0.20675233
0.28783807 -0.22204931 0.21106166
0.28694105 -0.22475995 0.20896634
0.29533294 -0.24396694 0.21234304
0.28754592 -0.19538623 0.21472247
0.28234044 -0.21694587 0.21107750
0.27347937 -0.20399670 0.21843180
0.28469110 -0.22239171 0.21054426
0.29106551 -0.23298343 0.21222177
0.28392124 -0.19127050 0.21189544
0.27042854 -0.19677943 0.20926850
0.27102762 -0.19947806 0.21468078
0.27539411 -0.21444242 0.21730337
0.27673879 -0.21569102 0.21597677
0.31606820 -0.26627070 0.19482370
0.31718606 -0.27032384 0.19146152
0.30570328 -0.25888452 0.20723867
0.29897952 -0.25151804 0.21474169
0.28225845 -0.19075821 0.21053159
0.31075531 -0.27620766 0.18840593
0.28955257 -0.22084410 0.21591690
0.30573753 -0.25471240 0.20634823
0.32028687 -0.27127230 0.19160961
0.30126733 -0.24389131 0.21038234
0.27349204 -0.19751355 0.20847088
0.27911499 -0.17996325 0.20700847
0.28232795 -0.18376887 0.21150449
0.28190425 -0.18724535 0.21137340
0.27175429 -0.18285835 0.20577954
0.28512016 -0.22499095 0.21455707
0.28604841 -0.22508486 0.21469469
0.27698269 -0.18585108 0.20615046
0.30844691 -0.25784743 0.20301493
0.31492370 -0.26766700 0.19516078
0.27387130 -0.18970810 0.20677504
0.27419713 -0.19021331 0.21064271
0.27389842 -0.18657550 0.20957863
0.27663288 -0.19444022 0.21259572
0.28041285 -0.19197012 0.21282373
0.27564269 -0.21014167 0.22006023
0.27337989 -0.19526209 0.20788807
0.27982566 -0.19285557 0.21101956
0.30748764 -0.26315290 0.20323487
0.30978483 -0.26781610 0.19842747
0.27239424 -0.17766175 0.20581259
0.27592796 -0.18269277 0.20940705
0.27783981 -0.18552177 0.21112077
0.31895417 -0.27637151 0.18633801
0.32700023 -0.28733414 0.17112392
0.27865404 -0.21600054 0.21874599
0.32020599 -0.27952960 0.18329355
0.31741491 -0.28169394 0.18479137
0.31092119 -0.28008497 0.18769556
0.32447857 -0.28015009 0.18089579
0.32543001 -0.28207660 0.17818791
0.31383878 -0.27430728 0.19125769
0.32901531 -0.28208956 0.17864704
0.27439293 -0.20845933 0.21318215
0.28012732 -0.21869665 0.21359767
0.27143964 -0.19536114 0.21100736
0.28663373 -0.22285390 0.21528700
0.29088491 -0.22885661 0.20918907
0.29455104 -0.23760910 0.20811673
0.28034452 -0.20435764 0.21259743
0.28370678 -0.20330286 0.21345796
0.28260949 -0.21639924 0.21821383
0.27441907 -0.18517175 0.20612052
0.28172222 -0.21085945 0.21202469
0.28620243 -0.22891593 0.21053024
0.28543189 -0.22772019 0.21173711
0.27855271 -0.19693223 0.21374241
0.29199687 -0.23871888 0.20990773
0.27591154 -0.19045764 0.20695247
0.29327846 -0.23304787 0.20758465
0.29463741 -0.23200952 0.20795496
0.26948118 -0.15959778 0.20294461
0.26858011 -0.15672264 0.19975021
0.27049646 -0.15970296 0.20621349
0.27335298 -0.15993606 0.20172961
0.26876587 -0.15567826 0.20051976
0.27425644 -0.16078627 0.19994223
0.26187462 -0.13874045 0.18687934
0.26442629 -0.14262304 0.18769746
0.26670542 -0.14777325 0.19187613
0.26736042 -0.15306732 0.19632618
0.26912954 -0.15022661 0.19633994
0.26399383 -0.13707587 0.18867277
0.26429665 -0.13865927 0.18536362
0.34664664 -0.32170340 0.24411884
0.34596121 -0.32453668 0.24035326
0.34421876 -0.31933850 0.24135265
0.38215798 -0.36080408 0.28759608
0.36805925 -0.33104712 0.24001062
0.34469783 -0.32501373 0.23766218
0.34357148 -0.31958693 0.23875454
0.33193347 -0.30459642 0.22166295
0.36212602 -0.32117859 0.23714773
0.33348519 -0.30548728 0.16769558
0.36838919 -0.32650954 0.25528470
0.36027598 -0.33541113 0.25970635
0.36087921 -0.33489779 0.25980440
0.35747421 -0.32037506 0.24051169
0.35828486 -0.32124707 0.23037089
0.36652228 -0.32399666 0.25220820
0.36325383 -0.32155526 0.23541990
0.35772744 -0.33413148 0.25780690
0.35335347 -0.31784755 0.22742362
0.33641276 -0.30200368 0.19820864
0.33463880 -0.29851705 0.20780700
0.35700443 -0.31892708 0.23249552
0.34945577 -0.31678653 0.23174158
0.33952737 -0.30597612 0.21485527
0.33748278 -0.30217651 0.20515890
0.33908248 -0.30497146 0.21623585
0.33911300 -0.30490860 0.21878183
0.36416927 -0.32257244 0.24041282
0.34346077 -0.31415659 0.23208891
0.34280020 -0.31176612 0.23724066
0.33125317 -0.30237466 0.15122035
0.36906523 -0.32956216 0.24409530
0.36708769 -0.32667434 0.24525820
0.35712808 -0.34762493 0.26512709
0.35700807 -0.34720963 0.26504213
0.36475679 -0.34860644 0.26988643
0.35546172 -0.33940861 0.26046261
0.35826677 -0.34849665 0.26799786
0.33517119 -0.29864720 0.21119051
0.33161327 -0.30018592 0.20816334
0.33450404 -0.30233663 0.17519414
0.33514550 -0.30253354 0.17905529
0.33566493 -0.30508041 0.22162822
0.34756085 -0.31240889 0.23883189
0.33352837 -0.30021423 0.21298769
0.32976261 -0.30226645 0.21312352
0.36037260 -0.32492909 0.23244081
0.35066551 -0.31922254 0.24713412
0.33216977 -0.30457199 0.15290822
0.37841409 -0.36054441 0.27281174
0.36714762 -0.32644695 0.24790661
0.35632324 -0.31686309 0.24216023
0.32444710 -0.30270782 0.19859336
0.33304632 -0.30440491 0.17686589
0.33203077 -0.30584216 0.18083932
0.37882826 -0.35641927 0.28164271
0.33606461 -0.30392388 0.18238735
0.33603781 -0.30322784 0.17904514
0.33602008 -0.30562118 0.18944661
0.33515057 -0.30389899 0.15567856
0.33251390 -0.30442160 0.15830560
0.33235517 -0.29757628 0.16740713
0.33483252 -0.30408007 0.16767500
0.33616310 -0.30719319 0.13943681
0.37948990 -0.35997528 0.27637038
0.34461457 -0.31361836 0.23985033
0.34396040 -0.31741905 0.24160703
0.33619475 -0.30006102 0.15422843
0.33534449 -0.29826015 0.15468100
0.33480248 -0.30032438 0.14983104
0.33529738 -0.30630150 0.15104316
0.33259305 -0.30216956 0.14151387
0.33620006 -0.30642065 0.15374675
0.39189896 -0.36652583 0.28772289
0.34192082 -0.30885905 0.23123354
0.34906945 -0.31301370 0.23630622
0.33375585 -0.31144893 0.20393942
0.33521608 -0.31165361 0.20700552
0.35787505 -0.31900394 0.24849917
0.38732448 -0.37230274 0.28573167
0.39024836 -0.37076241 0.28676078
0.35755154 -0.31974170 0.24939926
0.33635947 -0.30549210 0.15342067
0.33420876 -0.31412667 0.20978242
0.36337271 -0.32123968 0.25327137
0.36331904 -0.32218066 0.24686407
0.32752773 -0.30173573 0.16151950
0.36002034 -0.35110581 0.26070473
0.36161083 -0.35081860 0.26028514
0.33761191 -0.30523422 0.19803435
0.33685327 -0.30916277 0.19954900
0.33577785 -0.30220905 0.19213833
0.33680737 -0.30274397 0.19433418
0.36044303 -0.33149838 0.25792319
0.35739735 -0.33046609 0.25636625
0.34454477 -0.32823840 0.23865506
0.34288168 -0.32883748 0.23767446
0.37473461 -0.35348099 0.26905555
0.35262233 -0.32567301 0.24986500
0.33002689 -0.29949698 0.19743924
0.32778803 -0.30079409 0.19759296
0.33523619 -0.30754375 0.14625855
0.34571758 -0.31577176 0.22880670
0.33876663 -0.30539450 0.20552832
0.33860505 -0.30950287 0.20730652
0.35631919 -0.33365235 0.25648820
0.34362951 -0.31586978 0.23309445
0.37913439 -0.35745844 0.27677321
0.33994231 -0.31028444 0.21549432
0.34099251 -0.31227022 0.21592323
0.34145039 -0.31714278 0.21986257
0.34185094 -0.31733695 0.22069639
0.34908077 -0.33330345 0.24832296
0.32978910 -0.30167353 0.16936903
0.32998130 -0.30498111 0.16506244
0.37927401 -0.35841241 0.27620405
0.32779139 -0.30097166 0.15941024
0.32880497 -0.30136523 0.20585786
0.37936085 -0.36119285 0.27592605
0.33509946 -0.30349734 0.16060002
0.33501813 -0.30382609 0.15692478
0.33430788 -0.30174363 0.17366946
0.34556624 -0.32966107 0.24050987
0.35972500 -0.32125235 0.25210300
0.34351036 -0.31773695 0.23203214
0.38305348 -0.36099812 0.28851846
0.37476695 -0.35236776 0.26178274
0.36138508 -0.32661930 0.23319541
0.34895337 -0.31582913 0.23313095
0.34275982 -0.31088769 0.22563055
0.35933882 -0.35163572 0.26675564
0.36557531 -0.35531271 0.26617363
0.36805519 -0.34984490 0.27582064
0.37536898 -0.35232124 0.27304530
0.37072483 -0.35197794 0.27206472
0.37822267 -0.35608533 0.26708266
0.36612129 -0.35143101 0.26018023
0.36542627 -0.35250849 0.26349348
0.36005393 -0.32527438 0.25561002
0.36885950 -0.35381854 0.26169086
0.37437347 -0.35416555 0.26657495
0.32789302 -0.30146560 0.16347145
0.38073298 -0.36226243 0.28179422
0.31049362 -0.33107537 0.13778533
0.33618528 -0.30693284 0.13793996
0.33313695 -0.30381024 0.14207223
0.33257031 -0.30245733 0.14144905
0.31639776 -0.27907816 0.19164965
0.29475525 -0.21518964 0.21697299
0.29965028 -0.21806146 0.21250665
0.30922982 -0.26586938 0.20461221
0.28489879 -0.21047744 0.21676393
0.28553939 -0.21459085 0.21668194
0.27384797 -0.20428534 0.21879880
0.28620440 -0.20090525 0.21141827
0.27987888 -0.20825709 0.21844329
0.27682501 -0.20051834 0.21491210
0.30946741 -0.24938150 0.20757973
0.30801317 -0.25579008 0.20506071
0.29024917 -0.20665456 0.21723509
0.29696342 -0.21573961 0.21122044
0.28858468 -0.19963519 0.21263324
0.28558496 -0.19985676 0.21542090
0.28899488 -0.20611198 0.21676956
0.28421819 -0.19961669 0.21502605
0.28446114 -0.20171164 0.21552968
0.28864941 -0.21187027 0.20933123
0.28238484 -0.19418280 0.21409416
0.30188122 -0.24533251 0.21143389
0.30989045 -0.25770950 0.20469271
0.30100700 -0.23897798 0.21381712
0.29597563 -0.21049072 0.21436539
0.32531732 -0.29277769 0.17047001
0.30303687 -0.22550052 0.21612738
0.30490267 -0.22804484 0.21580149
0.30913135 -0.24962486 0.20589417
0.28579167 -0.21605885 0.20989038
0.29793006 -0.24548860 0.21353607
0.29369903 -0.24064316 0.21211657
0.31059682 -0.24618119 0.20704339
0.31277919 -0.27169046 0.19919236
0.29871827 -0.24971011 0.21456771
0.30993938 -0.25440651 0.20512375
0.31395122 -0.28264272 0.18952167
0.30615431 -0.23122193 0.21307978
0.29349172 -0.21310478 0.21079962
0.29244286 -0.21493368 0.21038242
0.30907801 -0.25506321 0.20395045
0.31028086 -0.25949869 0.20483090
0.31674001 -0.25596210 0.20249937
0.29992712 -0.23352654 0.20919237
0.29976484 -0.23630767 0.20942953
0.31441242 -0.25455162 0.20212631
0.28334442 -0.20988238 0.21233915
0.30516160 -0.25664377 0.21107993
0.31552106 -0.26231617 0.19775778
0.30475378 -0.25333235 0.20979565
0.30811045 -0.26308495 0.20633149
0.30450478 -0.25793150 0.20926468
0.29517242 -0.21965770 0.21723217
0.29582062 -0.22864519 0.21581317
0.32574993 -0.27520242 0.19031967
0.32668787 -0.28196019 0.18162884
0.32300103 -0.26606390 0.19923066
0.32395428 -0.26716715 0.19677734
0.32351014 -0.28222343 0.18395880
0.30412832 -0.23808411 0.21045166
0.31942618 -0.28321803 0.18403295
0.32239211 -0.27635044 0.19146864
0.31104141 -0.26399586 0.20436898
0.32416004 -0.26769704 0.19645205
0.31928486 -0.27864125 0.19001921
0.32307020 -0.28539926 0.17963789
0.31883126 -0.26107177 0.20264164
0.30095190 -0.23341812 0.21679583
0.30517671 -0.23191433 0.21513867
0.29045674 -0.22293496 0.21247625
0.31967732 -0.26849687 0.19396274
0.29365051 -0.23525044 0.21262783
0.31553331 -0.26427150 0.19614100
0.28450781 -0.21658356 0.21076977
0.29844198 -0.22227986 0.20784406
0.32700062 -0.28883600 0.17355976
0.32422435 -0.28769845 0.17617576
0.31965491 -0.26070678 0.19955854
0.32234824 -0.26839760 0.19476712
0.30988333 -0.24324179 0.20696734
0.30879360 -0.27025372 0.19830586
0.31881064 -0.27393937 0.19682722
0.29260597 -0.21102592 0.21663228
0.30215696 -0.22877826 0.20911340
0.30339745 -0.23302498 0.21001782
0.30340469 -0.22406954 0.21209306
0.28331393 -0.18778460 0.21400733
0.31624568 -0.25526762 0.20314491
0.31300858 -0.27735889 0.19631732
0.31661016 -0.27091315 0.19990467
0.28899127 -0.20758064 0.20979963
0.29042074 -0.20202044 0.21157029
0.30848327 -0.27320966 0.19513099
0.32043695 -0.26712805 0.20345688
0.29230285 -0.20212923 0.21502413
0.31052655 -0.28025004 0.19008882
0.29089534 -0.20974423 0.21704184
0.29787526 -0.22252542 0.20838374
0.32215500 -0.27460361 0.19527695
0.31621626 -0.26525506 0.20499499
0.32082149 -0.27040088 0.13736358
0.31817526 -0.27625203 0.13836229
0.31917194 -0.26541039 0.13902242
0.31550062 -0.26817930 0.14175168
0.32025430 -0.26645231 0.14330606
0.31785750 -0.27455243 0.13880062
0.32064649 -0.27930850 0.13739271
0.32248750 -0.27761942 0.13853987
0.36393195 -0.34180039 0.26306620
0.37150633 -0.34277314 0.25949183
0.36974251 -0.33156076 0.25583223
0.32890493 -0.30250555 0.18023029
0.32756072 -0.30439931 0.18418983
0.32777727 -0.30381739 0.18266806
0.32334158 -0.30843657 0.22421660
0.36787066 -0.33476287 0.25800261
0.32808167 -0.30747718 0.22440784
0.33305973 -0.30878875 0.22753799
0.32948440 -0.29117793 0.17154600
0.32915866 -0.31314743 0.22999804
0.32129166 -0.30841714 0.21610190
0.36883074 -0.34523574 0.26348597
0.37348929 -0.34317508 0.25906321
0.36531243 -0.33926445 0.26046368
0.37472266 -0.34056768 0.25473309
0.36439335 -0.34333685 0.26347300
0.36872050 -0.34506217 0.24951009
0.36593780 -0.33925799 0.25899178
0.32556015 -0.29364955 0.16866185
0.33027086 -0.29764909 0.15694727
0.32873207 -0.29624471 0.16036111
0.32947829 -0.29955584 0.19236761
0.33034945 -0.29341370 0.16343559
0.32571793 -0.28988999 0.17136957
0.32739922 -0.29916042 0.15995964
0.35541540 -0.34450302 0.25941101
0.35640749 -0.34989315 0.25752497
0.33124420 -0.30100507 0.17693903
0.32919189 -0.30598098 0.18245006
0.32719344 -0.30811113 0.19079645
0.32995266 -0.30531281 0.17974861
0.33062872 -0.29860640 0.16910696
0.36100864 -0.33803025 0.24111475
0.35059494 -0.33516899 0.22926897
0.33538306 -0.30706665 0.22447538
0.32303181 -0.31700495 0.22404823
0.35468087 -0.32451865 0.22909942
0.32712618 -0.32014725 0.22793172
0.32343689 -0.31765345 0.22115560
0.32637906 -0.32117203 0.22618800
0.32716566 -0.32177401 0.22332613
0.35813299 -0.33603257 0.23277760
0.32709563 -0.29250175 0.17058422
0.37191460 -0.34589511 0.25073695
0.35479525 -0.34168902 0.26012188
0.33050987 -0.29970935 0.18524240
0.35547423 -0.34603152 0.24638940
0.36925834 -0.34077036 0.24696675
0.37045538 -0.33499017 0.24528734
0.35933816 -0.33766448 0.23681971
0.36576807 -0.33292371 0.23811726
0.35674325 -0.32183123 0.22864904
0.35465613 -0.33222979 0.23026389
0.35630012 -0.33441165 0.23142074
0.34837025 -0.33669588 0.22987233
0.34092221 -0.32437611 0.22378531
0.33357835 -0.31871745 0.21643589
0.35489622 -0.34215775 0.24085730
0.37404627 -0.33621007 0.24711861
0.34889758 -0.34212893 0.24009876
0.34379983 -0.34014761 0.23149714
0.35593063 -0.34119740 0.23741737
0.33605179 -0.33159882 0.23442306
0.33536500 -0.32663688 0.23093590
0.36123380 -0.33213180 0.23422436
0.34475672 -0.31874058 0.22556286
0.34197989 -0.32182795 0.22376481
0.33273378 -0.31191248 0.20612633
0.33356521 -0.31023100 0.19591667
0.34346712 -0.32339954 0.23496273
0.34062412 -0.32039672 0.22994490
0.32378078 -0.30741787 0.19659631
0.32309160 -0.30838048 0.19879156
0.31993946 -0.30818439 0.22379775
0.37113562 -0.33081141 0.25319514
0.37273675 -0.33520269 0.24642020
0.37316284 -0.33779141 0.25341925
0.32323298 -0.30008867 0.21609905
0.32719395 -0.30343804 0.21434480
0.32405809 -0.31502199 0.22748680
0.37456298 -0.35205853 0.27844551
0.37982380 -0.35952660 0.26779795
0.37973693 -0.35535240 0.26653346
0.38147140 -0.35872072 0.27263004
0.38352755 -0.36323810 0.27252319
0.34881812 -0.33283934 0.22869027
0.38639393 -0.36790398 0.27932948
0.37902215 -0.35506606 0.27184948
0.37601298 -0.35180101 0.27469462
0.38725156 -0.36325106 0.28403690
0.32644564 -0.31253484 0.20417495
0.32776093 -0.31011984 0.19837722
0.37605613 -0.34969035 0.26294929
0.38955551 -0.37318909 0.28439167
0.32826138 -0.31514388 0.21200630
0.37476283 -0.35039145 0.27284396
0.37043071 -0.34725219 0.26772889
0.32946968 -0.31365523 0.20895074
0.33020523 -0.29280543 0.16971979
0.32969293 -0.29123119 0.16723165
0.36584234 -0.34879419 0.26881659
0.36794496 -0.34922722 0.27340236
0.36727580 -0.34929797 0.27049482
0.32617354 -0.31681821 0.21821932
0.38409054 -0.36193201 0.27726078
0.32186314 -0.31485495 0.21561879
0.32402429 -0.31347147 0.20966852
0.32907730 -0.32103756 0.22112775
0.33191168 -0.31720790 0.21585910
0.33672380 -0.33669391 0.23122153
0.32078487 -0.31146666 0.22303395
0.32103691 -0.31376556 0.21748699
0.32441151 -0.31221786 0.20598622
0.33818278 -0.33788013 0.23192725
0.33979741 -0.33781043 0.23447827
0.32356852 -0.30398974 0.20389627
0.32016897 -0.30329445 0.21527547
0.33171004 -0.32663265 0.22793449
0.33909845 -0.32297400 0.23048030
0.34501711 -0.34077683 0.23593540
0.35224336 -0.33815491 0.25167125
0.35044345 -0.33558038 0.25046900
0.32009387 -0.30759129 0.20687054
0.34028897 -0.33679676 0.23784003
0.33177534 -0.32827011 0.22842737
0.34621438 -0.33393231 0.24306886
0.34767681 -0.33999607 0.24209331
0.32134143 -0.30147243 0.21332121
0.35168335 -0.34040323 0.24817689
0.34832206 -0.33581918 0.24547096
0.35307199 -0.34501791 0.24762098
0.33359951 -0.32809973 0.22319716
0.32393572 -0.30209139 0.20688739
0.32202312 -0.29921871 0.21537463
0.33519468 -0.32928473 0.22426395
0.34127560 -0.33394641 0.22633974
0.33428809 -0.32505247 0.21886548
0.37807718 -0.34609199 0.25338259
0.34624696 -0.33369467 0.22693679
0.33773082 -0.33426899 0.22745094
0.33277005 -0.31206211 0.20675406
0.34195802 -0.31179136 0.23098864
0.34090999 -0.31647557 0.22752431
0.33837119 -0.31307068 0.22906809
0.33231124 -0.32366386 0.22837280
0.33263606 -0.31887376 0.22794969
0.33282211 -0.32157966 0.22673617
0.36245072 -0.34333649 0.24512412
0.36317441 -0.34261680 0.24514362
0.35842645 -0.34032002 0.24000561
0.36355093 -0.33567923 0.24060208
0.37692460 -0.35222837 0.26059157
0.38428918 -0.36672357 0.27614373
0.38149518 -0.36796847 0.27685732
0.38080814 -0.36704335 0.27654126
0.37776354 -0.35394159 0.27606174
0.37454230 -0.35068798 0.25768110
0.35803044 -0.34766889 0.24910170
0.37112352 -0.35265940 0.25890473
0.36714727 -0.34878722 0.25456890
0.36503878 -0.34873313 0.25448352
0.36397067 -0.34524009 0.24841580
0.36971849 -0.35125816 0.27368903
0.33726293 -0.30888095 0.22911097
0.32017276 -0.30734116 0.21831207
0.38213122 -0.35836056 0.28123620
0.38496390 -0.36114746 0.28323674
0.34929797 -0.32714501 0.22930411
0.35254118 -0.32952937 0.22960323
