0.26695284 0.24329282 -0.23318297
0.27844650 0.26077011 -0.21536508
0.27320835 0.25315762 -0.22158316
0.22872120 0.20732625 -0.27149528
0.22727856 0.20273115 -0.26930553
0.25415990 0.22795181 -0.25982377
0.24967097 0.22635138 -0.25310722
0.25213531 0.22732677 -0.25208974
0.22548287 0.20288186 -0.27019539
0.24753650 0.22484829 -0.25509858
0.24580589 0.22341283 -0.24486537
0.25278506 0.22730558 -0.25207177
0.25203922 0.22705254 -0.24894691
0.24803273 0.22443953 -0.26540923
0.24892952 0.22565736 -0.26402542
0.24649845 0.22240163 -0.27266410
0.25335941 0.22573169 -0.24721259
0.25668848 0.22932428 -0.26010662
0.25324580 0.22738807 -0.25680545
0.24646632 0.22193904 -0.24642763
0.24812728 0.22279137 -0.25667709
0.25371975 0.22827591 -0.27139860
0.28935888 0.29199347 -0.20909859
0.28860173 0.29326734 -0.20795994
0.28925166 0.28960431 -0.21041270
0.28706503 0.27905327 -0.21129552
0.28447270 0.27185214 -0.21391068
0.26824474 0.24454489 -0.23203892
0.24398686 0.20384622 -0.15017764
0.24241942 0.19559783 -0.14075157
0.22000535 0.19061321 -0.11928450
0.22282311 0.18421878 -0.11448905
0.23354076 0.19359446 -0.12482766
0.23261318 0.19525017 -0.12679310
0.22523610 0.19584648 -0.12280209
0.23750162 0.19321297 -0.13024083
0.22735067 0.18812567 -0.11957484
0.22945033 0.18500124 -0.11711358
0.23177916 0.18794443 -0.12009393
0.23378775 0.20615461 -0.14073987
0.23122582 0.20274782 -0.13368076
0.23849092 0.19618133 -0.13304044
0.21983843 0.18881185 -0.11817043
0.23293763 0.19589308 -0.12880461
0.23944241 0.19958365 -0.14161029
0.24411654 0.19970386 -0.14611240
0.23832603 0.20444454 -0.14207235
0.24068743 0.19683772 -0.14295405
0.21876708 0.18791619 -0.11694360
0.23812494 0.19761041 -0.13394298
0.23079379 0.19634375 -0.12799250
0.21969444 0.18043800 -0.11015132
0.24022499 0.19971491 -0.14493276
0.24139364 0.20486368 -0.14627597
0.22449329 0.18386689 -0.11451986
0.22871836 0.19925247 -0.12696283
0.21929225 0.18524371 -0.11534525
0.23658027 0.20590051 -0.14253986
0.22837381 0.18353045 -0.11432698
0.23063222 0.18835436 -0.11929807
0.24520126 0.20229891 -0.14145119
0.23922209 0.20927681 -0.15195969
0.23978588 0.21050923 -0.15536857
0.23435870 0.20899108 -0.14567518
0.22167902 0.18821549 -0.11275599
0.22505061 0.18978995 -0.11521943
0.23762526 0.21183285 -0.15533839
0.23532028 0.21214435 -0.15284075
0.23612912 0.21201633 -0.15367961
0.22828162 0.19234653 -0.12060659
0.23408732 0.21381575 -0.15213747
0.22683235 0.20024064 -0.12754127
0.22260657 0.17867616 -0.10693684
0.23003854 0.19906174 -0.12941287
0.23218174 0.20441020 -0.13539468
0.22156027 0.17800112 -0.10000023
0.23160188 0.20490608 -0.13494623
0.22742890 0.18021463 -0.10613330
0.23782456 0.21542032 -0.16297325
0.24039146 0.21571428 -0.16755606
0.22651485 0.18057609 -0.11166311
0.21715349 0.18054633 -0.10785677
0.24916753 0.20711033 -0.14779669
0.21962392 0.18799029 -0.11272196
0.22405657 0.18524083 -0.10857171
0.22492446 0.19449562 -0.12248860
0.22127415 0.18676621 -0.11085377
0.22676185 0.18346412 -0.10863470
0.23397501 0.20819585 -0.14337066
0.23980552 0.20053028 -0.13805334
0.23408505 0.20039292 -0.13507852
0.23501220 0.19751103 -0.13248868
0.23110704 0.19659421 -0.12804425
0.24781491 0.20751207 -0.14529547
0.22452718 0.17914753 -0.10162464
0.24142970 0.19611257 -0.13682586
0.24092376 0.19780061 -0.13645083
0.22597778 0.19757432 -0.12390427
0.21840504 0.17804708 -0.10040657
0.30933157 0.36299419 -0.11620177
0.30430123 0.38812855 -0.10340292
0.30195078 0.37983581 -0.10560790
0.30603927 0.37155539 -0.11315747
0.30015624 0.37053531 -0.10675145
0.30549246 0.35431165 -0.11201444
0.30511776 0.37652317 -0.10455742
0.30003282 0.37511459 -0.10743272
0.30256826 0.36362189 -0.10949858
0.29965010 0.37406266 -0.10618263
0.30794650 0.36004198 -0.11146981
0.30701971 0.35174131 -0.11349281
0.30868217 0.35934350 -0.11254972
0.06514642 0.12116838 -0.22023158
0.08053071 0.12337425 -0.21951622
0.07911605 0.12350329 -0.21927769
0.06853444 0.12337598 -0.22036721
0.08864679 0.12784079 -0.21860236
0.07312728 0.12079292 -0.22214498
0.08119004 0.12891689 -0.21910079
0.07695469 0.12686290 -0.21984231
0.06098208 0.12061311 -0.22172578
0.08241845 0.12690710 -0.21872866
0.09278207 0.13110402 -0.21875505
0.07355964 0.12199219 -0.21990591
0.08523601 0.12696455 -0.22022326
0.24961893 0.22050665 -0.25443396
0.24303806 0.21887165 -0.23209783
0.25201476 0.22517903 -0.22689690
0.25314063 0.22597431 -0.23580076
0.24966441 0.22171061 -0.24327525
0.25358471 0.22583307 -0.21011128
0.25150612 0.22423118 -0.23755011
0.25192761 0.22367390 -0.26941401
0.25321737 0.22352901 -0.26846716
0.24803010 0.21995164 -0.25089383
0.24458165 0.22584282 -0.23327459
0.24563643 0.22603738 -0.23770569
0.25295004 0.22617607 -0.21958321
0.24316537 0.22190689 -0.23896393
0.25153589 0.22296399 -0.24612054
0.25310269 0.22621964 -0.21889693
0.25168675 0.22416466 -0.21976136
0.24786881 0.22702441 -0.23480701
0.25601369 0.22638883 -0.26301247
0.25287789 0.22303680 -0.26289251
0.24892677 0.22238849 -0.26531908
0.25580499 0.22391364 -0.26851255
0.25213751 0.22714891 -0.22524868
0.25201705 0.22671597 -0.23097697
0.25352684 0.23159532 -0.20177370
0.24296753 0.21481280 -0.22699858
0.24303475 0.22473413 -0.23481095
0.24805188 0.22069505 -0.22940706
0.24498099 0.22453710 -0.23982203
0.25359601 0.22834468 -0.20642062
0.30333513 0.34002674 -0.11083700
0.30579928 0.34774789 -0.11337812
0.30453962 0.32716173 -0.12483649
0.30270880 0.32308155 -0.11476911
0.30520004 0.34265861 -0.11885488
0.30163103 0.33290970 -0.12210266
0.30324611 0.32710212 -0.12222768
0.30681080 0.34593236 -0.11426231
0.30386695 0.32337376 -0.11910082
0.30479720 0.33181879 -0.11781814
0.30366921 0.32541755 -0.11746262
0.30298671 0.32956409 -0.11023992
0.30605057 0.34308255 -0.11421251
0.30627742 0.34931305 -0.11600319
0.30478883 0.33620524 -0.11323676
0.30688888 0.34577742 -0.11594785
0.30665979 0.34648383 -0.11656909
0.30171081 0.32893351 -0.11041720
0.30581370 0.33909178 -0.11513598
0.30383733 0.34326014 -0.10983907
0.07570992 0.12889169 -0.22201632
0.08383711 0.13137303 -0.22134605
0.07519879 0.12818626 -0.22132435
0.08137684 0.13056105 -0.22160625
0.07825478 0.12768447 -0.22219144
0.06086250 0.12193123 -0.22250807
0.28937423 0.28913084 -0.21317615
0.28904939 0.29310545 -0.21137820
0.28614220 0.27847326 -0.20971400
0.28608450 0.27821472 -0.21042113
0.28857982 0.29140487 -0.20963331
0.27926287 0.26444101 -0.21408252
0.23099528 0.20110232 -0.27255872
0.30692986 0.38081476 -0.10532703
0.30917397 0.35955873 -0.11296771
0.30348018 0.35479778 -0.10854957
0.30521867 0.35778534 -0.10921779
0.30324605 0.37381169 -0.10766423
0.30394819 0.36642650 -0.10964151
0.30393121 0.36724612 -0.10915440
0.30122232 0.35640031 -0.10729577
0.30413121 0.38586771 -0.10555642
0.31061429 0.36379552 -0.11253884
0.30662125 0.37876701 -0.10394964
0.30341434 0.35445839 -0.11110210
0.30309701 0.38277492 -0.10346732
0.30316702 0.36753029 -0.10785825
0.30620509 0.37275112 -0.11158064
0.30856940 0.36887631 -0.11146697
0.30813080 0.37379357 -0.10711841
0.16407481 0.17461509 -0.19631289
0.15655400 0.16848440 -0.19817306
0.12227424 0.14663078 -0.20385687
0.12130102 0.14834075 -0.19913384
0.17137769 0.17234603 -0.19040273
0.14602126 0.15262437 -0.19971894
0.17958696 0.18515813 -0.19144034
0.18343940 0.18602370 -0.19273710
0.15328816 0.16430378 -0.19969772
0.15384024 0.16143279 -0.19818559
0.15193208 0.17081125 -0.19861744
0.16076657 0.17311159 -0.19512883
0.15902513 0.17173724 -0.19429833
0.15937661 0.16514038 -0.19578309
0.15212369 0.16857071 -0.19457445
0.16775969 0.17701179 -0.19541207
0.16900520 0.17740542 -0.19483955
0.14475955 0.16333111 -0.19404960
0.20379248 0.19536319 -0.19924690
0.13332856 0.15135920 -0.19663702
0.14280213 0.15749939 -0.19697987
0.13462494 0.15172108 -0.19829369
0.13651204 0.15255651 -0.19545093
0.15618758 0.16802312 -0.20165552
0.14553417 0.15694427 -0.19790068
0.13458288 0.14767621 -0.20520775
0.14603645 0.16792002 -0.19575766
0.14614490 0.16362017 -0.19647472
0.15698937 0.17166848 -0.19916181
0.15005215 0.15604571 -0.19984093
0.12468132 0.14724454 -0.20762509
0.12603377 0.14781316 -0.20648493
0.16965583 0.17862490 -0.19435036
0.20067900 0.19542813 -0.19804952
0.19507466 0.18786658 -0.19482987
0.16077283 0.17050380 -0.19541097
0.15082434 0.16629845 -0.19935058
0.19146866 0.18796624 -0.19408059
0.19161190 0.19526172 -0.19434099
0.18916170 0.19324480 -0.19242798
0.20093966 0.19600254 -0.19790705
0.24698070 0.22171356 -0.22751428
0.24492976 0.22393358 -0.22634904
0.23521969 0.21257965 -0.22016397
0.21645111 0.20365250 -0.20494843
0.20547503 0.19860360 -0.19987920
0.20647988 0.19336198 -0.19681792
0.23767444 0.21749538 -0.22639807
0.22069663 0.20518517 -0.20851763
0.22266111 0.20702924 -0.20972306
0.24243233 0.22074579 -0.22987977
0.23917075 0.21364677 -0.22361043
0.20618778 0.19481112 -0.19785450
0.23945624 0.21986002 -0.23138532
0.20697223 0.20098063 -0.20045455
0.19425665 0.19671333 -0.19479980
0.23539884 0.21782382 -0.22548822
0.23024043 0.21281432 -0.21688764
0.19712134 0.19165808 -0.19544324
0.24404261 0.21602494 -0.22777975
0.30280977 0.28603041 -0.12429151
0.31025526 0.29521078 -0.12796579
0.30822513 0.28776735 -0.12555964
0.30540743 0.28673986 -0.12493626
0.28656024 0.28325886 -0.13238510
0.29036757 0.30478108 -0.11541569
0.29047024 0.30690813 -0.11583191
0.30198678 0.29387566 -0.13258401
0.29481864 0.30755270 -0.12595497
0.30068254 0.32531130 -0.10907547
0.27495438 0.27463248 -0.13128860
0.28078526 0.28402969 -0.12663904
0.30736911 0.30995679 -0.12588243
0.30484498 0.30847728 -0.12421629
0.30162731 0.30539054 -0.12244529
0.30227238 0.30259293 -0.13107091
0.29046121 0.29226115 -0.12677971
0.29605058 0.30582723 -0.12191736
0.30222493 0.29634303 -0.13162452
0.30354771 0.31953260 -0.12075155
0.30507183 0.32162240 -0.12358791
0.30382484 0.32167688 -0.12019945
0.30370846 0.34565943 -0.11580738
0.30768979 0.30101997 -0.13022749
0.30274618 0.32877025 -0.11785881
0.30477753 0.32267171 -0.12797251
0.30213594 0.32041556 -0.11842228
0.30637696 0.29819471 -0.13118879
0.30773130 0.29620728 -0.12595141
0.30651861 0.29615563 -0.12550300
0.30206043 0.33154356 -0.11178695
0.30527657 0.29154196 -0.13447708
0.30860630 0.29290211 -0.13283035
0.28467157 0.27869073 -0.13130356
0.28837883 0.30506718 -0.11486366
0.30871010 0.30756038 -0.12783456
0.30753234 0.29021752 -0.13350539
0.29085281 0.29652286 -0.13220705
0.28973353 0.30074316 -0.11869235
0.30488223 0.34577483 -0.12009731
0.30659658 0.30564716 -0.13243182
0.29946476 0.29545251 -0.13127801
0.29823661 0.28884745 -0.13395076
0.29447871 0.30056533 -0.13069913
0.27236256 0.27509350 -0.13083173
0.27082786 0.27346739 -0.13186738
0.28091046 0.27525312 -0.13355570
0.27986026 0.27968088 -0.12917389
0.30447075 0.28026608 -0.12512586
0.28358561 0.28269014 -0.12938353
0.30346182 0.31513408 -0.12214960
0.28775963 0.28175005 -0.13347593
0.30206662 0.31429875 -0.13148157
0.30734330 0.31707644 -0.12695146
0.29789564 0.30938920 -0.12171679
0.28116444 0.27902570 -0.13021207
0.30220419 0.31437752 -0.12568134
0.30506462 0.30288142 -0.12488820
0.30458689 0.30112857 -0.12462378
0.30321205 0.33663273 -0.11818833
0.29055986 0.28405845 -0.12764794
0.30181766 0.31430516 -0.11977030
0.30437636 0.34121180 -0.11537537
0.29205656 0.29869613 -0.12658018
0.29386955 0.31009293 -0.11471895
0.29993871 0.31224963 -0.12116618
0.29421142 0.30574110 -0.12928985
0.28481427 0.29160747 -0.12349036
0.29148594 0.27851722 -0.13627046
0.29765990 0.31966612 -0.11023597
0.28890774 0.29558447 -0.12183873
0.28646326 0.29623979 -0.12136061
0.30516186 0.32439032 -0.12589134
0.29584801 0.30733100 -0.12915780
0.28659883 0.28418067 -0.13140547
0.29913372 0.31204554 -0.12885594
0.29966456 0.28165084 -0.13624528
0.29167870 0.29065111 -0.12905434
0.30245864 0.28421676 -0.13380833
0.28208598 0.28507337 -0.12616716
0.30065498 0.32316577 -0.11254227
0.29251403 0.30054551 -0.12317092
0.29204980 0.30018058 -0.12044007
0.28634441 0.28830528 -0.12683918
0.29427940 0.31250551 -0.11295220
0.30114204 0.31976908 -0.11684868
0.30056885 0.31525701 -0.11754045
0.27685902 0.27740675 -0.12962069
0.30614728 0.30860090 -0.13124327
0.30791011 0.28294197 -0.12668158
0.29221192 0.29647264 -0.12175656
0.29723394 0.31336412 -0.11541176
0.30887660 0.28687811 -0.13023436
0.29329264 0.29767925 -0.13129072
0.30239174 0.31931329 -0.11832774
0.27007595 0.24167897 -0.15042865
0.26468694 0.24056137 -0.15315445
0.29452318 0.26932666 -0.14791474
0.27148938 0.23815002 -0.15216474
0.29388949 0.26132977 -0.14440066
0.27572998 0.26452449 -0.14197215
0.27614644 0.26357391 -0.14233537
0.27373898 0.25434020 -0.14844075
0.27308160 0.25296950 -0.14944158
0.27404228 0.25385642 -0.14857218
0.29081246 0.26650620 -0.13722125
0.28672948 0.27275875 -0.13429727
0.29385096 0.26470971 -0.14925417
0.27644604 0.26708055 -0.13916315
0.27684644 0.27047983 -0.13522801
0.29964775 0.31989038 -0.10588619
0.28834143 0.26610568 -0.13897991
0.29856059 0.30621535 -0.12002070
0.29994136 0.30273041 -0.12199876
0.29221311 0.26609623 -0.13704988
0.29091054 0.26385289 -0.14099605
0.28516230 0.27087244 -0.13563655
0.29676336 0.29138184 -0.12465077
0.28170997 0.26060623 -0.14194083
0.30000371 0.28818080 -0.12467934
0.29974186 0.29656324 -0.12369187
0.30208573 0.27951828 -0.12344697
0.29796937 0.27881980 -0.12368350
0.29756930 0.27704975 -0.12326739
0.30251399 0.27592942 -0.12893684
0.28706786 0.24758537 -0.14620109
0.28843954 0.25738159 -0.14349951
0.28759906 0.27086830 -0.13506220
0.29183519 0.27924696 -0.12945916
0.30184263 0.31556711 -0.11969376
0.29362336 0.30933428 -0.11201850
0.27311403 0.27045432 -0.13477458
0.26840964 0.26879966 -0.13571061
0.27086937 0.26598912 -0.14005874
0.27725255 0.23837315 -0.15302263
0.29965451 0.29985949 -0.12321381
0.26870671 0.23776245 -0.15358253
0.26399606 0.24029176 -0.15470478
0.26034945 0.23811629 -0.16154423
0.29818079 0.26767445 -0.13821642
0.30314577 0.27759767 -0.12674908
0.29062864 0.25911662 -0.14294806
0.28910708 0.27577829 -0.13645224
0.28515100 0.25514126 -0.14424594
0.28638861 0.25545931 -0.14419280
0.29454213 0.27100709 -0.12965615
0.27827969 0.24860418 -0.14550883
0.28004292 0.24792935 -0.14528057
0.29633677 0.26843062 -0.14809860
0.29774156 0.27214944 -0.13335203
0.29463607 0.27701503 -0.12640023
0.29600534 0.26716048 -0.13337529
0.27611047 0.24861990 -0.14714502
0.27359837 0.24763936 -0.14972073
0.27018073 0.24655591 -0.15331444
0.28072610 0.27343836 -0.13417210
0.29936212 0.31659377 -0.11214759
0.29744095 0.31304109 -0.11316385
0.28108490 0.24423003 -0.14982969
0.29287729 0.28581789 -0.12709582
0.29622284 0.26442099 -0.13995038
0.29157120 0.27225938 -0.14333117
0.29038000 0.25730357 -0.14985925
0.29837337 0.27139544 -0.14325878
0.29932541 0.27673608 -0.13665967
0.28171119 0.27425537 -0.13384372
0.27847233 0.24243046 -0.14618537
0.29183337 0.26935589 -0.14761825
0.29153416 0.27196911 -0.14368126
0.26340801 0.23870791 -0.15559512
0.29455090 0.30575779 -0.11645900
0.29402313 0.26291764 -0.14923117
0.30139774 0.27817687 -0.13450933
0.28134879 0.24240810 -0.15453625
0.28725424 0.24910897 -0.14449850
0.29861313 0.31672493 -0.10941208
0.25730669 0.23120888 -0.25238115
0.25636345 0.22604848 -0.26066574
0.25672120 0.22654931 -0.25760910
0.26125017 0.23409934 -0.24513727
0.25960287 0.23077875 -0.25091353
0.26093289 0.23626181 -0.24416816
0.25772440 0.23121688 -0.25548834
0.24483699 0.22780281 -0.18764187
0.24487124 0.22737271 -0.19136669
0.25259835 0.22324058 -0.18140219
0.24769348 0.21940982 -0.19295172
0.24958846 0.21986789 -0.19141084
0.24249074 0.21815918 -0.18387997
0.24136193 0.21555215 -0.16908237
0.24446848 0.21598154 -0.17563915
0.24318519 0.21581833 -0.17481157
0.25378877 0.22055066 -0.20190635
0.24844322 0.21973893 -0.20463569
0.25448596 0.21880625 -0.17118937
0.25812307 0.22217248 -0.15909131
0.24356622 0.22333416 -0.21119556
0.24597411 0.21928348 -0.20598610
0.26470819 0.22697623 -0.18296543
0.24502133 0.22041823 -0.20166633
0.26074356 0.22600454 -0.16954070
0.25801107 0.22250926 -0.18288504
0.26533657 0.22825842 -0.17865720
0.25437200 0.22285648 -0.17313649
0.26140350 0.22694607 -0.16571115
0.25842667 0.22202265 -0.19453548
0.24775313 0.21810612 -0.18326268
0.24237238 0.22466061 -0.20578374
0.24233904 0.22503540 -0.20347416
0.24764895 0.21462858 -0.16740747
0.24988699 0.21619782 -0.17510858
0.25272673 0.22222078 -0.17985399
0.25448221 0.22487496 -0.17899032
0.25500736 0.22459941 -0.16200432
0.26084194 0.22237134 -0.18839110
0.25782907 0.22106063 -0.19086678
0.25469422 0.22079235 -0.18896870
0.25148687 0.22123677 -0.18190642
0.25420395 0.22471339 -0.20319688
0.26367566 0.22698075 -0.18482274
0.26048779 0.22737570 -0.19115843
0.25821176 0.22309682 -0.19469181
0.25653884 0.22528546 -0.19790821
0.24378261 0.22453617 -0.19237059
0.25822267 0.22282548 -0.18167406
0.24875042 0.22024533 -0.20927787
0.26207697 0.22467645 -0.17506327
0.25670227 0.22274619 -0.16124648
0.25017658 0.21942179 -0.19932649
0.24798754 0.21927665 -0.19804029
0.26062465 0.22531880 -0.16609699
0.24801594 0.23240680 -0.19445443
0.24461591 0.23199208 -0.19551800
0.24434543 0.22002973 -0.19467957
0.24533081 0.21936239 -0.19953020
0.25495815 0.22007419 -0.16934507
0.25565377 0.21801446 -0.16336882
0.26443487 0.22629605 -0.17206882
0.22925651 0.21379025 -0.21662565
0.21849720 0.20303929 -0.20695576
0.16115925 0.16016969 -0.19686367
0.18915166 0.19017468 -0.19310124
0.21926543 0.20081112 -0.20387036
0.16075332 0.15759653 -0.19775811
0.14556314 0.15315177 -0.19949526
0.19836110 0.18593563 -0.19555612
0.22171025 0.20868108 -0.20917702
0.21882968 0.20712332 -0.20653792
0.14452949 0.15056586 -0.20340197
0.21932712 0.20224746 -0.20565443
0.20143434 0.19005053 -0.19541699
0.18991613 0.18219946 -0.19197749
0.19239601 0.18315190 -0.19509260
0.20796666 0.19416963 -0.19819775
0.18092784 0.17700860 -0.18830854
0.17668620 0.17495637 -0.19115984
0.17758819 0.18126141 -0.19207522
0.17085721 0.16905203 -0.18785013
0.21053819 0.19095978 -0.19651464
0.16556109 0.16249098 -0.18948172
0.21804592 0.19527678 -0.20251110
0.21487157 0.19527359 -0.19826855
0.13638461 0.14815019 -0.20421022
0.21692902 0.20400964 -0.20737359
0.15483151 0.15718275 -0.19725147
0.15605946 0.15703200 -0.19762708
0.13755064 0.15240379 -0.19779013
0.13906029 0.15326831 -0.19608638
0.16596209 0.16370606 -0.18860999
0.15749502 0.16363332 -0.19218501
0.16031511 0.16522768 -0.19176619
0.15521641 0.16297884 -0.19296551
0.15086779 0.16385706 -0.19387154
0.23898481 0.21456195 -0.22792488
0.22338220 0.20706351 -0.21131088
0.18698394 0.18051596 -0.19390818
0.21543658 0.19358209 -0.20186543
0.15869717 0.16193818 -0.19204144
0.21166955 0.19215712 -0.19605815
0.14532208 0.15784283 -0.19550911
0.21434239 0.19600271 -0.20108673
0.21155173 0.19466533 -0.20047489
0.17870083 0.18015878 -0.19188096
0.17343768 0.17842385 -0.19094054
0.21615362 0.20106760 -0.20267385
0.22810091 0.20893815 -0.21360816
0.18216175 0.18655975 -0.19116631
0.17270179 0.17531346 -0.19113655
0.17835031 0.17565067 -0.18738200
0.17489994 0.17490543 -0.18803981
0.16354160 0.16924725 -0.19133994
0.17105199 0.17277442 -0.18916595
0.16674171 0.16961873 -0.19032055
0.15143222 0.15794323 -0.19586121
0.17982957 0.18425272 -0.19151026
0.16282110 0.16260441 -0.19555683
0.16884178 0.17933537 -0.19234093
0.18562923 0.18280818 -0.19333129
0.18516670 0.18308200 -0.19324420
0.19437061 0.18698938 -0.19380319
0.14162979 0.15374380 -0.19884819
0.18882090 0.18821137 -0.19384013
0.22418925 0.20595607 -0.21027611
0.10357907 0.13594699 -0.21426554
0.10724189 0.13800392 -0.21288854
0.12777281 0.14581929 -0.20418683
0.11136929 0.14242443 -0.20785876
0.10909881 0.14059947 -0.21064924
0.12801835 0.14738759 -0.20224817
0.12907679 0.14508210 -0.20794240
0.12427039 0.14434990 -0.20510620
0.13437651 0.14646919 -0.20648621
0.11765773 0.14355235 -0.20360856
0.12160575 0.14684546 -0.20045571
0.11544205 0.14335856 -0.20362242
0.11139014 0.14148697 -0.20704906
0.09449922 0.13585554 -0.21687964
0.11358727 0.14550562 -0.20300871
0.11727534 0.14120442 -0.20953035
0.11781632 0.14145748 -0.20690213
0.09945986 0.13811551 -0.21309304
0.09511974 0.13326775 -0.21631663
0.10245775 0.13575874 -0.21542951
0.11533647 0.14318489 -0.20969306
0.13453573 0.15168189 -0.19594170
0.27083066 0.27575752 -0.14430398
0.26496035 0.25358143 -0.16157497
0.27380422 0.24143782 -0.15728031
0.28739369 0.26182672 -0.15088230
0.26467198 0.26786056 -0.14184426
0.26479375 0.26879737 -0.13773569
0.28239068 0.27239779 -0.13929245
0.26313087 0.23468834 -0.16070499
0.27568647 0.27384093 -0.14082964
0.26889414 0.26776892 -0.15565349
0.26875523 0.27089089 -0.14398690
0.28076506 0.24890997 -0.15801455
0.26780587 0.27015850 -0.13819765
0.27251250 0.24244335 -0.15744685
0.27420646 0.27195439 -0.15031487
0.28485110 0.27064145 -0.13808648
0.28263479 0.26981813 -0.14386748
0.26609865 0.26397422 -0.15925676
0.28064269 0.27044141 -0.14809050
0.26749346 0.25889495 -0.16432379
0.28534961 0.25358734 -0.15185837
0.28595519 0.25312343 -0.15024008
0.28360170 0.26245713 -0.15102644
0.27191311 0.23787254 -0.15659450
0.28020743 0.25350150 -0.15618360
0.27133295 0.25724497 -0.15953411
0.26582268 0.26937038 -0.15237843
0.28239596 0.26535860 -0.14890835
0.26994589 0.24843539 -0.16190122
0.27872309 0.26084688 -0.15279426
0.28179181 0.26733792 -0.14839447
0.27817488 0.25672311 -0.15616338
0.26467350 0.26534697 -0.15483227
0.27477354 0.26500744 -0.15379947
0.26864949 0.27075994 -0.13554305
0.27251881 0.27359539 -0.14110382
0.28321955 0.24587147 -0.15616204
0.26399899 0.23553602 -0.15994959
0.26481709 0.23351289 -0.16194119
0.28059661 0.24307902 -0.15764914
0.27649441 0.26226139 -0.15347266
0.26714316 0.26509646 -0.15793803
0.27854234 0.24928021 -0.15914389
0.26256725 0.26401934 -0.15413143
0.25779194 0.25798905 -0.16647822
0.27306113 0.26216081 -0.15805678
0.26426372 0.23261453 -0.16237801
0.27047303 0.24514811 -0.16175875
0.26969579 0.27417314 -0.14953107
0.28682557 0.26740605 -0.14826775
0.26444006 0.26576409 -0.14252360
0.26751620 0.26399067 -0.14289750
0.26547804 0.26473299 -0.14365309
0.27143323 0.26319638 -0.16054368
0.27496010 0.26722726 -0.15229967
0.28595629 0.25747928 -0.15253314
0.25729626 0.25933030 -0.16421792
0.25891402 0.25516683 -0.16305943
0.25989014 0.25328305 -0.16349351
0.26029620 0.26184720 -0.15450993
0.26341072 0.26244730 -0.15094237
0.26656371 0.26176149 -0.14885356
0.26185614 0.25242752 -0.16173045
0.26644599 0.23859560 -0.16108839
0.24087106 0.22867957 -0.20264672
0.24743788 0.22909914 -0.18232678
0.25245348 0.22431025 -0.16340569
0.25896084 0.24089780 -0.17060143
0.26887342 0.24702121 -0.15459147
0.26398659 0.25229800 -0.15899783
0.26928577 0.25327703 -0.15116405
0.24260290 0.22096948 -0.18505445
0.24307483 0.22243024 -0.18568282
0.23767176 0.21809828 -0.16987228
0.23793556 0.21874180 -0.17122045
0.25171298 0.23019631 -0.21278808
0.25220490 0.22508729 -0.17264269
0.25724953 0.23706324 -0.18104132
0.25638947 0.23284669 -0.18647972
0.24269064 0.22529732 -0.17584355
0.26115498 0.24951677 -0.16599302
0.26134458 0.24031302 -0.16951065
0.26236218 0.24201056 -0.16683252
0.24160071 0.22186802 -0.17511918
0.24711524 0.22698870 -0.17889577
0.26367831 0.24987097 -0.16053528
0.26175195 0.24136625 -0.16302818
0.26441666 0.24417196 -0.16105244
0.25070125 0.23350964 -0.19183332
0.24944499 0.23476787 -0.19016361
0.24768682 0.21339954 -0.16300242
0.24447304 0.21341780 -0.16419774
0.26687664 0.24903619 -0.16290928
0.24886222 0.21270867 -0.16052990
0.24714197 0.20614649 -0.15320428
0.24426642 0.20600383 -0.15109897
0.25232124 0.24480309 -0.17708597
0.25486344 0.24221621 -0.17744237
0.24252051 0.21122728 -0.16011554
0.24485610 0.23478435 -0.19625379
0.25323468 0.21870592 -0.16370267
0.25104603 0.21127751 -0.15594064
0.24697351 0.21124578 -0.15359756
0.24261682 0.20921442 -0.15051278
0.24591695 0.20850037 -0.14721398
0.26081979 0.23663062 -0.17277934
0.26121834 0.23592003 -0.17236577
0.25032786 0.22645110 -0.18590252
0.25072637 0.22136857 -0.21503155
0.25677833 0.24701121 -0.17172727
0.25025681 0.23654285 -0.18695042
0.25297636 0.23839992 -0.18292688
0.24825016 0.23735271 -0.18627390
0.25020340 0.22955512 -0.18907486
0.25057572 0.22717910 -0.18684216
0.25361502 0.22960387 -0.17896095
0.25388223 0.24528760 -0.17656668
0.25837719 0.23280433 -0.16865550
0.25790286 0.23091690 -0.16915801
0.25767615 0.22828476 -0.19448063
0.23653911 0.22336021 -0.16804297
0.23620155 0.22140595 -0.16663687
0.25151002 0.23395191 -0.20206754
0.25835258 0.23240778 -0.16673496
0.24862714 0.22843282 -0.22155447
0.24457675 0.22914004 -0.18220855
0.24369238 0.22861385 -0.18203986
0.25966510 0.23510824 -0.17813990
0.26001203 0.23548225 -0.17651908
0.26322255 0.24180648 -0.16423388
0.25035107 0.23197183 -0.20872234
0.25440630 0.23242947 -0.19627950
0.25780734 0.23039041 -0.17532745
0.26392031 0.22914453 -0.16864197
0.26126617 0.23336352 -0.16511929
0.25487095 0.21988489 -0.16003373
0.25055024 0.23677312 -0.19518495
0.25446546 0.24832481 -0.17343494
0.24899822 0.21398465 -0.16348466
0.25214767 0.22090520 -0.16416356
0.23685984 0.21375889 -0.15752494
0.25963685 0.25259680 -0.16433552
0.25321323 0.24946173 -0.17314716
0.25508362 0.23513436 -0.19066182
0.26006120 0.24271180 -0.17047903
0.24168180 0.22845580 -0.20872267
0.24192169 0.22954980 -0.20649552
0.23670879 0.20874229 -0.14864016
0.23638564 0.20764689 -0.14621837
0.23973189 0.20780814 -0.14819705
0.24143206 0.20853595 -0.14933787
0.24555191 0.22119731 -0.21772906
0.24186355 0.22560598 -0.21392852
0.24922964 0.23852724 -0.18957549
0.26171088 0.24656424 -0.16505027
0.24952802 0.21161143 -0.15442668
0.25358552 0.21714319 -0.16256362
0.25603002 0.23438796 -0.18925662
0.25786361 0.22972819 -0.19151206
0.25811225 0.23975246 -0.17713331
0.25544032 0.24395828 -0.17639346
0.25425988 0.23782691 -0.18961389
0.25918126 0.23559318 -0.16972829
0.25941077 0.23310846 -0.17825475
0.25694022 0.24593659 -0.17231640
0.25448701 0.24529669 -0.17502359
0.24192539 0.22648738 -0.18185589
0.24074402 0.22443753 -0.17969993
0.26633099 0.24768151 -0.16297548
0.24411495 0.22611088 -0.22053957
0.25472119 0.22002400 -0.15737274
0.24506366 0.21327689 -0.16769983
0.23934622 0.21610330 -0.16932291
0.24738300 0.21373656 -0.16904919
0.24471341 0.21292914 -0.16161872
0.24318206 0.21293132 -0.16132268
0.24499312 0.21856368 -0.17257695
0.25333321 0.21276964 -0.15998968
0.24532288 0.22786430 -0.22027332
0.24284597 0.22787718 -0.21270831
0.25950438 0.25684121 -0.16630821
0.25838026 0.23168448 -0.18136527
0.25330678 0.22946952 -0.18904188
0.26534131 0.25679150 -0.16459844
0.24368852 0.22933084 -0.21002549
0.24633217 0.23029147 -0.21234111
0.24785644 0.22165270 -0.17303777
0.24541178 0.22346409 -0.17718068
0.25823280 0.25259152 -0.16819862
0.25368431 0.25014150 -0.17478819
