-0.14559233 0.07658855 0.21548484 82 109 12
-0.13575406 0.07815846 0.21408392 47 87 1
-0.14282581 0.07018876 0.21728036 127 132 76
-0.13970365 0.07227188 0.21676728 95 103 30
-0.13936171 0.07893167 0.21397199 76 114 11
-0.12910366 0.08577406 0.21433921 70 104 7
-0.14516459 0.07642904 0.21687244 151 162 66
-0.13349557 0.08149538 0.21369290 47 88 0
-0.20842513 0.01758076 0.17537321 89 104 37
-0.18753420 0.03911042 0.20259544 85 101 39
-0.19471148 0.03064338 0.19396274 50 62 16
-0.20321703 0.02459155 0.18401283 93 106 62
-0.19290285 0.03318146 0.19607459 39 51 3
-0.20242423 0.02331274 0.18356819 81 87 39
-0.20710659 0.02062882 0.17813641 92 104 30
-0.25393084 -0.00392223 0.15907824 141 130 84
-0.22793746 0.00375951 0.14224496 237 238 180
-0.24376810 -0.00044546 0.14938250 114 94 103
-0.23816700 -0.00039069 0.14755780 105 90 93
-0.22769409 0.00282731 0.14155917 247 249 202
-0.24086638 0.00203203 0.14968303 232 227 189
-0.23511717 0.00017309 0.14689171 253 243 218
-0.22841483 0.00565160 0.14323294 199 202 121
-0.15360405 0.06209368 0.21492007 153 148 106
-0.19895875 0.02898480 0.18986852 63 75 11
-0.15879610 0.06066391 0.21775939 67 75 16
-0.16328473 0.05909622 0.21386614 155 156 112
-0.17361924 0.05049457 0.21447159 105 126 51
-0.16551860 0.05682248 0.21554108 13 23 0
-0.17496662 0.05124465 0.21289782 88 108 39
-0.16088106 0.05943619 0.21262568 140 136 91
-0.14562105 0.07073543 0.21282609 95 113 53
-0.13844949 0.07888317 0.21379463 66 103 10
-0.16651811 0.05426469 0.21938418 80 106 32
-0.14782588 0.07418191 0.21496697 146 157 89
-0.19828759 0.02804383 0.18895246 57 68 12
-0.14400955 0.07484347 0.21398421 105 123 61
-0.14916898 0.06683181 0.21379574 130 139 92
-0.20939977 0.01673390 0.17166731 101 106 52
-0.21083930 0.01707233 0.17138520 21 26 0
-0.17819056 0.04815090 0.21069539 60 72 24
-0.17883387 0.04764752 0.20977068 69 76 34
-0.16972508 0.05456705 0.21557729 86 108 36
-0.16403198 0.05789883 0.21833490 78 105 26
-0.14625548 0.06828597 0.21505135 99 122 50
-0.17478602 0.05234354 0.21196415 93 104 46
-0.16608295 0.05530374 0.21592724 28 44 8
-0.20697269 0.01884188 0.17587703 94 101 31
-0.19249031 0.03551262 0.19729459 68 81 25
-0.15096100 0.06407464 0.21605474 145 135 73
-0.16314009 0.05892590 0.21223018 136 117 77
-0.20164514 0.02512326 0.18459514 79 88 33
-0.15243828 0.06306389 0.21498023 154 145 102
-0.15138973 0.06607743 0.21356541 137 135 96
-0.19267043 0.03546566 0.19750859 68 81 25
-0.15403132 0.06321531 0.21780589 204 192 150
-0.30172628 -0.01170246 0.32501093 84 107 1
-0.31057993 -0.01483455 0.32896715 117 142 12
-0.32052067 -0.02961000 0.33720207 181 190 133
-0.32293820 -0.03180934 0.33682394 163 163 113
-0.31398764 -0.01638951 0.32904956 138 158 9
-0.30327377 -0.00987557 0.32018542 130 140 18
-0.30733913 -0.01217122 0.32207188 76 98 0
-0.31925243 -0.02319292 0.33473158 143 165 38
-0.31350529 -0.01618237 0.33044738 126 149 19
-0.31286079 -0.01493192 0.32757726 162 180 42
-0.30359155 -0.01024134 0.31906125 91 109 7
-0.29947340 -0.00914525 0.32087806 143 162 8
-0.30462992 -0.00951982 0.31990296 153 164 26
-0.31733704 -0.02582671 0.33554116 181 186 154
-0.30991438 -0.01245889 0.32096627 162 151 147
-0.31707442 -0.01960017 0.33374369 133 160 19
-0.30543178 -0.01253229 0.32462090 116 131 14
-0.31237778 -0.01606323 0.32311174 150 141 126
-0.31889316 -0.02782211 0.33674759 181 198 120
-0.30615589 -0.01200064 0.31804547 172 161 139
-0.30160394 -0.01230633 0.32342917 104 123 5
-0.32544300 -0.03098380 0.34089470 168 183 58
-0.31115800 -0.01556524 0.32253295 180 175 146
-0.31032014 -0.01557116 0.32752961 82 97 0
-0.31353444 -0.01577684 0.32472974 134 122 126
-0.31740916 -0.02292174 0.33097711 153 151 128
-0.31002575 -0.01612612 0.33156750 114 134 21
-0.31412211 -0.02093654 0.33278820 96 124 1
-0.31437898 -0.01935158 0.32741195 170 164 130
-0.32607841 -0.03109780 0.33972725 197 204 46
-0.32155657 -0.02609515 0.33554778 139 129 104
-0.31411210 -0.01867545 0.32817048 180 173 145
-0.30943540 -0.01554535 0.32864967 107 128 7
-0.32668817 -0.03228337 0.33961731 193 204 66
-0.31200522 -0.01901497 0.33272785 99 124 23
-0.32384628 -0.03167344 0.33678371 196 207 69
-0.31694433 -0.02606680 0.33409926 191 191 163
-0.31587416 -0.02384870 0.33259100 184 188 151
-0.31642181 -0.02225407 0.32987764 151 147 122
-0.39111093 -0.01923894 0.21383531 94 103 58
-0.37256575 -0.01222921 0.21232775 86 110 26
-0.37871706 -0.01393719 0.21425126 75 100 9
-0.37626994 -0.01493238 0.21831897 99 117 41
-0.37314963 -0.01422519 0.21767828 82 101 20
-0.42827865 -0.01418148 0.20283757 108 121 67
-0.37442875 -0.01467261 0.20937517 77 100 28
-0.39733809 -0.01741617 0.21379247 154 98 49
-0.37911043 -0.01509028 0.20933773 85 109 49
-0.38074484 -0.01254963 0.21047455 133 158 64
-0.36584213 -0.01572834 0.21666704 65 92 41
-0.37345532 -0.01266846 0.20933963 97 100 73
-0.37400559 -0.01458747 0.21430811 46 70 22
-0.37072772 -0.01635979 0.22011490 58 85 8
-0.37892941 -0.01514851 0.21129556 76 105 38
-0.36917928 -0.01521275 0.21702385 57 87 17
-0.36072958 -0.01622140 0.21716207 70 97 46
-0.42998153 -0.01680156 0.20079589 60 77 6
-0.38916957 -0.01918976 0.21308519 56 79 33
-0.39404672 -0.01805104 0.21070188 74 98 46
-0.37354904 -0.01446806 0.21375738 57 82 25
-0.41232336 -0.01311109 0.21053928 82 119 26
-0.36771917 -0.01452064 0.21164608 77 105 31
-0.36649615 -0.01456729 0.21332778 62 92 22
-0.40049911 -0.01448770 0.20871300 61 83 36
-0.40447983 -0.01196699 0.20940119 117 144 75
-0.40278667 -0.01284564 0.20927505 120 150 76
-0.37212047 -0.01442175 0.21606788 79 97 21
-0.36439261 -0.01374596 0.21426822 96 111 28
-0.40681329 -0.01079465 0.20926575 121 149 75
-0.40562665 -0.01240934 0.21004216 91 120 38
-0.39992103 -0.01241283 0.20926410 116 142 69
-0.36617213 -0.01343432 0.21222195 83 99 28
-0.39594090 -0.01882033 0.21106270 65 83 41
-0.40016368 -0.01897291 0.21058530 112 119 86
-0.38158038 -0.01530806 0.21624097 111 130 48
-0.41760623 -0.01371332 0.21003555 85 119 35
-0.37108827 -0.01550068 0.21813875 58 85 8
-0.36152923 -0.01381012 0.22069110 94 112 30
-0.41041461 -0.01279706 0.20973065 77 112 30
-0.35924357 -0.01421977 0.22204570 91 113 41
-0.36858007 -0.01585420 0.22058818 58 85 6
-0.37552398 -0.01575787 0.21795890 71 96 15
-0.40315795 -0.01432771 0.21172188 100 133 54
-0.39899892 -0.01335063 0.21262312 114 143 51
-0.36536711 -0.01518496 0.21841945 92 110 36
-0.41062281 -0.01319339 0.21203859 89 126 21
-0.41048804 -0.01314880 0.21208830 89 126 21
-0.39289421 -0.01293598 0.21069327 109 136 57
-0.39318520 -0.01610225 0.21484083 127 151 65
-0.39574853 -0.01432169 0.21344307 127 153 62
-0.42375714 -0.01442942 0.20504256 105 117 55
-0.39034954 -0.01469498 0.21273381 119 144 60
-0.38908413 -0.01710927 0.21571606 140 155 72
-0.25728664 -0.00360514 0.16080888 127 126 70
-0.16047576 0.06182987 0.21356486 116 119 62
-0.15475643 0.06817186 0.21874897 132 160 60
-0.16128607 0.06359762 0.21493819 102 113 37
-0.15820575 0.06293514 0.21339963 126 128 78
-0.15156175 0.07163631 0.21565229 51 80 0
-0.15749833 0.06571350 0.21582510 135 138 81
-0.13104373 0.08385483 0.21461205 138 139 45
-0.15736397 0.06944089 0.21846165 149 164 71
-0.14809860 0.07137611 0.21797073 133 149 50
-0.14336801 0.07284581 0.21804480 135 149 35
-0.14063086 0.07549433 0.21747671 136 147 51
-0.13394289 0.08293840 0.21488009 147 147 47
-0.15153015 0.07135840 0.21936409 133 151 52
-0.15081805 0.06693245 0.21898045 125 143 43
-0.15735738 0.06305956 0.21916789 93 123 37
-0.15935633 0.06361220 0.21883944 91 120 38
-0.16134973 0.06360167 0.21873547 104 132 48
-0.15665381 0.06297538 0.21324952 142 144 95
-0.13689157 0.07872844 0.21632014 128 132 38
-0.16334063 0.06471822 0.21506190 90 105 22
-0.17139737 0.05838894 0.21475509 81 93 17
-0.17229468 0.05825586 0.21523716 95 111 38
-0.17177153 0.05787397 0.21595065 133 154 75
-0.17295766 0.05723856 0.21571313 141 159 85
-0.16493903 0.06351669 0.21687259 103 132 42
-0.17296374 0.05488506 0.21346249 85 98 29
-0.18776833 0.04062974 0.20186354 68 79 23
-0.17336674 0.05368300 0.21369401 108 128 59
-0.16280407 0.06395059 0.21847382 104 130 43
-0.16971338 0.05519514 0.21510139 101 123 51
-0.41152743 -0.01454090 0.21013935 99 128 48
-0.42543709 -0.01337917 0.20375775 93 114 55
-0.41036776 -0.01476222 0.20593779 52 82 18
-0.41193503 -0.01552924 0.20597531 60 86 25
-0.38002536 -0.01610662 0.21642239 81 104 24
-0.40425980 -0.01421670 0.20768626 46 69 23
-0.42798105 -0.01437670 0.20083389 44 71 4
-0.39215767 -0.01571401 0.20902683 63 86 42
-0.38400948 -0.01775077 0.21252121 61 86 31
-0.39960536 -0.01026857 0.20916413 75 111 1
-0.38209894 -0.01477161 0.20880614 94 104 79
-0.38494420 -0.01392561 0.20839569 94 97 86
-0.39411008 -0.01479826 0.20882054 62 88 40
-0.38903400 -0.00920340 0.20974728 107 141 21
-0.38351828 -0.01067315 0.20896636 105 131 30
-0.39578971 -0.00773204 0.21005356 93 118 1
-0.41741031 -0.01537224 0.20610315 81 101 40
-0.37851748 -0.01492049 0.21455911 66 94 33
-0.40682566 -0.01586531 0.20831653 34 53 7
-0.40479994 -0.00906023 0.20842716 106 127 36
-0.38174316 -0.01113942 0.20958295 109 131 46
-0.38985509 -0.00792027 0.21060625 94 123 7
-0.42959377 -0.01622199 0.20054784 51 82 6
-0.40528637 -0.01035355 0.20753479 44 80 6
-0.42189258 -0.01311270 0.20329297 49 80 12
-0.38744688 -0.01143215 0.21121375 114 142 57
-0.41450152 -0.01090488 0.20698871 114 138 76
-0.38537341 -0.01783398 0.21013471 50 68 44
-0.41898799 -0.01426988 0.20844114 101 121 58
-0.41926470 -0.01294402 0.20418984 40 69 2
-0.21996593 0.00888255 0.21614118 135 144 37
-0.22322473 0.01258976 0.21035613 106 116 3
-0.22221088 0.00907071 0.20941539 132 141 52
-0.22486316 0.01374608 0.22197512 118 126 5
-0.22443298 0.01181638 0.21931000 121 130 15
-0.22126307 0.00850294 0.21315016 122 129 36
-0.22372583 0.01553498 0.22204363 110 115 0
-0.22349551 0.01507747 0.21691151 110 120 7
-0.22336493 0.01548513 0.22140165 113 118 0
-0.22087018 0.01459110 0.21086895 98 107 2
-0.21064085 0.01232153 0.16356362 97 101 42
-0.21294235 0.01064339 0.17468360 137 135 61
-0.21260715 0.00988641 0.17299379 122 120 43
-0.22229157 0.00259980 0.14116368 133 135 52
-0.20923443 0.01144130 0.14409728 78 92 7
-0.20947446 0.01275337 0.13985369 105 117 43
-0.20895106 0.00972708 0.14915307 114 118 57
-0.21036693 0.01083954 0.15379795 108 108 44
-0.21398211 0.00705972 0.16206630 107 106 24
-0.21105388 0.00959782 0.16384915 83 85 35
-0.21684250 0.01000107 0.14501718 94 110 12
-0.21714891 0.00656721 0.17080617 119 118 38
-0.21618026 0.00705446 0.17108403 120 118 41
-0.21928269 0.00684909 0.17578995 102 102 28
-0.21669777 0.00823844 0.18673073 102 108 20
-0.21592839 0.01125147 0.14872089 87 105 19
-0.21503067 0.01179384 0.14534961 93 106 26
-0.21451718 0.00865506 0.17887339 111 114 35
-0.21437271 0.00845966 0.17577270 117 118 40
-0.20980586 0.00888528 0.14784446 118 122 61
-0.21140672 0.01358761 0.15666549 110 112 47
-0.21019806 0.01049023 0.15475960 118 119 59
-0.21408108 0.01011654 0.17796089 140 138 55
-0.21450216 0.00997840 0.18571942 137 136 53
-0.22058634 0.00826194 0.17546701 117 118 52
-0.21804073 0.00952717 0.15326452 93 113 18
-0.21848346 0.00957719 0.15397635 92 111 19
-0.21641502 0.00758125 0.17809440 108 109 33
-0.22166684 0.00772112 0.18450896 169 171 132
-0.21877410 0.01046085 0.16852328 106 117 39
-0.21754529 0.00718741 0.16538224 114 110 36
-0.21364768 0.00835702 0.17042468 113 112 32
-0.21412104 0.00733089 0.16512480 108 107 24
-0.21946535 0.00921364 0.16368696 101 122 31
-0.21828520 0.01023929 0.16030988 102 120 38
-0.21721493 0.01079013 0.15430975 83 102 21
-0.21683882 0.01108750 0.15465835 83 102 21
-0.21651761 0.01158514 0.15691616 81 102 27
-0.21395570 0.01360075 0.16230591 76 88 24
-0.21190381 0.01363894 0.14769092 88 102 25
-0.21062535 0.01368003 0.14313194 89 101 25
-0.21996650 0.01113657 0.17877939 115 104 42
-0.21885358 0.01162853 0.17524630 105 104 37
-0.21534823 0.00799632 0.14926016 106 117 25
-0.21544902 0.00744844 0.15887485 110 113 24
-0.22320697 0.00836318 0.18585254 141 159 59
-0.21027575 0.01354955 0.16721924 130 128 69
-0.20875268 0.00865881 0.14023753 114 124 55
-0.21623126 0.00947913 0.13937001 96 102 14
-0.21132314 0.01321419 0.17315575 113 114 44
-0.21006899 0.01506625 0.17119773 83 92 29
-0.22291973 0.00785702 0.19110727 93 117 7
-0.21408269 0.00660406 0.14418745 116 122 36
-0.21404725 0.00601031 0.13991357 113 119 31
-0.21370549 0.00664012 0.15587470 106 113 33
-0.21191721 0.00825769 0.15693018 95 101 39
-0.22580950 0.00185514 0.14179160 221 209 193
-0.20789532 0.02544567 0.22628522 156 159 20
-0.13549064 0.06120443 0.28548449 177 197 24
-0.16484660 0.04949453 0.27305987 160 172 24
-0.16577911 0.04561320 0.27188265 146 175 21
-0.10456537 0.06870882 0.29212290 126 142 33
-0.12782446 0.07571650 0.28861934 161 152 109
-0.16186176 0.04934356 0.27589265 152 172 21
-0.13880555 0.06660791 0.28929955 199 210 20
-0.13852829 0.06151990 0.28574231 171 192 13
-0.14793546 0.06159277 0.29086673 189 200 44
-0.09715807 0.06345489 0.29367790 89 107 8
-0.09468419 0.05943587 0.30246577 110 127 0
-0.19704334 0.03477381 0.25872725 190 202 56
-0.19800988 0.03332343 0.25708285 169 184 21
-0.13818136 0.07071440 0.28788790 166 182 14
-0.20060225 0.02444409 0.23820941 110 124 1
-0.20163389 0.02322217 0.23405513 100 114 0
-0.13635609 0.07507540 0.29097873 152 153 73
-0.14401048 0.07184689 0.29141492 116 123 55
-0.15793823 0.05644193 0.28259978 176 183 25
-0.19462906 0.02863040 0.24875876 114 134 1
-0.19712269 0.02818624 0.24658282 130 148 4
-0.13257153 0.07568609 0.28920078 81 98 0
-0.19402011 0.03146442 0.25513071 143 160 2
-0.19966008 0.02802292 0.24469030 137 146 1
-0.11905517 0.06497292 0.28777969 105 131 6
-0.13108522 0.05965608 0.28975067 99 117 18
-0.12909710 0.07313186 0.28626579 115 136 19
-0.15295564 0.06069544 0.28913257 134 157 7
-0.12124933 0.07437246 0.28965744 158 172 35
-0.16304936 0.05455955 0.27782080 142 155 15
-0.19305550 0.03734540 0.26006275 176 182 48
-0.12982489 0.07242081 0.29219037 200 209 30
-0.12730893 0.06985560 0.29347548 190 206 48
-0.13642973 0.07215898 0.29466069 195 214 37
-0.16066781 0.05152399 0.27767020 184 201 24
-0.14989059 0.05669383 0.28736007 186 201 20
-0.17256665 0.04844293 0.27122211 106 125 7
-0.17071010 0.04972297 0.27137375 88 107 0
-0.13007930 0.06871642 0.28848037 140 162 1
-0.16582239 0.05463657 0.27734074 79 99 4
-0.16628641 0.05272190 0.27339503 116 128 30
-0.15369163 0.06156878 0.29041576 133 152 8
-0.20202525 0.03012347 0.23373005 134 140 6
-0.20309913 0.02907337 0.23297034 148 152 16
-0.12623928 0.06319831 0.28997183 108 134 0
-0.12019644 0.07226255 0.29117495 208 211 32
-0.19039552 0.04113134 0.26116896 194 203 62
-0.12327772 0.07408223 0.29034358 179 193 36
-0.12461399 0.07194465 0.29175889 234 236 51
-0.12293639 0.06212240 0.28879726 102 120 38
-0.14346606 0.05989529 0.28782940 137 159 0
-0.18012400 0.04446108 0.26668423 174 191 15
-0.19800778 0.03504490 0.25679424 169 180 41
-0.13569495 0.06574194 0.28754714 191 202 10
-0.11401002 0.06899662 0.28584337 103 128 0
-0.09679046 0.06191304 0.29298326 113 132 7
-0.11366571 0.06808135 0.28675935 115 136 0
-0.15776542 0.05212555 0.28072014 174 189 12
-0.16031285 0.05996877 0.28545022 145 162 8
-0.16756985 0.05487182 0.27930698 90 114 2
-0.16604804 0.05546125 0.27924886 81 103 2
-0.09535477 0.06036472 0.29689303 80 101 0
-0.18871595 0.04112009 0.26200598 179 191 47
-0.11966140 0.07241355 0.29076695 108 128 0
-0.10907548 0.05946895 0.28800350 139 148 5
-0.19227812 0.03781812 0.26036149 160 167 35
-0.15065467 0.05871582 0.28888154 175 193 9
-0.13606811 0.07167102 0.28755751 169 182 15
-0.11189291 0.06441808 0.28831673 132 159 4
-0.11136934 0.06103700 0.28644198 185 190 9
-0.10947568 0.07240921 0.28917143 131 151 28
-0.19997911 0.03032185 0.24707557 145 158 16
-0.19919114 0.03162568 0.24927270 157 170 20
-0.09757114 0.06597453 0.29472265 93 114 21
-0.13415390 0.05795409 0.29017529 108 114 4
-0.13615070 0.05709274 0.28973764 128 83 0
-0.20638984 0.02641439 0.23191410 143 155 19
-0.19912302 0.03317463 0.25544760 136 150 1
-0.19932242 0.03425098 0.25727651 165 183 13
-0.20242257 0.02697652 0.23888089 135 151 18
-0.20164445 0.03137274 0.23887010 139 147 10
-0.19010612 0.03122616 0.25680009 107 126 0
-0.19014625 0.03884211 0.26122957 181 188 56
-0.20974860 0.02729329 0.22317527 150 155 26
-0.19748379 0.03091173 0.25162372 144 155 17
-0.19482248 0.03000423 0.25138694 138 152 3
-0.10508422 0.05883626 0.29807931 69 82 10
-0.10189824 0.05765506 0.29944429 85 102 0
-0.09858881 0.06239437 0.29333043 127 150 0
-0.17922732 0.04475407 0.26698831 147 160 0
-0.18220796 0.04397178 0.26555973 171 183 15
-0.18017589 0.04542792 0.26681474 168 181 14
-0.15951338 0.05481035 0.27942058 144 161 5
-0.19823644 0.03330326 0.25486860 119 128 3
-0.11537334 0.07229808 0.28668448 123 147 1
-0.14707708 0.06868748 0.29073244 94 93 62
-0.11424829 0.07055839 0.28593725 131 152 0
-0.12452707 0.06065803 0.28906411 77 101 3
-0.11771632 0.06943017 0.28961909 127 152 6
-0.11968376 0.06801151 0.28955966 149 164 1
-0.10756437 0.06978438 0.29010957 106 126 13
-0.20149346 0.03130653 0.23704450 139 150 11
-0.15190971 0.06473358 0.29112133 150 142 105
-0.10264897 0.06875122 0.29611468 109 132 28
-0.19024400 0.03687201 0.26149905 180 183 52
-0.11139543 0.07111794 0.29238659 121 136 19
-0.10402065 0.06191846 0.29323322 152 163 9
-0.10140653 0.06859493 0.29452503 130 145 28
-0.13781701 0.06460169 0.28853849 200 207 15
-0.11542422 0.05968580 0.28655326 168 177 0
-0.12075756 0.05846776 0.28773487 117 141 0
-0.19996843 0.03171470 0.24512532 119 130 0
-0.19841975 0.03511433 0.25734290 166 181 28
-0.20412864 0.02766241 0.22828701 161 161 27
-0.20221460 0.02524791 0.23667353 139 153 4
-0.20227447 0.02667113 0.23929814 139 146 6
-0.12983017 0.06990550 0.28830528 132 160 15
-0.09683314 0.05966164 0.29833221 84 103 11
-0.12945814 0.06546919 0.28848422 141 162 0
-0.09480567 0.06747577 0.29774511 125 144 3
-0.09510554 0.06777679 0.29809597 95 122 9
-0.12564275 0.06769864 0.28962538 102 126 0
-0.09550148 0.06792501 0.30003795 105 127 16
-0.15511510 0.05844550 0.28526351 181 196 35
-0.09195080 0.06458725 0.29606527 135 158 5
-0.18925348 0.03869224 0.26122713 206 214 66
-0.18532400 0.03653667 0.26398420 130 144 0
-0.13345537 0.06205536 0.28549922 149 169 0
-0.20369315 0.02480805 0.23277253 144 148 2
-0.13210295 0.07086907 0.28582826 191 198 22
-0.17361487 0.04570846 0.27096388 119 137 3
-0.17506306 0.04417342 0.26942417 130 147 6
-0.11454216 0.06569038 0.28561807 61 80 0
-0.19967639 0.03345708 0.24283524 116 128 0
-0.20105320 0.03174331 0.24067622 128 141 0
-0.16213375 0.05931981 0.28700310 112 122 10
-0.20502362 0.02540415 0.23417634 135 147 21
-0.20771655 0.02311874 0.22620229 142 158 36
-0.12366340 0.07015777 0.29022253 169 188 11
-0.14571646 0.06095682 0.29029047 192 203 13
-0.14481470 0.06661119 0.29031771 148 163 20
-0.16144930 0.05652727 0.28320956 114 135 6
-0.15076903 0.05704506 0.28725109 120 151 0
-0.14083281 0.07157600 0.28984949 134 137 68
-0.16867281 0.04563723 0.27160227 103 123 0
-0.16671827 0.04972126 0.27171418 123 138 11
-0.10097434 0.05990852 0.29429346 106 127 0
-0.24957329 -0.00107064 0.15186587 200 168 171
-0.25156558 0.00174727 0.15643835 224 204 169
-0.25347021 -0.00027244 0.15900230 115 123 64
-0.25042135 -0.00046449 0.15170595 187 155 160
-0.24486165 -0.00151704 0.15268020 142 121 90
-0.24628280 -0.00074214 0.15100947 139 115 131
-0.24280132 -0.00093484 0.15428871 113 128 69
-0.24048762 0.00147622 0.15269974 127 144 89
-0.23811308 0.00355803 0.15110910 110 124 65
-0.25526184 -0.00168322 0.15609704 210 194 143
-0.24216695 0.00316837 0.15323703 117 127 54
-0.24565992 0.00084894 0.15019681 182 166 151
-0.03742283 0.07648270 0.32336462 114 104 103
-0.04193921 0.07484711 0.32066894 99 118 26
-0.04429007 0.07312422 0.32766128 51 53 14
-0.03053479 0.07638333 0.32614583 109 109 117
-0.02800456 0.07743379 0.32738313 73 73 73
-0.05222357 0.06607974 0.32411605 151 134 116
-0.04055877 0.07370896 0.32456055 105 108 125
-0.05134100 0.06706227 0.32503623 163 163 89
-0.04803623 0.06709884 0.32529777 125 105 117
-0.04280639 0.07148568 0.32501879 129 109 108
-0.03718267 0.07485198 0.32925144 67 74 40
-0.04846871 0.06866746 0.32252929 174 157 141
-0.04658358 0.07231044 0.32181525 97 118 23
-0.04493104 0.07361343 0.32121441 98 119 28
-0.04446616 0.07055716 0.32701841 115 107 88
-0.03823511 0.07326043 0.32728454 64 76 124
-0.24673691 -0.00100720 0.20665775 166 157 124
-0.24432430 -0.00090785 0.20595887 154 150 123
-0.23058809 0.00788964 0.19563003 130 149 57
-0.24655236 0.00268781 0.20591168 177 183 49
-0.25349149 0.00294824 0.20799316 128 132 38
-0.24436837 0.00323948 0.20467600 178 170 131
-0.23932432 0.00332483 0.20088772 190 190 128
-0.24993013 0.00648704 0.20875162 113 124 56
-0.24934565 0.00647166 0.20864207 110 121 52
-0.24354281 0.00708183 0.20743668 128 148 63
-0.24701561 0.00926177 0.20840903 122 141 51
-0.24967065 -0.00278012 0.20925459 176 153 73
-0.22439837 0.00804663 0.18925318 119 142 51
-0.24222432 0.00001376 0.20433548 163 156 140
-0.23070122 0.00612002 0.19779006 83 120 6
-0.23491241 0.00322084 0.20227058 97 130 0
-0.25357637 0.00065206 0.20842493 182 191 36
-0.25329402 -0.00163346 0.20908178 162 160 59
-0.23346348 0.00334415 0.19931202 91 113 13
-0.22846670 0.00562144 0.19266102 153 181 60
-0.23806779 0.00053592 0.20638542 108 126 40
-0.23655321 0.00416138 0.19934300 172 179 99
-0.17485024 0.03258738 0.26715678 143 163 3
-0.19715241 0.01471358 0.23248981 150 155 26
-0.07689327 0.07532076 0.31221038 84 104 0
-0.16127491 0.04110765 0.28091517 112 140 4
-0.13513240 0.04878508 0.29690450 213 236 34
-0.12585823 0.04874066 0.29796404 232 245 44
-0.11243502 0.05119267 0.30198371 118 114 17
-0.16957121 0.04172648 0.27142820 61 88 0
-0.10919821 0.05249404 0.30545729 107 99 18
-0.10632524 0.05138757 0.30303782 111 109 0
-0.05454875 0.06944547 0.31717256 155 148 106
-0.06514912 0.06462281 0.31523177 112 114 75
-0.12056295 0.04954693 0.29776350 255 252 127
-0.13144012 0.05014410 0.29782581 222 240 34
-0.12700371 0.04794260 0.29789585 238 247 46
-0.10461711 0.05406603 0.29961154 105 124 16
-0.07680385 0.07638014 0.31310412 153 172 54
-0.13825653 0.04479634 0.29711786 206 231 18
-0.08635838 0.07120939 0.30836838 90 127 0
-0.10983985 0.05526302 0.29615283 134 151 23
-0.10713450 0.05669481 0.29799247 122 139 25
-0.16644256 0.03729299 0.27243993 116 138 12
-0.09535389 0.06066834 0.30946946 140 162 0
-0.10354079 0.05968514 0.31151801 160 168 0
-0.12783533 0.04762054 0.29354715 198 187 69
-0.13726848 0.05390482 0.29212222 83 107 9
-0.10760053 0.05672037 0.30972749 233 234 55
-0.10959966 0.05863375 0.30928907 192 211 23
-0.17727043 0.03208106 0.26604953 134 151 0
-0.15945452 0.03349005 0.27631220 104 124 1
-0.17435926 0.04151555 0.26985523 108 134 0
-0.19404593 0.03065000 0.25620022 160 184 0
-0.19603650 0.03069123 0.25519168 164 183 5
-0.10144458 0.05404630 0.30184621 143 152 27
-0.10630581 0.05323616 0.29955739 107 122 21
-0.10493904 0.05319355 0.30509657 147 138 59
-0.15996887 0.03511824 0.28063455 209 224 43
-0.16135472 0.03518994 0.27995917 188 208 15
-0.18561292 0.03731008 0.26409972 181 205 21
-0.18239059 0.03672149 0.26657483 166 194 32
-0.16633688 0.03551384 0.27581394 193 209 15
-0.16277210 0.03714786 0.28209883 182 205 9
-0.13467777 0.04400540 0.29942214 255 250 107
-0.17149165 0.02853185 0.26891446 244 246 61
-0.17004250 0.03252110 0.27170840 201 215 14
-0.06459524 0.06843655 0.31413537 108 126 26
-0.18119073 0.03316468 0.26636362 156 188 55
-0.17833298 0.03098691 0.26812625 193 215 42
-0.13748650 0.05302443 0.29481035 180 215 50
-0.13360107 0.05267730 0.29689574 190 219 51
-0.07322732 0.07478128 0.31211141 128 155 24
-0.17426470 0.03312567 0.27192804 180 210 26
-0.17108960 0.03280103 0.27174357 210 227 27
-0.19627945 0.02208827 0.24465902 125 138 0
-0.17764065 0.03277556 0.26932675 174 206 35
-0.17891254 0.03446441 0.26882586 153 188 58
-0.17495169 0.03650845 0.27285320 157 192 64
-0.14262380 0.05421560 0.28883809 106 130 16
-0.14306813 0.05425958 0.28815818 120 146 45
-0.06146472 0.06496798 0.31873980 99 86 80
-0.16076346 0.05012635 0.28754660 177 212 22
-0.16070300 0.04783786 0.28484127 176 212 50
-0.16669135 0.04881998 0.28361198 184 214 20
-0.17273143 0.04044254 0.27603152 159 191 64
-0.17477924 0.03934925 0.27394816 156 193 61
-0.17608172 0.04134793 0.27350363 152 188 4
-0.12344922 0.04995774 0.29776773 253 255 63
-0.18434760 0.03941748 0.26495123 190 205 26
-0.15663673 0.03368372 0.27859277 129 137 0
-0.15579715 0.03385603 0.27961937 139 143 6
-0.08493305 0.07113943 0.30806088 109 136 41
-0.12109174 0.05325115 0.30097792 240 254 47
-0.14521113 0.04228618 0.29619846 185 214 12
-0.09737514 0.06870881 0.30341440 99 124 30
-0.11487544 0.05089775 0.29782701 175 181 45
-0.07974549 0.06877947 0.30671433 90 110 0
-0.19826832 0.01590672 0.23855437 158 163 34
-0.08006171 0.07286859 0.30980220 95 123 2
-0.15716395 0.04866575 0.28673264 181 218 79
-0.15211158 0.04813241 0.29026628 177 213 65
-0.10337091 0.06284899 0.31366912 209 216 12
-0.09990562 0.06226003 0.31149492 116 142 0
-0.20905657 0.02283204 0.22463398 163 167 31
-0.20864706 0.01965606 0.21938995 136 140 3
-0.09290615 0.07005034 0.31044343 113 141 5
-0.09175373 0.06535025 0.30839685 111 143 8
-0.09167888 0.06566229 0.30774659 97 128 0
-0.09292200 0.06384468 0.31133527 164 184 9
-0.13262941 0.04039361 0.29209676 106 105 41
-0.14770083 0.06485156 0.29578030 188 215 26
-0.14673397 0.06150182 0.29335910 201 220 32
-0.14987196 0.06072784 0.29487413 238 254 59
-0.14052950 0.03932894 0.29052514 113 114 36
-0.13773020 0.04222116 0.29032445 103 100 59
-0.19091281 0.02935937 0.25451478 81 96 1
-0.14022607 0.05535512 0.28886595 75 134 54
-0.18870617 0.02541807 0.25751349 136 146 0
-0.18538512 0.02471400 0.26019436 187 187 63
-0.14541529 0.04580138 0.29282865 145 165 8
-0.18689859 0.03206667 0.26209623 85 105 10
-0.18789658 0.03303803 0.26165241 108 130 0
-0.12619339 0.05137960 0.29833233 242 255 49
-0.15111439 0.05829050 0.29316846 196 222 37
-0.18405317 0.03008575 0.26292980 166 195 25
-0.18159553 0.03016159 0.26507559 173 201 18
-0.11675611 0.06543747 0.29876903 141 168 39
-0.16964488 0.04393153 0.27957702 170 207 29
-0.16664562 0.04658207 0.28156093 158 194 24
-0.16428864 0.04715507 0.28283668 176 209 40
-0.13416094 0.05435025 0.29592189 170 208 47
-0.13459422 0.05382460 0.29593590 178 216 53
-0.16941902 0.03374753 0.26713276 172 183 27
-0.16729170 0.03616147 0.27145681 109 134 0
-0.12441419 0.05712922 0.30039787 171 207 35
-0.15788750 0.05099522 0.28846556 178 215 24
-0.15772310 0.05148593 0.28904670 182 219 18
-0.19339603 0.03211791 0.25719041 180 201 22
-0.18830217 0.03339766 0.26030391 168 196 23
-0.19623809 0.03171976 0.25554237 174 189 24
-0.16581067 0.03992356 0.28105208 167 205 44
-0.16246735 0.04126110 0.28354543 177 216 37
-0.11193872 0.05441708 0.29023707 161 170 43
-0.16110346 0.05470053 0.29132774 220 245 29
-0.20093748 0.02758605 0.24458717 138 157 32
-0.20100616 0.02618940 0.24225776 138 155 40
-0.19670522 0.02602212 0.24988692 136 159 55
-0.19951263 0.02981226 0.25071418 146 160 2
-0.16597019 0.05106319 0.28512195 160 193 0
-0.16219015 0.05267163 0.28894106 175 210 19
-0.15192413 0.05615782 0.29198751 222 249 50
-0.12992375 0.06809251 0.29350987 211 227 42
-0.13726318 0.06867325 0.29470402 236 247 55
-0.13429292 0.06733166 0.29372519 188 212 38
-0.05271994 0.07903686 0.31523290 92 120 10
-0.12368311 0.05944118 0.29952773 148 181 38
-0.16917808 0.02869464 0.26919675 242 243 64
-0.12962243 0.05919785 0.29658592 140 171 52
-0.13066258 0.05783401 0.29630339 138 174 38
-0.12087453 0.06123308 0.30041307 145 179 33
-0.11682275 0.06394392 0.30055958 124 149 32
-0.18702826 0.02781189 0.25986463 172 198 15
-0.19090083 0.02687853 0.25525171 142 166 16
-0.15728280 0.05637678 0.29419076 205 233 24
-0.15807436 0.05714630 0.29519594 206 236 16
-0.11556763 0.05715848 0.30470169 199 220 37
-0.11043849 0.05446804 0.29273656 103 116 46
-0.19455777 0.02182114 0.24997415 162 176 37
-0.06968334 0.07633698 0.31299236 181 203 105
-0.10823245 0.06751768 0.30102643 116 134 34
-0.10738103 0.06787382 0.30346841 94 109 24
-0.11260343 0.06196038 0.30671826 174 204 30
-0.11064139 0.06153160 0.30838001 194 214 29
-0.13195248 0.06390259 0.29452947 195 220 41
-0.13230623 0.06334609 0.29474139 194 220 35
-0.07235699 0.07951658 0.31459346 212 221 50
-0.15808265 0.04745325 0.28359562 96 122 15
-0.07220579 0.07106994 0.31035936 87 111 13
-0.13340481 0.06154578 0.29528666 171 203 42
-0.10949829 0.05234208 0.29941157 117 130 16
-0.09744401 0.05926257 0.30668703 144 170 8
-0.12502412 0.06715286 0.29506171 159 183 33
-0.06685824 0.08181416 0.31443816 125 131 33
-0.06265537 0.07587210 0.31377822 99 124 7
-0.15182014 0.04071218 0.29069552 130 149 0
-0.20431529 0.01530330 0.22430302 161 161 31
-0.06844434 0.08114877 0.31526104 158 167 50
-0.11748352 0.05574583 0.28721136 175 175 45
-0.14582281 0.03577390 0.29182267 144 154 31
-0.09947444 0.05839419 0.30812892 136 159 0
-0.10775216 0.06945983 0.29649767 123 141 23
-0.10988040 0.06787509 0.29849166 118 137 22
-0.06573713 0.07147336 0.31252584 80 106 0
-0.11656048 0.07193767 0.29113951 194 202 41
-0.11837088 0.07110076 0.29200232 152 174 31
-0.11553282 0.05275125 0.30210641 255 254 41
-0.11644537 0.05263221 0.30180323 252 254 30
-0.11781622 0.06729767 0.29739025 134 157 27
-0.11840914 0.06951020 0.29408222 152 174 31
-0.11579517 0.06759496 0.29722765 133 158 31
-0.10743494 0.06655700 0.30681738 145 167 30
-0.10811484 0.06683388 0.30567205 122 146 26
-0.17371203 0.04867958 0.27381718 157 175 3
-0.17560366 0.04836066 0.27090529 137 162 0
-0.17753656 0.04471301 0.27046722 169 185 1
-0.17923705 0.03999786 0.26984921 152 179 6
-0.17367236 0.04564858 0.27610666 148 177 1
-0.07284614 0.06876490 0.30923903 91 115 0
-0.15743573 0.04931739 0.28338993 158 185 12
-0.19359545 0.02546478 0.25054574 88 105 0
-0.19561046 0.02419282 0.24537563 106 120 22
-0.20369235 0.02161751 0.23241065 125 146 29
-0.20500998 0.02032691 0.22750829 115 135 10
-0.20304920 0.02415631 0.23638761 136 154 36
-0.20044523 0.01578550 0.23046440 170 165 45
-0.10851294 0.05188750 0.30076310 168 176 29
-0.12924165 0.06675161 0.29391387 158 178 27
-0.13909465 0.06403026 0.29391426 211 236 70
-0.16862762 0.03166775 0.26390222 188 187 71
-0.17376423 0.03222244 0.26648366 146 161 8
-0.17179652 0.03023843 0.26512331 154 164 33
-0.17176241 0.02959859 0.26556537 155 168 37
-0.09134609 0.06577079 0.30556759 107 136 8
-0.15258446 0.03698306 0.29007363 111 129 0
-0.08274786 0.07565773 0.31255540 158 185 8
-0.14966857 0.06857225 0.29126310 130 144 95
-0.06421059 0.06602841 0.32064980 205 215 93
-0.06567822 0.06648380 0.31680289 151 170 26
-0.15916550 0.06154101 0.29322770 107 112 48
-0.16080351 0.05930532 0.29470178 156 188 0
-0.14637350 0.06974301 0.29411653 131 156 176
-0.14069225 0.07139285 0.29581922 194 212 28
-0.14653312 0.06739648 0.29617503 174 199 35
-0.15904693 0.06199162 0.29080024 75 92 0
-0.15001048 0.06552641 0.29694158 214 235 52
-0.15541995 0.06263905 0.29488844 37 45 0
-0.16009891 0.05958406 0.29605430 160 192 7
-0.16677830 0.03326072 0.26774761 177 186 41
-0.05139731 0.07896435 0.31460381 145 171 74
-0.05878200 0.06724340 0.31636792 147 144 103
-0.10154834 0.06919803 0.30733779 117 131 18
-0.09879716 0.07075933 0.31079468 136 147 27
-0.21143152 0.02170183 0.22080517 164 166 43
-0.21319798 0.02538243 0.22099252 162 164 41
-0.08283149 0.07302091 0.30995172 133 157 71
-0.08480277 0.07215639 0.30906507 134 159 78
-0.08894546 0.07397238 0.31134382 160 187 20
-0.14097489 0.03740078 0.29421628 125 127 44
-0.07293422 0.07119423 0.31022698 69 100 0
-0.07443907 0.07191388 0.31015885 55 83 0
-0.08745448 0.06890260 0.30370641 120 147 18
-0.05337811 0.07379123 0.31278974 97 120 16
-0.06148832 0.07984905 0.31466082 202 231 87
-0.09961446 0.06897559 0.31239009 176 203 10
-0.19596401 0.01841536 0.24675284 176 179 48
-0.06893388 0.06518367 0.31384367 86 100 23
-0.06451799 0.07835165 0.31494591 122 144 20
-0.06320764 0.07800878 0.31484702 101 122 0
-0.10885349 0.05627331 0.29064259 141 150 31
-0.16276075 0.03360585 0.27536619 135 144 1
-0.08952923 0.07343826 0.31063762 138 160 33
-0.18421049 0.02243684 0.25970739 190 195 51
-0.09298837 0.06924688 0.31397817 118 141 0
-0.09368413 0.06653894 0.31380752 141 160 0
-0.20062754 0.02158887 0.23625804 95 107 0
-0.08943659 0.06797583 0.30198103 152 178 9
-0.05440595 0.07363454 0.31289437 99 114 21
-0.12297776 0.05455783 0.29214227 97 106 15
-0.13873000 0.03760762 0.29068753 87 91 40
-0.18477343 0.03332677 0.26316327 92 112 15
-0.11231644 0.05973126 0.28623906 113 142 2
-0.14076051 0.04445305 0.29073763 60 64 39
-0.13604860 0.04177495 0.29997543 215 211 164
-0.15923885 0.05028932 0.27933541 128 151 9
-0.16074067 0.04363989 0.27651054 90 116 6
-0.07647071 0.07578315 0.31291473 148 167 52
-0.16023457 0.04524065 0.27759403 100 121 26
-0.20380285 0.02041789 0.22713065 103 111 0
-0.20264079 0.01782741 0.23056664 142 147 19
-0.14602092 0.06061729 0.29265139 228 246 46
-0.16541508 0.03864767 0.27301741 111 137 4
-0.20549451 0.01984653 0.22228532 106 115 0
-0.20582443 0.02137191 0.22511935 129 140 1
-0.11595862 0.05347960 0.29161400 122 129 51
-0.11948762 0.05448491 0.29281473 93 103 17
-0.12586883 0.05369633 0.29345632 84 99 6
-0.19736631 0.02051785 0.24436399 163 174 44
-0.19887379 0.01814007 0.24125127 160 163 48
-0.18198228 0.02418023 0.26436576 201 213 45
-0.19951025 0.02346349 0.24223554 123 144 27
-0.19937921 0.02215603 0.24166331 144 160 35
-0.19957033 0.02229449 0.24144000 137 155 35
-0.13753469 0.05966284 0.29410973 172 205 38
-0.14471671 0.05555104 0.29187027 191 227 75
-0.19870014 0.01778114 0.24171828 156 160 47
-0.19256936 0.02232516 0.25295597 137 145 0
-0.13048090 0.04259870 0.29290590 110 103 51
-0.19860521 0.01624778 0.23744398 159 161 38
-0.15580581 0.04624962 0.28641680 66 93 0
-0.15896335 0.04096121 0.28640825 121 145 0
-0.13400173 0.05473129 0.29216930 138 155 23
-0.13225465 0.05638279 0.29171959 130 151 0
-0.07222658 0.06609989 0.30969575 109 129 6
-0.16125578 0.03932381 0.28156260 142 160 0
-0.18931989 0.02237840 0.25693718 195 202 46
-0.07353075 0.07883693 0.31430927 203 215 55
-0.09641277 0.05939888 0.30673829 145 170 6
-0.18417574 0.02086740 0.25877461 95 102 0
-0.04991273 0.07490931 0.31353021 93 113 26
-0.05090865 0.07388080 0.31362087 93 117 19
-0.18264769 0.02594010 0.26401851 219 225 63
-0.17477910 0.02613617 0.26723236 250 250 76
-0.17457853 0.02561023 0.26707786 253 251 78
-0.14019865 0.05833793 0.28606132 160 184 12
-0.17967810 0.02388113 0.26588699 212 219 54
-0.17876068 0.02743050 0.26605892 165 172 32
-0.10301401 0.06534834 0.31166920 169 203 3
-0.10394326 0.06271219 0.31308761 189 208 5
-0.07834722 0.07225277 0.30943626 81 114 0
-0.17137413 0.05074153 0.27730000 131 155 0
-0.16932288 0.05068120 0.28157672 179 199 4
-0.16874446 0.05389674 0.28126073 133 164 1
-0.14727981 0.04638245 0.29243433 200 228 21
-0.14538443 0.04610750 0.29326764 203 227 19
-0.13074264 0.05050434 0.29156360 112 131 13
-0.14250299 0.04966227 0.29262716 119 145 0
-0.14291273 0.04792669 0.29304859 146 167 4
-0.15050311 0.04435479 0.29222637 200 227 8
-0.15081881 0.04314581 0.29302827 196 222 1
-0.15333253 0.03447381 0.28505147 174 183 94
-0.15377872 0.03465730 0.28510529 181 200 46
-0.15788883 0.03660585 0.28557307 120 135 0
-0.12387335 0.04988115 0.29478061 160 166 16
-0.15869139 0.03676213 0.28519702 180 203 7
-0.16251141 0.04041974 0.28337553 174 209 27
-0.15687229 0.04191100 0.28737843 179 213 5
-0.12813491 0.05495693 0.29022869 112 127 2
-0.14762403 0.05005629 0.29153261 174 208 59
-0.14948602 0.05228462 0.29064462 178 213 83
-0.14432082 0.05829418 0.28570557 150 173 7
-0.15078260 0.05261467 0.28749365 145 174 24
-0.13691394 0.03870060 0.29270515 98 103 37
-0.20188655 0.01944386 0.23298132 118 129 0
-0.18018442 0.03378879 0.26472369 52 75 0
-0.17964555 0.03243629 0.26509497 103 128 1
-0.11105469 0.05873140 0.28721899 173 178 32
-0.08548324 0.07593236 0.31279063 125 149 0
-0.17239295 0.03811603 0.27029487 53 80 0
-0.13653803 0.04022409 0.29717761 116 122 50
-0.19830728 0.02124597 0.24092552 122 135 3
-0.09235930 0.06759742 0.30074698 130 154 0
-0.06484091 0.07839230 0.31353021 189 219 97
-0.06867424 0.06938141 0.31155664 123 148 18
-0.09165718 0.06411693 0.30620933 126 158 0
-0.14626712 0.04108106 0.29319936 100 121 4
-0.20058829 0.01795202 0.23614788 146 154 16
-0.13446538 0.04855413 0.29328436 170 185 4
-0.14665045 0.04087067 0.29321697 93 112 0
-0.16931549 0.03788269 0.27161676 103 133 1
-0.15282635 0.04881306 0.28738809 103 125 17
-0.10833467 0.05411192 0.29792798 117 136 20
-0.19912611 0.01823484 0.23936215 154 160 26
-0.12779252 0.05777610 0.28986457 124 147 7
-0.15395901 0.05181118 0.28623590 158 181 11
-0.06662391 0.07700259 0.31411439 120 142 15
-0.10789935 0.06448381 0.30815110 154 188 32
-0.10602757 0.06656433 0.30790126 168 199 35
-0.10595650 0.06331260 0.31038120 177 203 20
-0.15453224 0.03818400 0.28934774 123 141 0
-0.04556433 0.07658752 0.31553042 82 104 21
-0.18842052 0.02180190 0.25808904 214 216 70
-0.13381307 0.04031825 0.29483730 112 116 39
-0.13753039 0.04849787 0.29335350 108 131 0
-0.15029794 0.04824077 0.28954092 104 133 5
-0.15053645 0.05087473 0.28834057 86 111 7
-0.15665399 0.03439375 0.28100953 107 129 5
-0.16259807 0.03919363 0.27773502 157 171 0
-0.11520839 0.05319690 0.29024094 131 140 33
-0.15275827 0.03644344 0.28974065 152 193 11
-0.14950526 0.03642489 0.29225135 229 236 71
-0.13878673 0.05167108 0.29254714 95 126 0
-0.12202188 0.05531077 0.28990310 203 204 25
-0.19522367 0.02102475 0.24821672 145 153 16
-0.13015096 0.04218237 0.29463771 50 77 42
-0.16963893 0.02866977 0.26692954 209 219 104
-0.16893303 0.02873107 0.26840118 227 239 53
-0.15069984 0.06416645 0.29300573 75 83 46
-0.09157602 0.06062808 0.30121011 101 124 7
-0.09117581 0.06267574 0.30090901 123 149 24
-0.19802824 0.01696212 0.24128421 130 136 14
-0.15510130 0.03981755 0.28871694 223 239 45
-0.15114205 0.04221360 0.29330969 225 240 27
-0.09140620 0.06466737 0.30523023 108 138 6
-0.18766043 0.02858679 0.25911039 95 115 4
-0.14533716 0.03767911 0.29478094 77 78 44
-0.14889778 0.03678710 0.29296783 237 243 81
-0.09137356 0.06779943 0.30272356 128 154 0
-0.09257206 0.06991122 0.30684304 111 140 21
-0.05999326 0.08059980 0.31573135 195 222 89
-0.14178158 0.04120825 0.29758760 67 62 30
-0.14269130 0.03777149 0.29484361 96 102 42
-0.12680277 0.05363701 0.29070199 91 104 0
-0.14343123 0.06157965 0.29290166 219 238 50
-0.14404248 0.06093689 0.29265314 202 226 52
-0.12769130 0.05113067 0.29264274 114 130 5
-0.05729581 0.06512851 0.31641155 154 137 127
-0.05413901 0.07131240 0.31716418 92 100 17
-0.04688666 0.07431111 0.31671080 86 109 21
-0.18283430 0.02699079 0.26257861 176 178 42
-0.05786157 0.07198497 0.31409955 113 135 24
-0.09576986 0.06906443 0.31517711 182 179 22
-0.05191412 0.06745277 0.32128713 164 145 138
-0.05022055 0.06961314 0.31866881 153 150 105
-0.04577395 0.07426413 0.31815284 98 121 31
-0.26013029 0.01504043 0.28378931 147 165 1
-0.24906428 0.02058634 0.27743262 166 180 0
-0.23156388 -0.00110388 0.26456323 134 145 7
-0.23359364 0.00276336 0.25960901 150 161 7
-0.23727205 0.00788639 0.26119259 151 158 0
-0.23281944 0.00734981 0.25714174 152 159 4
-0.23984835 0.01196027 0.26279247 151 165 10
-0.23088507 0.01312811 0.26363391 129 141 3
-0.24945836 -0.00662491 0.28941533 159 191 6
-0.24797264 0.02328816 0.27777353 143 166 13
-0.25123438 0.02363399 0.27889979 146 165 13
-0.25179058 -0.00920474 0.28741118 166 165 39
-0.25963986 -0.00918472 0.28929764 169 178 27
-0.24446189 -0.00633880 0.28516006 168 158 27
-0.26966006 -0.00739302 0.29323363 156 173 17
-0.24002062 -0.00485724 0.28131697 163 155 28
-0.23908575 -0.00422996 0.28474632 161 154 74
-0.28583094 -0.00577010 0.31241196 110 134 20
-0.28385463 -0.00630833 0.30989391 100 124 2
-0.23918331 0.02412943 0.26737508 150 167 3
-0.24097487 0.01249090 0.26604638 169 178 0
-0.24325940 0.01385252 0.26939428 183 188 0
-0.24316214 0.01352816 0.26921570 185 190 0
-0.24769641 0.01612971 0.27569669 157 174 0
-0.24867661 0.01810892 0.27711985 162 180 0
-0.23527923 0.01976196 0.26694936 129 146 5
-0.23358300 0.02031147 0.25629893 123 142 0
-0.23327516 0.01952384 0.25465652 127 140 0
-0.23453642 0.01487590 0.25133538 164 173 6
-0.23669183 0.02098905 0.26210964 115 136 0
-0.23714192 0.02102315 0.26283434 119 138 0
-0.25216141 0.02149906 0.27922440 163 180 0
-0.23008430 0.02333143 0.25708932 142 163 10
-0.23431836 0.02522194 0.26344514 149 167 7
-0.22777380 0.02530100 0.25867134 139 160 7
-0.22795559 0.01382369 0.26379576 114 136 1
-0.24608690 0.01805249 0.27458540 153 166 0
-0.24235278 0.01628132 0.26854891 141 157 0
-0.24314925 0.01654772 0.26980269 145 159 1
-0.28349522 -0.00808886 0.30619848 85 108 4
-0.23808146 0.01035519 0.26022363 143 158 3
-0.22821707 0.01617775 0.27217111 125 143 0
-0.22766387 0.01639808 0.26775822 128 143 2
-0.25918305 0.01965800 0.28320676 143 164 7
-0.23800418 -0.00216932 0.28288493 139 142 29
-0.23623574 -0.00185487 0.28050983 168 164 65
-0.24071892 0.00156313 0.28268063 146 163 5
-0.24196099 -0.00351574 0.28782588 154 177 11
-0.22748540 0.01643238 0.26982248 121 138 0
-0.27437377 0.00133540 0.30337369 126 151 0
-0.27741984 -0.00465468 0.30468318 118 145 6
-0.27773607 -0.00309884 0.30562523 119 147 10
-0.28525513 -0.00354273 0.31334928 101 126 6
-0.28115457 0.00121979 0.30657151 103 130 0
-0.27834868 -0.00007251 0.30683324 115 140 0
-0.24984345 -0.00627562 0.28333935 179 175 26
-0.26546833 -0.00868493 0.29306242 124 148 0
-0.26117820 -0.00852730 0.29036006 149 159 24
-0.26539603 -0.00818523 0.29329574 124 150 0
-0.26703507 0.00355134 0.29572698 137 160 7
-0.26834965 0.00162837 0.29776919 143 168 22
-0.26670566 0.00500693 0.29481414 149 167 0
-0.22908261 0.02057042 0.26873943 143 154 0
-0.23312542 0.01127222 0.24705532 145 159 14
-0.23135439 0.00703164 0.24610911 139 148 0
-0.25894952 0.01807369 0.28239745 181 197 0
-0.24612162 0.02132379 0.27557570 155 170 0
-0.23399432 0.00018012 0.26857573 151 160 7
-0.23233975 -0.00192210 0.26933795 133 143 8
-0.25329033 0.02504523 0.27787000 141 142 48
-0.23107606 0.00548360 0.24918042 151 163 1
-0.22887622 0.01226582 0.26062918 140 154 9
-0.22805007 0.01334301 0.26299325 114 136 0
-0.23736452 0.01427619 0.26397282 140 155 0
-0.22594830 0.02025678 0.26870784 146 159 7
-0.22979808 0.00715661 0.23845944 140 147 7
-0.22736499 0.00491224 0.24190225 143 152 7
-0.24480860 0.01932960 0.27390882 152 170 6
-0.24185683 0.02110974 0.27003840 138 158 1
-0.26037136 -0.00427139 0.28878105 166 175 20
-0.27192098 -0.01070209 0.29594174 121 146 0
-0.23586915 0.02365711 0.26612860 157 174 8
-0.22743326 0.01819886 0.27236697 125 148 0
-0.23440312 -0.00232779 0.27759227 124 128 15
-0.23421067 -0.00253014 0.27736208 135 139 28
-0.23667903 0.01622383 0.26604965 145 161 10
-0.23592013 0.01784713 0.26678097 130 148 4
-0.22388056 0.02118960 0.26631051 147 158 17
-0.22359475 0.01997470 0.26798338 151 166 25
-0.27182359 -0.00810757 0.29818025 123 148 5
-0.27001420 -0.00680366 0.29755709 134 158 12
-0.27347603 -0.00684449 0.30042365 114 135 6
-0.25782785 -0.00622027 0.29118842 158 181 3
-0.25821945 -0.00783393 0.28999659 184 196 52
-0.25612229 0.00553069 0.28759885 159 179 20
-0.26341024 0.00530752 0.29231626 161 179 17
-0.26232871 0.00443207 0.29194742 149 172 6
-0.25707847 0.02003173 0.28189173 167 181 0
-0.25093281 0.00050849 0.28753316 155 177 4
-0.25267899 -0.00216340 0.28960046 149 179 3
-0.27159598 -0.00380686 0.30033609 121 150 0
-0.27101821 0.00000602 0.30076757 145 172 31
-0.27111477 -0.00455003 0.29985580 135 163 16
-0.24859935 -0.00918655 0.28662622 164 155 34
-0.24459057 0.01710561 0.27096358 145 165 6
-0.24189395 0.01873316 0.26741481 138 154 4
-0.27578521 -0.00949809 0.29730773 110 134 0
-0.24485545 0.00672149 0.27520221 145 161 0
-0.25001734 0.00345702 0.28517425 163 181 9
-0.24634264 0.00623987 0.27738553 149 166 8
-0.25803024 0.00824631 0.28756526 160 178 0
-0.26415586 0.00777826 0.29186708 157 176 0
-0.25732547 0.01267937 0.28490821 162 176 3
-0.25636601 0.00764541 0.28675598 163 183 23
-0.25639552 -0.00481126 0.28604439 175 178 25
-0.25508085 0.00541079 0.28699929 142 164 3
-0.25908631 -0.00294892 0.29327634 156 183 18
-0.25623441 -0.00177290 0.29120386 158 181 11
-0.24282548 0.01377451 0.26606560 176 187 5
-0.24526243 0.01392110 0.27156800 151 163 1
-0.24367233 0.01542208 0.26690850 146 160 2
-0.24366216 0.01272019 0.26869449 174 183 6
-0.25596577 0.02103605 0.28272352 140 162 2
-0.23992595 0.00876137 0.26431134 146 157 1
-0.24020261 0.00988607 0.26398301 151 167 9
-0.24224861 0.01380711 0.26491943 175 184 5
-0.23261543 0.02419526 0.26555398 152 168 9
-0.22800270 0.02558565 0.26140210 160 177 23
-0.25514305 0.02335251 0.28008178 152 165 25
-0.27971512 -0.00872439 0.30123818 103 125 0
-0.24997528 -0.00347361 0.28938565 174 200 7
-0.23794423 0.00430479 0.26817331 137 150 0
-0.23840725 0.00407903 0.26944891 136 150 1
-0.23784609 0.00504912 0.26649639 149 158 3
-0.27218357 -0.00887410 0.29490823 144 160 28
-0.28023469 0.00329710 0.30386209 88 111 7
-0.27792701 0.00319134 0.30297753 110 133 1
-0.24843697 0.01941434 0.27824074 154 176 16
-0.24793458 0.02130709 0.27843204 148 170 10
-0.23867679 0.00375693 0.27092808 136 151 0
-0.24316992 0.00611745 0.27404904 161 169 4
-0.26806223 -0.01013757 0.29355416 131 155 7
-0.26280484 -0.00882205 0.29052284 145 156 18
-0.25774667 -0.00816115 0.28768289 178 182 33
-0.27492011 0.00665921 0.29722401 102 128 1
-0.27198079 0.00370268 0.30013153 156 177 20
-0.25661856 0.01449801 0.28349563 149 167 0
-0.25669625 0.01113631 0.28524992 159 176 0
-0.25522110 0.00683889 0.28638586 154 175 18
-0.24857047 0.00654395 0.27930689 145 163 3
-0.24965289 0.00809494 0.28021893 160 178 16
-0.24588616 0.00729097 0.27608582 144 162 2
-0.24755381 0.01164507 0.27708057 167 180 2
-0.24322324 0.00237577 0.28226677 148 166 6
-0.24463272 0.00262140 0.28222483 146 167 4
-0.23573303 0.00498560 0.26064155 143 154 0
-0.23497705 0.00397195 0.26078770 147 156 3
-0.23968285 0.02269682 0.26742318 151 169 9
-0.23882219 0.01481345 0.26285842 181 190 13
-0.23859487 0.01064862 0.26153708 148 164 5
-0.23672765 0.01279127 0.25634584 153 166 1
-0.26034343 0.01298958 0.28653246 162 179 13
-0.26426357 0.01170717 0.28660396 168 183 2
-0.23038077 0.01572130 0.26975173 142 157 2
-0.23953815 0.01918309 0.26553157 146 162 1
-0.23940489 0.01800084 0.26479208 155 170 7
-0.25141016 0.01597334 0.27948973 156 175 6
-0.25184619 0.01776437 0.28042269 154 174 15
-0.27797911 -0.00938606 0.29866761 106 128 2
-0.03812927 0.07786725 0.32884035 146 183 44
-0.03891547 0.07702816 0.32232204 116 144 41
-0.03775477 0.08031417 0.32621536 96 130 17
-0.04809285 0.07433822 0.32170022 124 151 54
-0.06301554 0.06750271 0.32030693 163 193 19
-0.04968708 0.07675836 0.31781521 124 151 56
-0.03551339 0.08036165 0.32850039 101 135 22
-0.06385574 0.06838406 0.31716672 167 197 41
-0.05214506 0.07227498 0.32155219 139 170 53
-0.05130129 0.07451635 0.31913450 133 159 68
-0.06396266 0.06836327 0.31715107 167 197 41
-0.08836064 0.06611508 0.30010957 142 166 16
-0.05868725 0.07657808 0.31593198 178 210 87
-0.05671359 0.06983344 0.32085416 177 203 70
-0.05393235 0.06979521 0.32346258 148 171 65
-0.06063122 0.06604256 0.32223755 159 160 90
-0.02890940 0.07861266 0.32473201 106 102 99
-0.05928560 0.07344821 0.31718633 155 189 94
-0.04240505 0.07600825 0.32662827 132 160 23
-0.06468435 0.07323464 0.31454104 164 194 106
-0.05567277 0.07553715 0.31779858 142 173 70
-0.05422438 0.07140452 0.32054454 140 167 62
-0.06779928 0.06728004 0.31304574 143 174 45
-0.07372369 0.06567787 0.30900127 122 146 32
-0.07104427 0.06806421 0.31045741 125 151 54
-0.08178290 0.06611792 0.30448234 118 145 38
-0.05861753 0.06510881 0.32167095 105 94 76
-0.05573697 0.06498297 0.32362905 108 100 63
-0.04440558 0.07543283 0.32308853 134 160 71
-0.04218509 0.07645594 0.32111666 129 155 56
-0.04289320 0.07608400 0.32342386 124 150 61
-0.08231894 0.06746852 0.30520803 141 169 56
-0.07592595 0.06824691 0.30805463 127 153 52
-0.07521134 0.07329780 0.31159946 149 172 84
-0.07947150 0.07293519 0.31010279 141 164 76
-0.07458675 0.07022704 0.30966467 125 150 58
-0.08036090 0.06650414 0.30531132 127 153 20
-0.06177447 0.07126254 0.31670916 163 193 69
-0.21751563 0.01141673 0.23151018 118 126 7
-0.21803831 0.01259565 0.22885051 114 124 2
-0.22480346 0.00534168 0.23611750 154 159 33
-0.22566533 0.01009487 0.22341599 117 124 18
-0.22674468 0.00719444 0.23368047 136 143 14
-0.22279334 0.00746701 0.22638933 143 146 41
-0.22579721 0.00882728 0.22678508 126 136 14
-0.22819433 0.00828097 0.23248115 147 150 21
-0.21527369 0.01349751 0.21801311 139 141 40
-0.21868365 0.01338164 0.21990183 121 130 3
-0.21801840 0.00979144 0.22894420 124 130 20
-0.21754552 0.01036254 0.22612847 113 122 15
-0.22737522 0.01606596 0.23304826 124 131 1
-0.22726506 0.01710778 0.23527415 148 155 13
-0.22905643 0.01867726 0.24492407 141 152 0
-0.22724713 0.01880171 0.23941177 144 155 1
-0.22829260 0.01717356 0.23874263 138 147 4
-0.21992728 0.01346836 0.22032447 117 128 0
-0.22839670 0.01419832 0.23347890 133 140 2
-0.22823256 0.01466195 0.23335160 138 143 1
-0.23001413 0.00971715 0.23479429 151 158 18
-0.22701435 0.01449057 0.22988907 115 124 0
-0.21964915 0.01554819 0.22914052 116 127 0
-0.22315699 0.01608821 0.22880691 126 133 3
-0.21779385 0.01041297 0.21762352 133 139 31
-0.21861121 0.00953394 0.21852915 129 135 29
-0.21830533 0.01007333 0.22238591 129 135 25
-0.23001444 0.00919090 0.23457479 156 160 21
-0.22691171 0.01179319 0.22844882 125 134 17
-0.21970509 0.01694601 0.23464969 121 133 7
-0.21816114 0.01303949 0.23214369 129 138 9
-0.22452323 0.01788365 0.23370309 131 139 1
-0.22462106 0.01914482 0.23764479 130 137 5
-0.22545281 0.01968630 0.23892079 131 138 6
-0.29800749 -0.01189934 0.23266800 175 205 9
-0.29127464 -0.01023271 0.23069520 149 176 11
-0.32410681 -0.01775615 0.22161382 164 176 50
-0.31657571 -0.01470190 0.22241744 95 108 0
-0.29703674 -0.01233211 0.22489335 77 90 8
-0.29569614 -0.01383124 0.22705334 113 136 6
-0.28925717 -0.00900306 0.23006247 191 213 14
-0.29560873 -0.01021259 0.23230653 151 181 5
-0.29807165 -0.00982846 0.23298901 160 190 16
-0.29624608 -0.00646822 0.23168133 119 152 9
-0.31525770 -0.00188311 0.22766635 120 145 17
-0.31835496 -0.00126075 0.22816981 155 175 62
-0.35619497 -0.01418524 0.22126861 98 112 53
-0.30636021 -0.00821108 0.23249672 124 158 12
-0.29704639 -0.00226196 0.22951823 98 138 13
-0.30060780 -0.00395862 0.23023035 105 145 23
-0.29697397 -0.00504235 0.23158172 98 132 20
-0.29681325 -0.00268024 0.22986239 104 142 20
-0.30081111 -0.00372763 0.23002899 109 146 15
-0.33838299 -0.01165815 0.22915663 110 142 41
-0.34501028 -0.01823678 0.21886131 130 149 31
-0.29509380 0.00014779 0.22729106 100 142 14
-0.30230549 -0.00175505 0.22768812 99 133 20
-0.29815745 -0.00064620 0.22741361 95 137 11
-0.33675104 -0.01017523 0.22775938 83 109 18
-0.31203696 -0.00935725 0.23062216 124 161 47
-0.31458628 -0.01130092 0.23021816 123 158 32
-0.31414947 -0.00921480 0.22952779 138 166 63
-0.30802342 -0.01035204 0.23301511 133 161 24
-0.30965579 -0.01401035 0.23328215 125 158 15
-0.31561658 -0.01341405 0.23030847 123 156 23
-0.34024045 -0.01672734 0.21931238 103 122 15
-0.34070912 -0.01959469 0.21881559 92 118 47
-0.30965358 -0.01516620 0.22388439 94 112 0
-0.33457759 -0.00744213 0.22935212 78 107 1
-0.35281628 -0.01801953 0.21639688 123 131 32
-0.35729831 -0.01574717 0.21563073 108 120 22
-0.35087770 -0.01550752 0.22001374 103 116 34
-0.35603291 -0.01468694 0.21788745 100 113 31
-0.35410959 -0.01517858 0.21987486 97 110 38
-0.32172820 -0.01836907 0.22270088 134 153 35
-0.30294648 -0.01549942 0.23369496 136 150 39
-0.30322123 -0.01238449 0.23458433 137 164 7
-0.32871845 -0.01876523 0.22109465 95 106 38
-0.30037376 -0.01310411 0.22253153 109 123 2
-0.30114436 -0.01325020 0.22496556 78 92 7
-0.30419233 -0.01368643 0.22435342 88 104 6
-0.33214644 -0.01814321 0.22353888 74 99 0
-0.30780748 -0.01616738 0.23101655 85 107 35
-0.32772371 -0.01466656 0.22137812 110 127 21
-0.30892175 -0.01718687 0.22975405 109 132 24
-0.30710110 -0.01455143 0.22229938 100 113 0
-0.29015037 0.00094180 0.22662237 98 140 4
-0.30246764 -0.00038202 0.22301903 82 77 22
-0.30359140 -0.01513821 0.22794664 110 130 5
-0.34772167 -0.02005103 0.21814696 107 119 37
-0.31137350 -0.01658638 0.22419791 79 91 5
-0.33452249 -0.01357529 0.22174290 95 115 16
-0.32542494 -0.01848333 0.22427617 71 94 4
-0.33964884 -0.01206366 0.22851759 104 136 39
-0.35778192 -0.01745418 0.21825673 80 106 59
-0.35217974 -0.01846547 0.21864329 84 110 47
-0.32623565 -0.01666403 0.22615045 94 123 15
-0.32100591 -0.01297602 0.22770901 116 145 27
-0.32545325 -0.01782936 0.22600025 94 122 20
-0.31904700 -0.00613075 0.22999381 132 153 22
-0.31680799 -0.00901802 0.22847886 135 163 60
-0.32145357 -0.00798075 0.22986990 132 159 30
-0.30733082 -0.00133635 0.22479862 142 154 82
-0.33811992 -0.01600707 0.22480887 92 126 39
-0.34121281 -0.01410000 0.22553839 99 130 52
-0.31692716 -0.00280964 0.22891778 118 144 17
-0.32402596 -0.00444373 0.23035055 150 161 39
-0.33993846 -0.01709194 0.22390103 107 141 31
-0.33640561 -0.01790960 0.22448675 84 112 9
-0.33795661 -0.01236544 0.22723468 113 147 52
-0.33577064 -0.01866718 0.22414088 98 127 11
-0.32660788 -0.01235756 0.22792822 117 142 51
-0.33367908 -0.01303331 0.22749288 116 144 60
-0.33160341 -0.01451315 0.22662675 100 130 34
-0.32497802 -0.00903582 0.22985862 121 146 29
-0.32501280 -0.00818373 0.23035045 130 155 35
-0.33999494 -0.00958583 0.22787121 86 111 27
-0.32866633 -0.00757845 0.23056683 128 158 36
-0.33699769 -0.01853919 0.21960975 95 118 36
-0.31334269 -0.01871019 0.22810252 107 124 18
-0.30529106 -0.01484193 0.22629762 79 96 2
-0.31868306 -0.01337566 0.22870973 142 178 46
-0.29836193 -0.01600980 0.23022231 86 101 0
-0.33968946 -0.02125076 0.21931429 81 96 41
-0.30508414 -0.01220229 0.23495214 118 151 2
-0.30776522 -0.01404410 0.22166485 135 146 24
-0.31299251 -0.01470208 0.22246820 132 142 19
-0.31469738 -0.01899035 0.22814582 95 100 42
-0.29379800 -0.01345774 0.22766545 96 109 4
-0.29027548 -0.01071397 0.22529806 106 120 22
-0.32395199 -0.01332702 0.22177674 135 150 31
-0.32695282 -0.01532643 0.22138062 109 126 24
-0.35941938 -0.01568160 0.21657431 96 113 42
-0.34957272 -0.01369024 0.22681291 97 123 50
-0.34637406 -0.01099685 0.22606504 95 112 42
-0.30841473 -0.01035545 0.22067399 120 141 4
-0.30826598 -0.01332990 0.22155218 120 130 18
-0.30824506 -0.01130230 0.22093675 100 116 7
-0.35019064 -0.01473710 0.22498293 106 133 64
-0.30125350 -0.00925960 0.22026259 127 144 6
-0.30348533 -0.01193825 0.22080961 109 124 0
-0.35675550 -0.01299327 0.22265515 113 137 39
-0.30381340 -0.00265716 0.22186941 94 105 11
-0.30457404 -0.00455049 0.22082686 96 107 3
-0.35911235 -0.01695441 0.21860424 80 104 54
-0.35445231 -0.01651833 0.22059788 87 112 57
-0.31590256 -0.00824881 0.22197126 125 136 40
-0.30726299 -0.00650131 0.22006832 123 130 0
-0.32059211 -0.00339689 0.22281125 76 106 10
-0.31967163 -0.00221764 0.22381358 78 112 2
-0.31999356 -0.00707728 0.22255944 81 89 32
-0.32072818 -0.00469411 0.22270264 107 128 7
-0.32510468 -0.00384861 0.22933500 162 178 89
-0.30259258 -0.00585166 0.22033234 125 139 0
-0.29978517 -0.00230280 0.22291112 107 107 37
-0.32126787 -0.00738937 0.22261548 95 104 51
-0.34468469 -0.01481756 0.22206953 108 130 29
-0.33927715 -0.01316900 0.22447002 73 94 38
-0.33023801 -0.01007310 0.22235380 82 99 63
-0.32661241 -0.01113104 0.22228526 95 114 25
-0.29569221 -0.00127672 0.22259407 154 149 65
-0.29028973 -0.00179997 0.22167635 99 87 45
-0.33628434 -0.01103654 0.22660081 75 100 17
-0.35142714 -0.01330124 0.22285126 95 104 49
-0.34447303 -0.01245246 0.22500128 85 103 45
-0.34628159 -0.01158296 0.22521652 85 103 29
-0.33482051 -0.01273658 0.22281110 92 115 33
-0.35059923 -0.01184915 0.22466072 95 118 27
-0.31043330 -0.00105669 0.22348997 71 85 24
-0.30461732 -0.00099544 0.22292024 71 78 26
-0.32861391 -0.00578011 0.22398326 88 115 0
-0.29511273 -0.00877095 0.22171280 93 115 6
-0.29354048 -0.00741659 0.22257856 110 129 3
-0.32280931 -0.00215133 0.22600955 78 105 2
-0.34826919 -0.01461274 0.22484829 103 130 61
-0.22327392 0.01130616 0.24876626 97 127 3
-0.22431280 0.01062877 0.24667865 138 149 8
-0.23532040 -0.00094300 0.26533169 147 154 0
-0.22859152 -0.00229151 0.25334010 145 149 36
-0.23542386 -0.00458015 0.27592671 155 153 44
-0.23919314 -0.00416670 0.27045447 167 170 21
-0.22627328 -0.00146578 0.25272804 163 162 44
-0.24281402 -0.00313509 0.27634254 171 174 31
-0.22269410 0.01451427 0.25223932 103 128 0
-0.27236313 0.00294682 0.28973073 184 203 25
-0.27208543 0.00301639 0.28964114 178 197 20
-0.22192936 0.00188707 0.24449195 143 145 46
-0.22121710 0.00621192 0.23270100 144 145 26
-0.22836193 0.00342254 0.24525230 137 148 9
-0.22817846 0.00230172 0.24523690 197 201 107
-0.22593333 0.00080494 0.24591671 159 159 73
-0.26053882 0.00320021 0.28330442 194 198 17
-0.21856199 0.01670530 0.24647216 108 121 5
-0.28786960 -0.00720928 0.30214754 163 188 42
-0.22119126 0.00536010 0.23648964 143 145 35
-0.28105602 0.00429893 0.29850742 87 105 5
-0.28191832 0.00212145 0.30300283 77 100 18
-0.23444910 -0.00559839 0.26943311 138 143 25
-0.23209298 -0.00306823 0.26431447 138 144 12
-0.23303510 -0.00452761 0.26822993 139 145 21
-0.22933936 0.00281220 0.25384697 137 148 10
-0.22860855 0.00298097 0.24965400 139 148 7
-0.22938341 0.00053691 0.25807166 159 166 11
-0.22970533 0.00087362 0.25773302 169 173 14
-0.22655752 -0.00080907 0.25623220 165 171 23
-0.22589380 -0.00005725 0.25496516 161 170 15
-0.25265169 0.01033856 0.28242213 200 204 6
-0.24754936 0.00999364 0.27574858 180 186 0
-0.23060551 0.00588187 0.25093386 143 157 2
-0.22830236 0.01010882 0.24838802 148 157 2
-0.22082071 0.00389307 0.24030922 146 146 36
-0.24880938 -0.00508557 0.28235188 182 178 27
-0.22669119 -0.00013570 0.24711283 170 171 91
-0.22448827 0.01318426 0.25832072 111 134 2
-0.22931412 -0.00099848 0.25039765 133 141 22
-0.22920625 -0.00048393 0.24827962 154 158 61
-0.23068102 0.00413515 0.24920692 162 173 9
-0.23441425 0.00297521 0.26357418 154 165 0
-0.29635018 -0.00468250 0.31148416 142 165 0
-0.26784432 0.01079479 0.28720921 173 184 20
-0.26545665 0.00770232 0.28670704 193 203 18
-0.21875237 0.01578980 0.25237802 132 143 13
-0.22293396 0.01784195 0.26330897 123 141 5
-0.23076229 0.00877541 0.25392249 138 150 4
-0.23145744 0.00667174 0.25293276 159 164 12
-0.22082953 0.01903117 0.26200989 158 166 31
-0.22338058 0.02324905 0.26284996 155 158 17
-0.22043176 0.01857086 0.26142523 163 174 35
-0.22137383 0.02205232 0.25591782 149 152 23
-0.22097571 0.02175718 0.25337780 123 133 10
-0.21841283 0.01802833 0.24808721 113 126 10
-0.22012691 0.01988565 0.25547534 152 159 21
-0.23029321 -0.00272484 0.25650680 162 160 75
-0.22585045 0.01182653 0.25587630 135 155 6
-0.22791746 0.01142773 0.25384635 121 133 0
-0.22320707 0.01544011 0.25375512 113 137 1
-0.26757699 -0.00353817 0.29081491 143 161 1
-0.23375204 0.00461621 0.25930282 156 168 0
-0.29736343 -0.00652718 0.31150573 173 195 32
-0.27112937 -0.00449830 0.29264215 159 177 13
-0.24049684 -0.00124538 0.27071428 153 163 14
-0.24080072 0.01001284 0.26562467 149 163 18
-0.24622858 0.01176567 0.27373260 191 198 4
-0.24508950 0.00700820 0.27287692 163 173 0
-0.21954888 0.01026988 0.24181214 124 131 0
-0.21892406 0.01087894 0.24095175 123 132 13
-0.30233768 -0.01027390 0.31606144 66 81 0
-0.21837655 0.00832130 0.23941839 122 134 6
-0.21864557 0.00757588 0.24040183 127 137 14
-0.29371324 -0.00884430 0.31726059 109 131 20
-0.29689628 -0.01056933 0.31890139 81 102 1
-0.29541594 -0.00211438 0.31534052 181 199 15
-0.28980932 -0.00048540 0.31233785 111 134 0
-0.30155951 -0.01005263 0.31830925 70 89 0
-0.21981129 0.00427687 0.23946576 149 152 37
-0.22399445 0.00805325 0.24481864 140 145 0
-0.29459390 -0.00890554 0.30961299 53 68 0
-0.22786112 0.00903152 0.24750964 147 154 0
-0.22114848 0.00373652 0.24352595 159 163 50
-0.29726857 -0.01031695 0.31743941 79 99 0
-0.28777963 -0.00773339 0.31089872 108 132 12
-0.29002351 -0.00828970 0.31220707 100 122 13
-0.29037270 -0.00934422 0.30732533 60 82 0
-0.28930339 -0.00900037 0.30967098 71 93 8
-0.27615413 0.00559080 0.29162309 169 183 28
-0.24609430 -0.00099362 0.27898011 169 169 13
-0.29480913 -0.00192809 0.31825462 145 159 46
-0.29054841 -0.00385491 0.31673816 118 145 12
-0.28654662 -0.00124309 0.31170538 102 127 0
-0.29188466 -0.00699692 0.31819257 106 130 6
-0.29650545 -0.00720766 0.32053387 105 127 0
-0.29337031 0.00025936 0.31688496 139 156 24
-0.21911892 0.01787516 0.24228421 112 129 15
-0.21890052 0.01788494 0.24342431 109 127 7
-0.22441174 0.02049369 0.24337108 111 122 0
-0.22135858 0.02212759 0.25190634 123 137 14
-0.22421646 0.02366248 0.25174347 116 135 9
-0.22051072 0.01940482 0.24712034 105 123 5
-0.23633455 0.00352639 0.26666468 166 174 3
-0.25356612 -0.00119270 0.28252167 184 185 21
-0.28021142 0.00476045 0.30068088 88 112 16
-0.23111084 0.00500865 0.24993223 157 171 0
-0.29556113 -0.00214972 0.31358662 200 217 14
-0.29390007 -0.00012573 0.31617877 136 150 3
-0.24436815 0.00211661 0.27449322 188 189 10
-0.27830461 0.00019926 0.29667604 181 200 20
-0.27536759 0.00186964 0.29248184 165 187 16
-0.22003761 0.00245844 0.24467808 156 161 41
-0.22008829 0.00246809 0.24469882 156 161 41
-0.28222620 0.00045250 0.30227289 117 144 5
-0.28219986 0.00218361 0.30363616 77 102 19
-0.26707348 0.00898945 0.29172483 148 165 1
-0.26526323 0.01090506 0.28795034 143 161 0
-0.22577617 0.00405476 0.24505667 144 152 4
-0.28715858 -0.00444669 0.30086911 181 204 25
-0.25624907 0.00541901 0.28147024 186 194 13
-0.26002017 0.00487813 0.28291255 187 195 13
-0.22977898 -0.00536136 0.25899538 160 165 47
-0.23205486 -0.00405681 0.26200914 150 152 45
-0.23812939 -0.00033637 0.26879260 162 166 11
-0.26548201 -0.00403956 0.29041260 164 181 15
-0.26930761 -0.00057248 0.29017708 206 213 21
-0.24881503 -0.00036637 0.27973217 185 183 23
-0.23863582 -0.00498554 0.27620789 146 147 27
-0.27568391 0.00632257 0.29322708 95 116 0
-0.27578634 0.00603409 0.29231057 154 170 35
-0.24655123 0.00169838 0.27689606 191 189 19
-0.27221555 0.00883344 0.29318830 113 137 0
-0.27357411 0.00784561 0.29515642 103 126 0
-0.24181695 0.00385387 0.27146283 174 176 4
-0.25485963 0.01202277 0.28310150 183 194 4
-0.25565773 0.01143623 0.28332582 185 197 9
-0.28029838 0.00473276 0.29614738 135 155 24
-0.28041995 -0.00010936 0.29892942 172 195 17
-0.29672843 -0.00879264 0.31750980 155 173 27
-0.23232886 0.00138390 0.25856858 149 160 0
-0.23513623 -0.00412979 0.27751109 141 139 36
-0.25771162 0.00188804 0.28132457 175 184 17
-0.24680328 0.00512270 0.27452236 167 177 3
-0.24912252 0.00642673 0.27737200 170 177 9
-0.25377986 0.00506364 0.27970323 171 180 1
-0.29278776 -0.00466360 0.30592629 180 205 25
-0.28478608 -0.00546166 0.29914269 173 195 22
-0.27949452 -0.00671123 0.29732063 185 202 38
-0.28859568 -0.00275321 0.30480030 158 181 5
-0.29300520 -0.00608119 0.30576244 168 194 23
-0.26881081 0.00689444 0.28791255 180 195 18
-0.26857856 0.00927944 0.28831622 188 196 12
-0.28201583 -0.00811949 0.30161071 98 117 0
-0.26542935 0.00225080 0.28713301 197 203 17
-0.29705229 -0.00780931 0.31855771 159 186 21
-0.28582150 0.00097771 0.30779737 70 98 0
-0.28160518 -0.00478737 0.29837146 171 191 18
-0.29053789 -0.00291044 0.30759627 148 168 0
-0.22771488 0.02360207 0.25385132 135 154 3
-0.22683841 0.02350268 0.25177991 134 150 0
-0.23023427 0.02276119 0.25560644 138 157 3
-0.21870829 0.01559975 0.25694045 131 146 1
-0.25354868 0.01083943 0.28332686 181 194 3
-0.25365102 0.01567432 0.28171912 177 193 0
-0.23207350 0.02153105 0.25483087 143 160 4
-0.22947389 0.02144295 0.24972968 157 170 5
-0.23390162 0.01487521 0.25003895 167 175 10
-0.22334918 0.01713299 0.25733724 130 150 3
-0.21808270 0.01598176 0.24261448 99 116 4
-0.21830182 0.01778715 0.24573831 109 122 8
-0.30255181 -0.01051655 0.31562781 84 97 17
-0.26294264 0.00964697 0.28496712 200 208 11
-0.26334131 0.00736274 0.28609082 180 195 14
-0.27716321 -0.00261401 0.29633620 181 197 29
-0.27944964 -0.00263125 0.29828310 190 210 25
-0.23823260 0.00587611 0.26637802 170 177 1
-0.23214327 -0.00107706 0.25874037 154 166 0
-0.29465854 -0.00231858 0.31751347 141 154 40
-0.23287769 0.00659857 0.25283906 155 166 2
-0.23589140 0.00569480 0.26215133 149 159 0
-0.23710755 0.00349766 0.26785401 167 175 4
-0.28305352 -0.00152672 0.22167279 133 126 56
-0.24700293 0.00796660 0.21000406 79 112 0
-0.24908794 0.00965930 0.21145225 83 104 0
-0.25444719 0.00764620 0.21551885 76 103 0
-0.25132436 0.00520017 0.21281461 73 101 0
-0.25305176 0.00803079 0.21470433 77 104 0
-0.23508492 0.00964634 0.20031387 122 146 52
-0.24101177 0.00540839 0.20610426 111 127 56
-0.23409654 0.00664579 0.19906464 146 161 76
-0.22283725 0.01173505 0.18715477 141 153 43
-0.20249079 0.01358832 0.22555561 186 187 67
-0.22730885 0.01037762 0.19284126 64 92 5
-0.24209717 0.00084339 0.21033034 122 152 2
-0.24587248 0.00082818 0.21220484 95 130 2
-0.20192736 0.01610066 0.23195069 160 168 47
-0.20348336 0.01411854 0.22506166 170 175 57
-0.21899293 0.00775359 0.20176333 121 129 10
-0.23005003 0.01040736 0.19476853 129 155 58
-0.21825042 0.01798115 0.20505141 130 131 14
-0.21945052 0.01606348 0.20143148 116 126 14
-0.21431604 0.02393839 0.21779110 163 167 44
-0.27208915 -0.00930673 0.22588086 177 199 52
-0.20953378 0.00929571 0.21172136 137 136 10
-0.24708976 -0.00257150 0.21127836 116 152 2
-0.25040126 0.01012793 0.21060142 164 180 58
-0.25751358 -0.00199124 0.22037868 82 112 0
-0.25418296 -0.00271355 0.21731317 134 160 7
-0.28757685 -0.01015606 0.22581300 108 117 0
-0.28481665 -0.01004888 0.22582257 166 184 10
-0.21015425 0.01560658 0.20034459 129 130 13
-0.21035595 0.01649124 0.20351940 154 153 35
-0.21444876 0.00931766 0.19385478 137 139 16
-0.22787958 0.00991125 0.19489680 76 107 3
-0.23346396 0.00999807 0.19947301 73 106 0
-0.23777182 0.00712095 0.20343725 90 128 7
-0.23753418 0.00804252 0.20301686 85 123 2
-0.20665056 0.01720898 0.21870109 113 117 7
-0.20989667 0.01857312 0.21146964 151 155 34
-0.21143396 0.01921986 0.21420075 172 173 46
-0.20983495 0.01824509 0.21144040 150 155 37
-0.21217033 0.01873033 0.20927511 178 175 44
-0.21469474 0.01908381 0.20808919 188 184 48
-0.21778585 0.01553273 0.19838338 103 109 1
-0.25471321 0.00341726 0.21482553 91 120 10
-0.25167257 0.00130475 0.21476741 87 125 3
-0.23943734 0.01034312 0.20387381 158 176 54
-0.24195638 0.01011075 0.20582730 159 173 50
-0.23336095 0.00612767 0.20076790 68 104 0
-0.23709191 0.00282522 0.20568123 95 132 1
-0.24192147 0.00552629 0.20680661 85 119 7
-0.20830476 0.01080066 0.21323052 152 147 27
-0.26965371 -0.00585993 0.22538386 142 182 6
-0.21988782 0.01161764 0.19438529 84 96 0
-0.21951950 0.01431845 0.19771086 87 97 0
-0.22007988 0.01131095 0.19780330 96 107 2
-0.22261514 0.01369027 0.20683774 94 106 4
-0.21188177 0.01126752 0.20040333 142 140 29
-0.21126121 0.01126432 0.20193185 141 139 30
-0.21089906 0.01019220 0.20470713 146 146 24
-0.21392150 0.01354140 0.17954962 124 129 35
-0.21494235 0.01335746 0.17479794 101 110 19
-0.20893139 0.01376049 0.21259184 130 132 5
-0.21003902 0.01224205 0.20585498 132 130 11
-0.20636716 0.01335070 0.21824421 149 150 23
-0.22183102 0.01026341 0.19054464 115 133 21
-0.21077551 0.02126442 0.22083871 140 149 22
-0.20949525 0.01879819 0.22066462 131 146 21
-0.22130276 0.00747494 0.20799604 135 144 39
-0.20726156 0.01623020 0.22084066 136 148 24
-0.21151797 0.01507923 0.21783772 146 154 32
-0.23940679 0.01028317 0.20395160 137 152 69
-0.24087772 0.00859357 0.20544563 139 156 52
-0.28570130 0.00034162 0.22692886 126 162 2
-0.27785057 0.00220070 0.22576377 121 156 2
-0.27891809 -0.00058315 0.22524878 120 153 20
-0.21851777 0.01025978 0.20558624 155 161 29
-0.20592029 0.01983023 0.22455773 122 138 14
-0.20534974 0.01502191 0.22464393 161 168 64
-0.21740311 0.00735035 0.20332876 137 143 7
-0.21116805 0.00910236 0.20980605 160 159 32
-0.21338134 0.01229414 0.21237084 167 171 34
-0.21445149 0.00993937 0.20738892 167 170 31
-0.21677037 0.01434003 0.19397041 121 125 14
-0.21805267 0.01499426 0.19658454 102 106 12
-0.21340050 0.01086910 0.21007934 162 165 34
-0.21336761 0.00975812 0.20821096 157 157 27
-0.21762553 0.01112986 0.20819961 153 155 28
-0.21428557 0.00795820 0.20101474 151 151 27
-0.21373630 0.00659840 0.20536509 166 167 37
-0.22213763 0.01093845 0.19074409 89 112 0
-0.26139241 0.00722286 0.21347743 173 183 71
-0.25901845 0.00708873 0.21216883 161 178 63
-0.21569912 0.02024580 0.21576233 135 142 10
-0.21844597 0.01480963 0.21192856 152 157 29
-0.21746778 0.01893098 0.20867771 145 144 17
-0.21564512 0.02280423 0.21661322 156 162 38
-0.21629123 0.02084493 0.21258263 189 191 56
-0.27147990 0.00249513 0.21799424 142 142 88
-0.27027693 0.00179842 0.21748853 162 165 96
-0.27781469 0.00658437 0.22559337 95 96 30
-0.28144875 0.00521775 0.22629048 101 96 40
-0.27999014 0.00278109 0.22152385 138 143 43
-0.21919967 0.01168043 0.18084709 133 134 64
-0.21943085 0.01174739 0.18183151 108 122 45
-0.27173918 0.00549260 0.21874020 157 164 48
-0.25933889 0.00300653 0.21118663 189 189 103
-0.26378062 0.00490945 0.21443546 138 148 51
-0.27504280 -0.00204201 0.22219998 150 159 40
-0.27707162 -0.00549713 0.22504696 141 177 9
-0.27593324 -0.00649732 0.22311075 144 165 26
-0.27466539 -0.00557702 0.22277829 115 134 9
-0.27218580 -0.00372644 0.22462334 120 155 1
-0.27401891 -0.00500267 0.22468150 143 182 5
-0.25542331 -0.00014896 0.21790476 99 128 9
-0.26081026 -0.00255659 0.22324118 102 134 0
-0.27459401 0.00609559 0.22067477 149 151 42
-0.22187708 0.01095516 0.20468388 139 150 45
-0.21434285 0.01376963 0.17179346 103 107 10
-0.22057670 0.00870833 0.20154999 87 99 0
-0.27690846 0.00231714 0.22018090 137 140 69
-0.28694275 0.00093338 0.22333379 126 120 22
-0.28156999 0.00420031 0.22442056 102 105 24
-0.27930695 0.00661751 0.22564836 111 112 44
-0.21354386 0.01385336 0.18175671 132 136 25
-0.21648078 0.01366721 0.19012842 112 121 4
-0.21396852 0.01393321 0.18459800 132 137 17
-0.21482478 0.01403312 0.18939382 125 131 0
-0.28665116 -0.00320086 0.22115980 145 163 81
-0.21125814 0.01676079 0.20220086 155 155 35
-0.22611210 0.00920851 0.19352214 82 113 9
-0.21198349 0.02125196 0.21937190 150 160 27
-0.21273306 0.02469245 0.22111851 166 175 46
-0.20169275 0.01582956 0.23146898 160 168 46
-0.26735768 -0.00242690 0.22405782 107 142 0
-0.26526815 -0.00267093 0.22439280 117 151 5
-0.27002221 -0.00190542 0.22337091 105 142 0
-0.21825272 0.00701272 0.19974728 127 135 16
-0.27643374 -0.00708426 0.22492492 134 166 0
-0.26459634 0.00267360 0.22047271 86 117 0
-0.26125461 0.00233758 0.21843611 88 119 2
-0.26203331 0.00340148 0.21907432 81 114 1
-0.26555404 0.00567951 0.22043341 83 109 0
-0.28854245 -0.00512988 0.22063613 119 114 32
-0.21266650 0.01300040 0.18903525 140 133 42
-0.21335447 0.01165238 0.18956292 151 148 41
-0.21260343 0.01361641 0.18659091 130 131 27
-0.25976104 -0.00430379 0.21858327 137 143 37
-0.25389898 -0.00288342 0.21481736 182 190 87
-0.25899422 0.00744801 0.21672760 66 89 0
-0.25898495 -0.00287453 0.21594825 118 128 32
-0.26018044 0.00812305 0.21564430 57 71 0
-0.25568858 0.00847937 0.21551600 80 107 4
-0.24864362 -0.00155951 0.21421827 113 148 2
-0.24966019 -0.00049611 0.21455953 95 127 2
-0.26995859 0.00605931 0.22221024 96 119 3
-0.26980057 0.00636509 0.22163720 75 91 0
-0.27522331 0.00752775 0.22322367 111 115 20
-0.28561920 -0.00961368 0.22332159 93 105 5
-0.27070689 -0.00351611 0.22083311 114 128 30
-0.26066941 0.00107630 0.21305940 159 172 32
-0.28430608 -0.00576123 0.22216935 131 114 42
-0.28044420 -0.00533109 0.22317982 154 157 70
-0.26740056 -0.00575313 0.22076671 136 139 36
-0.26413038 -0.00453218 0.22245196 140 125 22
-0.26173404 -0.00266302 0.21652403 96 100 24
-0.21682803 0.01902132 0.20666225 167 165 46
-0.26729688 -0.00528485 0.22354472 147 136 31
-0.27066532 -0.00843690 0.22561525 185 205 58
-0.27337578 -0.00823637 0.22369662 137 139 42
-0.28516522 -0.00756485 0.22840884 164 194 12
-0.28306881 -0.00492203 0.22711553 126 161 0
-0.28797054 -0.00244949 0.22819349 115 148 35
-0.25680581 -0.00267180 0.21509644 149 155 47
-0.26830691 -0.00441650 0.21947518 106 113 36
-0.27144715 0.00009947 0.21922964 126 139 33
-0.27204600 -0.00082362 0.22059684 160 175 58
-0.27937248 -0.00272985 0.22191998 156 148 63
-0.22682180 0.00144231 0.14467075 116 127 61
-0.22602604 0.00451309 0.14225879 88 99 23
-0.22346643 0.00673094 0.13881233 181 171 122
-0.22324213 0.00680071 0.13863739 195 186 127
-0.22311054 0.00681406 0.13878483 195 186 127
-0.22529568 0.00549684 0.13909695 238 235 216
-0.23645096 -0.00154825 0.15129946 102 117 52
-0.23191309 0.00310610 0.14754285 122 144 79
-0.22833976 0.00543479 0.14341393 174 184 113
-0.22017883 0.00516550 0.14027278 197 188 129
-0.23876323 -0.00026087 0.15214999 112 120 63
-0.23867145 -0.00196924 0.15182799 117 125 65
-0.22964044 0.00070562 0.14595750 114 123 68
-0.23349153 -0.00129373 0.14820461 219 203 177
