0.45231834 -0.18546969 0.11798351 120 155 55
0.43818215 -0.19054741 0.11391503 190 209 189
0.40901715 -0.19965750 0.09934251 131 177 68
0.42042229 -0.20377527 0.10381908 122 151 32
0.41428819 -0.19614181 0.10403457 155 178 70
0.45538390 -0.18649155 0.11911871 131 162 68
0.45747933 -0.17926273 0.12184926 68 107 24
0.46184018 -0.17897427 0.11903065 74 111 15
0.46312702 -0.17872962 0.11901089 80 121 15
0.43639469 -0.19492838 0.11355761 108 136 52
0.43141425 -0.19635107 0.10822430 128 165 70
0.43276584 -0.19383335 0.10896704 124 160 60
0.44475546 -0.19096257 0.11828271 102 124 49
0.45966423 -0.18211912 0.11757682 100 130 34
0.41580302 -0.19882713 0.10508399 160 190 90
0.40912554 -0.20027332 0.09973717 141 193 85
0.41435975 -0.19835921 0.10394313 147 173 74
0.41858089 -0.19597529 0.10732311 141 177 79
0.40948978 -0.20251124 0.09304273 188 199 81
0.40885189 -0.20190762 0.09307309 196 202 78
0.43451411 -0.19198415 0.11497435 147 194 80
0.41512769 -0.19419806 0.10645474 163 182 75
0.43612668 -0.19551435 0.11372346 108 130 45
0.43000740 -0.19617805 0.11158741 237 255 137
0.42564192 -0.20152691 0.10634445 124 156 49
0.41852111 -0.20309567 0.10468864 240 255 152
0.41578349 -0.19224511 0.10814222 213 208 117
0.41792154 -0.19135757 0.10967945 211 221 124
0.42570409 -0.19370098 0.11193541 127 171 74
0.42154014 -0.19300494 0.11216345 118 162 67
0.45890206 -0.18250355 0.12051818 157 206 88
0.49416676 -0.16180426 0.11176594 63 99 9
0.48284957 -0.17122538 0.11504273 130 163 46
0.48621356 -0.16636430 0.11680393 77 118 40
0.47572079 -0.17243713 0.11720672 100 143 25
0.48786277 -0.16710408 0.11428741 100 139 20
0.46053931 -0.17858113 0.12190443 91 134 55
0.48696569 -0.17025660 0.11611733 84 136 53
0.44080493 -0.18783253 0.11398596 124 149 91
0.46870831 -0.17487416 0.11965435 104 149 54
0.45157489 -0.18488973 0.12011206 100 150 55
0.45451212 -0.18156575 0.12023465 106 155 66
0.43920952 -0.18685620 0.11713295 115 164 59
0.48862126 -0.16585389 0.11605641 71 114 32
0.48195824 -0.17635341 0.11612858 150 182 81
0.50394541 -0.16283637 0.10865121 59 96 27
0.42641595 -0.18988566 0.10743520 116 106 131
0.43035990 -0.18878585 0.10967246 194 213 69
0.44967893 -0.17872985 0.11897192 77 110 6
0.43031806 -0.19285110 0.10766204 153 192 65
0.43108508 -0.19282627 0.10804612 136 174 53
0.46589655 -0.17705901 0.11926722 102 144 32
0.46461698 -0.17981683 0.11948377 137 180 90
0.41971907 -0.18947020 0.10743202 97 91 103
0.42418471 -0.18778092 0.11104210 56 65 12
0.45360342 -0.18153533 0.11786207 93 121 36
0.42038348 -0.19544150 0.10181461 100 88 128
0.44935852 -0.18790610 0.12027714 103 152 47
0.44581637 -0.18892248 0.12051277 107 159 49
0.47502664 -0.17593619 0.11669780 101 149 11
0.45036566 -0.18135273 0.11748224 76 110 0
0.44217440 -0.18044236 0.11574450 43 77 0
0.48249188 -0.17044532 0.11742286 113 154 88
0.44491148 -0.18277891 0.11836518 129 175 53
0.42444596 -0.18851568 0.10747559 124 111 128
0.41704106 -0.19511741 0.09970012 112 107 111
0.41806999 -0.19000126 0.10402435 157 134 160
0.41009626 -0.20112112 0.09318231 194 200 92
0.41021898 -0.20043489 0.09323265 201 199 114
0.41778108 -0.20363210 0.10103326 140 171 68
0.46381497 -0.17704116 0.12036944 72 115 26
0.42409122 -0.19650503 0.10368678 159 192 61
0.47961134 -0.17567383 0.11761097 109 155 57
0.44220653 -0.19234592 0.11733321 79 82 5
0.45428142 -0.18331024 0.11804304 94 126 43
0.44805610 -0.18095779 0.11903025 119 165 40
0.41523182 -0.20307188 0.09849600 147 175 73
0.47359827 -0.17564528 0.11706045 100 148 12
0.43061408 -0.18774314 0.11351094 96 75 22
0.43006763 -0.18992336 0.11462205 102 159 52
0.43284342 -0.18360052 0.11297688 141 129 143
0.43300188 -0.18864615 0.11466555 113 172 54
0.42159343 -0.20118810 0.10315619 117 154 51
0.41088253 -0.19670378 0.10046830 162 179 73
0.50183475 -0.16100967 0.10885924 65 102 22
0.49273941 -0.16345392 0.11361887 66 103 8
0.48647633 -0.17144378 0.11378495 135 174 57
0.44187185 -0.18898140 0.11974251 125 172 66
0.44265351 -0.18595205 0.11835206 102 155 49
0.47572356 -0.17841960 0.11711329 90 132 30
0.41415912 -0.19430320 0.10021386 193 180 172
0.48769194 -0.17136376 0.11697250 94 141 45
0.48033068 -0.17195144 0.11789290 116 159 79
0.47787639 -0.17296967 0.11823713 122 167 82
0.43510091 -0.18736693 0.11206801 172 199 56
0.43533725 -0.18434370 0.11303145 107 102 98
0.44252875 -0.18739365 0.11542925 126 150 98
0.43801111 -0.18743110 0.11268345 141 160 81
0.44004181 -0.18640853 0.11333458 165 178 132
0.52323109 -0.14432228 0.19647126 165 196 7
0.52276981 -0.14493074 0.19396476 157 185 4
0.51531112 -0.14698184 0.21278496 164 196 1
0.51160592 -0.14582917 0.21655506 163 197 0
0.53365028 -0.14772479 0.17550513 136 161 0
0.53025913 -0.14676209 0.18442532 171 189 5
0.51947325 -0.15538992 0.19658242 152 185 6
0.51288909 -0.14866522 0.21209539 161 194 0
0.48577362 -0.14352533 0.25473565 122 158 36
0.48637444 -0.14161359 0.25773534 114 153 24
0.50499463 -0.14998071 0.22275499 143 188 0
0.50553292 -0.15319274 0.22096556 146 193 0
0.51991081 -0.14420167 0.20476913 137 169 10
0.52808082 -0.14449778 0.19584660 184 204 29
0.53582269 -0.14597224 0.19751002 137 159 0
0.53552186 -0.14579034 0.19819485 151 173 2
0.50167865 -0.15465538 0.22560821 152 178 27
0.51062596 -0.13878204 0.22578147 147 165 1
0.54466647 -0.15244068 0.20315255 163 189 30
0.54070956 -0.15117280 0.19563776 152 179 4
0.54145867 -0.15098619 0.19823021 168 197 11
0.54444271 -0.15332283 0.20011213 178 203 59
0.48839003 -0.14616187 0.24576965 130 172 12
0.48802733 -0.14747424 0.23954536 130 154 16
0.49290371 -0.14977492 0.24099992 153 192 39
0.49197850 -0.14953309 0.23999497 163 197 48
0.48982397 -0.14822775 0.24001811 172 194 85
0.51605403 -0.14389224 0.21741156 157 184 9
0.52190787 -0.14493228 0.20015661 157 185 4
0.52186316 -0.14612788 0.19825365 159 184 5
0.51044685 -0.13903689 0.22232766 138 160 0
0.51672345 -0.14698839 0.21199563 163 194 4
0.51795411 -0.14287929 0.20991677 146 175 21
0.52030802 -0.14041917 0.20632990 131 166 10
0.47779939 -0.13953146 0.27042031 104 138 17
0.48443532 -0.13996071 0.26271641 115 149 26
0.49568439 -0.14693145 0.23899484 134 175 19
0.49598327 -0.14697671 0.23852864 139 180 24
0.49805424 -0.14710997 0.23549590 138 181 14
0.49458897 -0.13826904 0.24539074 128 160 17
0.49067420 -0.13711983 0.25232697 154 184 26
0.51617336 -0.14114888 0.21242414 136 161 15
0.51705265 -0.15402178 0.20553288 157 189 4
0.51851970 -0.15098070 0.20057334 163 190 1
0.53631932 -0.15457045 0.17736825 140 166 4
0.53641284 -0.15265457 0.17982091 134 162 0
0.53747618 -0.15620416 0.17972112 170 195 16
0.51161921 -0.15636609 0.21140575 147 181 6
0.50952560 -0.15629721 0.21339276 152 188 18
0.50751776 -0.14324217 0.21337247 125 151 42
0.52308297 -0.14044532 0.20266373 162 191 15
0.51241177 -0.14103274 0.22852704 147 167 7
0.51408654 -0.14148945 0.21988642 132 158 0
0.50157183 -0.15365177 0.22748835 166 207 27
0.50331163 -0.15257926 0.22498763 145 194 7
0.52400684 -0.14731488 0.17779028 173 196 28
0.52795959 -0.14689051 0.18169779 175 193 11
0.50989938 -0.14035234 0.23239978 205 225 102
0.50895226 -0.14034697 0.23318478 180 214 58
0.52170527 -0.15098242 0.18912624 73 111 0
0.47859135 -0.14067590 0.26469064 110 144 23
0.50228447 -0.14181532 0.23659213 146 190 17
0.50346321 -0.14240462 0.23423836 146 187 9
0.51592237 -0.15417670 0.20903391 152 183 1
0.51315719 -0.15126143 0.21150370 154 189 1
0.52166688 -0.15318482 0.18175875 79 118 1
0.52285582 -0.14778258 0.17700820 126 155 13
0.52392560 -0.14717776 0.18308547 163 181 7
0.48727313 -0.14711641 0.23886748 129 157 12
0.48360756 -0.14456691 0.24591887 140 167 10
0.54131132 -0.15784220 0.19291185 194 218 36
0.53884578 -0.15226017 0.18870626 147 174 7
0.54135907 -0.15367529 0.19348143 157 186 18
0.51543653 -0.14564899 0.22085857 166 198 1
0.51503289 -0.13988408 0.20822911 136 164 27
0.52218002 -0.14941123 0.18128462 89 115 6
0.52135074 -0.15129612 0.18564922 99 136 4
0.51421905 -0.15391065 0.19744806 110 143 4
0.49177855 -0.14025953 0.25161549 128 168 33
0.48903510 -0.13803387 0.25536263 125 159 10
0.52072835 -0.15009496 0.19202271 80 123 7
0.51844954 -0.15547144 0.19916773 158 190 3
0.51633972 -0.15662001 0.20753349 159 191 4
0.53805798 -0.15813075 0.18088119 164 190 0
0.53869349 -0.15693143 0.18515232 180 203 24
0.51331365 -0.14540079 0.22200634 167 200 0
0.49392861 -0.14881869 0.24068370 151 190 35
0.49928442 -0.15221852 0.23169893 154 198 23
0.49788025 -0.15233545 0.23381124 156 199 24
0.52350694 -0.14694718 0.18782219 141 168 0
0.52710563 -0.14576596 0.18906786 191 203 17
0.50731409 -0.14692825 0.21976829 153 193 0
0.50755721 -0.14525166 0.22254774 160 198 1
0.50741524 -0.14462352 0.22564979 159 194 3
0.48796082 -0.14139268 0.25671232 117 156 27
0.48962218 -0.14234827 0.25308138 124 165 37
0.48768479 -0.14543083 0.24921694 130 169 26
0.48554906 -0.14460424 0.24988104 129 168 25
0.48189881 -0.14302139 0.25273606 101 139 0
0.51008999 -0.15362871 0.21459559 152 194 0
0.52250892 -0.15419869 0.19213724 146 183 8
0.48010063 -0.13793248 0.26996136 116 153 22
0.50644559 -0.14371540 0.22888044 150 192 0
0.49933717 -0.14179477 0.23967959 144 183 30
0.50179183 -0.14713404 0.23032913 141 186 5
0.47348887 -0.13735053 0.27529165 106 132 23
0.52181679 -0.15527399 0.19184643 136 169 4
0.51644802 -0.15414636 0.19335076 109 140 3
0.51688433 -0.15599084 0.19677891 110 141 4
0.51545000 -0.15304157 0.19246972 119 147 24
0.51770961 -0.15361878 0.18790804 107 140 0
0.51692289 -0.15219089 0.18185343 113 144 14
0.52028739 -0.15442084 0.17942563 96 132 0
0.51384765 -0.15652460 0.20689040 151 181 25
0.51522082 -0.15696676 0.20377351 132 159 18
0.53606546 -0.14892469 0.19063930 164 189 1
0.53765148 -0.14995387 0.19067965 161 184 5
0.38585454 -0.28172335 0.19614215 108 147 30
0.38463593 -0.28225201 0.19193318 98 135 39
0.38365388 -0.28368679 0.18805115 93 130 35
0.36644369 -0.28094113 0.17713471 103 145 63
0.36923316 -0.28041205 0.17844602 102 144 70
0.38421041 -0.28655693 0.18744875 92 125 20
0.38381714 -0.28661433 0.18673530 100 135 31
0.37994608 -0.28539938 0.17876163 95 129 43
0.38141149 -0.28570947 0.18150817 103 141 42
0.37731668 -0.28009674 0.18272087 119 161 75
0.38062367 -0.27773464 0.18660381 125 170 65
0.38749993 -0.27460644 0.19661199 108 154 30
0.38381240 -0.28053844 0.18996599 144 177 70
0.38135159 -0.28811136 0.17872612 99 136 31
0.38149700 -0.28977555 0.17377959 136 151 70
0.35986069 -0.27260956 0.17415626 148 161 89
0.35790905 -0.27486405 0.17230898 105 131 6
0.38048619 -0.28304192 0.18096526 112 149 54
0.37508929 -0.28178075 0.17958196 107 148 69
0.38845730 -0.28686386 0.19221188 166 174 150
0.38957462 -0.28351817 0.19588828 194 221 104
0.36240816 -0.28577048 0.16777252 45 81 11
0.36424324 -0.28145930 0.17662090 82 121 54
0.36363977 -0.28378484 0.17170933 74 114 18
0.37059733 -0.28950182 0.16699764 93 129 55
0.36196864 -0.28503239 0.16690394 50 88 1
0.35702804 -0.28132653 0.17616749 98 146 44
0.35813692 -0.27817824 0.17807440 103 153 40
0.35389256 -0.28027198 0.17238495 98 136 1
0.37109095 -0.28403473 0.17416586 102 140 67
0.38307431 -0.28916398 0.17616361 140 146 102
0.38300583 -0.28873089 0.17843699 130 147 17
0.36790600 -0.29298970 0.16142125 84 121 41
0.37098813 -0.29284254 0.16338226 88 125 58
0.37187144 -0.29053125 0.16633117 95 131 59
0.38717964 -0.28867421 0.18770266 137 143 81
0.37660709 -0.29216319 0.16569336 149 168 87
0.36059132 -0.28286967 0.16901897 42 85 0
0.38781875 -0.28690201 0.18564759 178 199 42
0.37735391 -0.29315281 0.16443580 173 179 117
0.36857411 -0.29515922 0.16079026 92 136 59
0.37897369 -0.29291850 0.16129608 119 133 58
0.36665103 -0.29482210 0.15841082 61 100 11
0.36057565 -0.28225827 0.17453913 91 133 33
0.35830680 -0.28312525 0.17262797 58 99 3
0.38008732 -0.26930800 0.19091852 109 157 48
0.38259894 -0.26866603 0.19279957 99 144 49
0.37460241 -0.27453190 0.18580748 124 171 65
0.37545449 -0.27189472 0.18748164 98 142 55
0.37080210 -0.26962599 0.18437850 123 178 25
0.37250298 -0.26905480 0.18625438 96 145 28
0.36431074 -0.29409194 0.15393014 63 95 12
0.38145804 -0.27375749 0.18972151 93 136 44
0.36822316 -0.27030125 0.18314186 81 133 22
0.36256620 -0.27287719 0.18157525 111 165 45
0.37459826 -0.27993852 0.18105853 128 165 95
0.37604102 -0.27443129 0.18639018 110 154 65
0.36674610 -0.27651176 0.18169989 98 145 39
0.36695150 -0.27635634 0.18185888 98 145 39
0.37987086 -0.28611776 0.16023138 112 146 0
0.37997743 -0.28791130 0.16136639 123 158 2
0.37492928 -0.28497410 0.17423557 80 117 48
0.38521209 -0.26823658 0.19509774 111 153 67
0.38429281 -0.26787049 0.19435076 99 141 55
0.35448840 -0.27888250 0.17635995 97 139 31
0.35457209 -0.27908292 0.17388903 158 197 72
0.36789858 -0.28891435 0.16584019 98 135 55
0.54795098 -0.11445307 0.08564818 199 207 196
0.54593891 -0.12212896 0.08372913 124 148 64
0.54277891 -0.12596013 0.07458734 53 85 9
0.55087310 -0.10925322 0.09158806 139 138 45
0.54770166 -0.11306480 0.08312091 195 171 161
0.54681545 -0.12013990 0.07835674 60 96 50
0.54490423 -0.12487665 0.07733604 102 137 53
0.54351920 -0.12771118 0.07048988 121 140 61
0.54699343 -0.13331920 0.06350282 202 187 158
0.54672325 -0.13310996 0.06381472 203 186 156
0.53808576 -0.12470379 0.06963136 69 96 19
0.54116076 -0.13288610 0.06598379 75 93 41
0.54934514 -0.11014581 0.08563037 169 181 145
0.54522854 -0.12026747 0.08367141 75 101 14
0.54823458 -0.11336651 0.08951048 71 107 9
0.54159033 -0.12752075 0.06457080 232 211 180
0.54302830 -0.12775117 0.06914156 116 135 56
0.54495275 -0.11575247 0.07764328 176 104 105
0.54605168 -0.11403305 0.07946550 158 82 94
0.54405832 -0.13068803 0.06173525 229 208 177
0.55207813 -0.10175440 0.09225717 85 117 6
0.55282879 -0.10115663 0.09382145 74 103 0
0.54763472 -0.09974866 0.08992375 111 142 4
0.53859329 -0.13172138 0.06464990 66 92 29
0.54187864 -0.12821540 0.06890646 70 103 24
0.54295975 -0.11916187 0.08131514 50 86 0
0.54103142 -0.12344640 0.07622273 56 88 13
0.52361906 -0.14753950 0.08358596 107 125 73
0.53602916 -0.14305314 0.08479244 102 135 48
0.52809280 -0.14274338 0.07943969 142 162 111
0.52681899 -0.14396863 0.07719816 104 124 75
0.53285867 -0.14137056 0.09307922 135 155 84
0.52454001 -0.14715256 0.09692630 141 157 69
0.52712750 -0.14482646 0.09117965 138 157 76
0.53356135 -0.14593413 0.10473152 114 128 66
0.53356820 -0.14556779 0.10162728 108 121 67
0.54084361 -0.13987012 0.07260368 8 9 4
0.54248774 -0.13950834 0.07094434 24 23 18
0.52445167 -0.14731945 0.06580481 203 200 157
0.52569038 -0.14848030 0.07468053 98 119 50
0.52651817 -0.14865404 0.07196652 101 122 47
0.52917051 -0.14816616 0.07429939 94 113 58
0.52923399 -0.14364100 0.11546163 101 123 58
0.54268831 -0.14084524 0.07273711 146 133 116
0.52383786 -0.14654441 0.08804751 182 191 138
0.52288020 -0.14742577 0.08830777 124 140 78
0.53369027 -0.14345115 0.10599057 108 127 61
0.53364319 -0.14061140 0.08442485 132 158 85
0.53257132 -0.14402811 0.11702663 76 96 37
0.50531411 -0.15835385 0.10455798 120 150 80
0.52875352 -0.14247729 0.10289877 117 139 64
0.52847695 -0.14378384 0.11357589 117 139 64
0.53011048 -0.14189763 0.09447674 126 147 72
0.52694505 -0.14472745 0.11551774 117 141 67
0.52988964 -0.14172225 0.06866946 111 131 78
0.52805489 -0.14342754 0.06619655 109 125 88
0.53122532 -0.14036457 0.07424711 114 140 69
0.52679884 -0.14516123 0.10566162 127 148 73
0.53355193 -0.14362060 0.09530214 112 128 57
0.52616757 -0.14459039 0.07630733 93 112 67
0.52575183 -0.14565256 0.07784011 97 117 68
0.53565401 -0.13870773 0.07175798 113 138 70
0.53817540 -0.13775368 0.06619896 8 21 0
0.50502205 -0.15828151 0.10491136 108 137 71
0.52250272 -0.14431363 0.10618035 132 155 15
0.51850408 -0.15073653 0.09634170 84 106 42
0.51929653 -0.15009037 0.09645440 97 119 46
0.52452636 -0.14626729 0.09035572 131 148 70
0.52821314 -0.14352958 0.08673234 120 139 58
0.52719676 -0.14403985 0.08565868 170 184 135
0.53005809 -0.14207634 0.08579230 117 138 69
0.52696437 -0.14552656 0.09929308 131 152 75
0.52967012 -0.14317037 0.11884508 69 89 30
0.52677697 -0.14403996 0.12262844 159 174 93
0.53437483 -0.13921337 0.06619834 121 146 78
0.53223580 -0.14027666 0.06706125 104 126 61
0.52110076 -0.14682142 0.10268019 131 151 30
0.52848524 -0.14304936 0.10522649 131 153 78
0.53578246 -0.14153419 0.08336819 101 124 44
0.51160032 -0.15670599 0.10068990 89 116 49
0.52255970 -0.15193856 0.08988797 84 102 40
0.50210601 -0.16085561 0.10760245 44 88 3
0.51426566 -0.15662012 0.10029297 54 84 10
0.53187531 -0.14789042 0.07732585 124 145 76
0.52756107 -0.14883503 0.07872032 104 128 70
0.51385921 -0.15628619 0.10048828 56 88 13
0.53210813 -0.14986253 0.07096174 194 180 151
0.53084302 -0.15108845 0.06813081 215 197 161
0.49873728 -0.16193417 0.10897846 44 86 0
0.52429217 -0.15016070 0.08339070 84 103 47
0.53350300 -0.14740144 0.08800871 111 134 52
0.53429812 -0.14597684 0.08081850 108 134 43
0.54366255 -0.14281155 0.07414456 206 181 151
0.52250910 -0.15284343 0.09110073 75 100 34
0.51991099 -0.15104251 0.09643983 68 94 33
0.49731326 -0.16574600 0.11113711 48 91 11
0.52932858 -0.15108322 0.06640611 59 52 23
0.52998585 -0.15186405 0.06517250 234 214 181
0.50658482 -0.16085869 0.10693261 64 98 22
0.49148145 -0.16881435 0.11363739 81 117 30
0.52240133 -0.14941904 0.09404874 84 102 26
0.52749753 -0.14737411 0.09397276 115 137 55
0.52464539 -0.14822021 0.09306083 97 124 29
0.53675449 -0.14910197 0.07134926 196 181 152
0.53440583 -0.15128982 0.06979088 198 183 154
0.54068828 -0.14958951 0.06776246 197 180 152
0.52883190 -0.15004241 0.08654689 94 118 60
0.53303957 -0.14773567 0.08433864 106 130 42
0.53217500 -0.14823696 0.09143526 107 128 49
0.53495812 -0.14542872 0.07787073 92 121 29
0.47736222 -0.13555378 0.26304832 112 147 1
0.48010966 -0.13590121 0.26048148 139 175 7
0.50255466 -0.13841884 0.22929205 140 165 3
0.48762882 -0.13750152 0.24867332 144 171 4
0.48403123 -0.13786204 0.25203902 135 165 19
0.48117653 -0.14153388 0.25487831 83 123 0
0.50195724 -0.13739319 0.23584931 150 174 2
0.50800014 -0.14128847 0.21825086 124 149 3
0.49928135 -0.14564547 0.22416010 111 138 25
0.47395867 -0.13593595 0.27781817 113 147 8
0.47449091 -0.13542141 0.27961642 108 143 0
0.47594315 -0.13648309 0.27898550 114 149 5
0.50444484 -0.13737851 0.23167959 158 181 5
0.49737462 -0.14703220 0.23024274 118 141 27
0.50262868 -0.14357457 0.22029075 114 136 10
0.50187612 -0.14281031 0.22192539 119 144 14
0.50160968 -0.13821290 0.23093013 137 163 1
0.49906206 -0.14874397 0.22539370 122 146 58
0.49096432 -0.14006759 0.24078722 120 147 6
0.49779275 -0.14916220 0.23038413 47 76 0
0.47736436 -0.13621557 0.26300499 107 141 2
0.49325576 -0.13709094 0.24327290 142 171 3
0.48368818 -0.13739693 0.25329304 138 167 13
0.48580584 -0.13695329 0.25182295 146 170 10
0.50198489 -0.13813698 0.23881075 234 241 137
0.47943276 -0.13552211 0.26451948 132 174 2
0.48198017 -0.13576245 0.26516265 119 159 0
0.48242760 -0.13785285 0.25391057 131 161 15
0.48380864 -0.14227434 0.24770455 145 171 22
0.47714990 -0.13881862 0.26769990 102 132 10
0.49902055 -0.13759814 0.23971896 150 177 2
0.50399756 -0.13851869 0.22786537 141 165 5
0.48935702 -0.14157683 0.24095975 120 143 13
0.49428755 -0.14334455 0.23285493 102 129 14
0.49545699 -0.13823380 0.23958768 137 163 1
0.49526212 -0.15016064 0.23292544 65 93 0
0.49591753 -0.15062644 0.23269399 88 121 8
0.50836462 -0.13736679 0.22818884 155 177 4
0.49355903 -0.14850764 0.23331694 123 146 29
0.49195310 -0.14662760 0.23405609 114 143 17
0.49930024 -0.14085697 0.22955669 125 150 7
0.49612176 -0.14075412 0.23423912 126 153 10
0.62872839 -0.19529000 0.13116267 94 122 11
0.62497157 -0.18898003 0.14155805 144 169 78
0.61469996 -0.18509938 0.15370248 106 139 0
0.62481314 -0.19934753 0.12989219 31 70 0
0.61483800 -0.18699282 0.14854911 74 104 6
0.61788547 -0.19153754 0.15181398 48 87 0
0.61832547 -0.19354078 0.14435740 23 65 1
0.62510884 -0.20006505 0.12917154 49 87 0
0.62663752 -0.20193528 0.13139333 50 88 0
0.62180477 -0.18617252 0.14909564 48 81 0
0.62981504 -0.19318712 0.13796879 86 102 27
0.62887108 -0.19462802 0.13563433 100 132 7
0.62122941 -0.18708174 0.14366972 93 131 10
0.61565071 -0.18747503 0.14866820 81 111 0
0.62372005 -0.19686064 0.13761659 52 97 6
0.62491655 -0.18939351 0.14419332 88 114 25
0.62807137 -0.19378343 0.14487574 74 115 37
0.62627637 -0.19742401 0.12945873 123 157 47
0.61976272 -0.19259776 0.14141290 23 68 3
0.61686397 -0.18292385 0.15746556 107 144 4
0.63103276 -0.19502850 0.13701378 107 114 70
0.62608957 -0.18996447 0.13994016 88 115 8
0.62001270 -0.18931936 0.14153007 93 127 15
0.62765127 -0.19631840 0.12968765 118 153 25
0.63176757 -0.19878085 0.13230893 80 111 8
0.63000339 -0.20014656 0.14071050 79 116 20
0.61212307 -0.17316431 0.17574963 62 99 4
0.61841536 -0.16976109 0.17160313 169 182 128
0.59410256 -0.16919608 0.20973535 76 109 0
0.59382194 -0.16901778 0.21039489 79 112 0
0.59286261 -0.15748370 0.20443320 100 125 31
0.59238541 -0.15727875 0.20605366 108 133 39
0.61132044 -0.17997818 0.17184737 77 110 0
0.61367494 -0.17704134 0.17024106 69 101 2
0.60178840 -0.17341051 0.19201273 53 88 4
0.60239935 -0.18106061 0.17819414 102 135 2
0.60048717 -0.18056783 0.18263911 74 108 0
0.58953542 -0.16254880 0.20728488 68 107 1
0.59931153 -0.18054190 0.19209044 59 90 0
0.59958988 -0.18101524 0.18600984 66 98 0
0.59303838 -0.16558883 0.20487291 60 98 0
0.59021151 -0.16559422 0.21543679 80 118 0
0.58871388 -0.16268435 0.21492538 72 106 0
0.58955395 -0.16373599 0.21342067 66 102 0
0.61992133 -0.17735708 0.17022327 55 76 20
0.61385435 -0.17036276 0.17306304 57 94 0
0.59617817 -0.16459617 0.19415766 71 110 4
0.62256449 -0.18613978 0.14958496 62 90 13
0.62103140 -0.18513498 0.15977372 121 147 48
0.58643973 -0.15884650 0.20984668 67 103 0
0.62149173 -0.18409696 0.15802102 104 123 59
0.62296510 -0.18774773 0.15521456 112 135 57
0.59347111 -0.15811338 0.20042975 43 83 0
0.61665827 -0.17866708 0.17347357 106 129 77
0.58478338 -0.15618421 0.21893120 103 139 5
0.60148603 -0.18579248 0.18534398 79 111 4
0.60459620 -0.18438619 0.18226516 55 83 0
0.62076026 -0.18507946 0.15522391 81 113 2
0.61995214 -0.17222638 0.16751672 143 157 121
0.61533672 -0.17677559 0.16434315 67 99 2
0.61938548 -0.17114849 0.17381682 117 132 93
0.62023944 -0.17791806 0.16047625 134 158 72
0.59564316 -0.16526134 0.19694510 85 119 9
0.59926099 -0.16815566 0.19391364 74 110 0
0.60655951 -0.17338718 0.18185589 48 84 0
0.61372244 -0.17781706 0.16804637 80 113 8
0.60073978 -0.17825781 0.18475106 85 118 5
0.60208583 -0.17721075 0.18423629 64 99 0
0.59091961 -0.15995389 0.20239912 68 104 0
0.62045163 -0.19028106 0.15402372 61 102 26
0.62942880 -0.20010597 0.14088051 84 121 25
0.62629443 -0.19921806 0.13956426 62 105 0
0.58708626 -0.15095375 0.20689946 98 128 38
0.60331839 -0.18181965 0.17595100 75 101 0
0.59041917 -0.16421521 0.20907925 64 102 0
0.58586091 -0.15848908 0.21607247 100 137 8
0.57705241 -0.15042399 0.21246901 130 163 59
0.61963570 -0.17444791 0.16331220 91 111 16
0.60145825 -0.16752173 0.18781340 75 113 0
0.61518037 -0.18064348 0.16194777 91 125 12
0.62192363 -0.19217013 0.15074146 46 86 15
0.58451080 -0.14767779 0.20960319 72 106 0
0.58702511 -0.15123188 0.20826434 68 104 4
0.59679747 -0.16301461 0.19341134 56 91 0
0.60774940 -0.16988587 0.17970635 44 79 0
0.60736179 -0.17199302 0.18056466 68 104 0
0.59336442 -0.15725569 0.19945002 103 132 52
0.59961164 -0.17930040 0.18939665 64 94 4
0.60464889 -0.17724860 0.17818919 88 119 0
0.58282763 -0.15183985 0.21381579 68 100 0
0.62541127 -0.19862488 0.14014612 51 92 0
0.62223339 -0.19499937 0.14645733 41 84 0
0.62350363 -0.19600444 0.14509030 39 83 0
0.61969554 -0.19316216 0.14765938 40 85 0
0.60073900 -0.17544702 0.19443855 62 97 0
0.59995759 -0.17467363 0.19764282 77 112 10
0.59777617 -0.17298706 0.20620459 71 102 0
0.59860820 -0.17183925 0.20224451 77 113 3
0.61350429 -0.16712911 0.17935969 127 147 120
0.62038702 -0.17846893 0.16767780 50 71 12
0.62100607 -0.17546400 0.16221325 102 115 61
0.60601491 -0.18078980 0.16833968 79 113 0
0.61022186 -0.18133564 0.16832514 97 128 9
0.60493737 -0.17593837 0.18080501 54 91 0
0.61974680 -0.18063615 0.16722803 85 108 28
0.61208636 -0.18231545 0.16228174 114 142 19
0.60708767 -0.17511740 0.17951499 67 104 0
0.60781240 -0.17689560 0.17674465 69 96 0
0.61737531 -0.16880473 0.17506409 111 124 94
0.60997224 -0.16724002 0.17921780 50 89 0
0.60899675 -0.16730084 0.17834841 57 94 1
0.59559500 -0.16802117 0.20415618 46 83 0
0.59984660 -0.18286572 0.18616760 67 99 2
0.60206163 -0.18402925 0.17983438 117 149 26
0.58616644 -0.15389566 0.21140018 84 122 9
0.61334878 -0.17404383 0.17444550 58 96 0
0.49139950 -0.18915644 0.17698519 109 141 4
0.50585258 -0.16851875 0.15849268 117 140 6
0.50143957 -0.17190513 0.16794233 134 168 12
0.47761920 -0.18455730 0.18324916 155 177 4
0.51096886 -0.17534484 0.15905485 142 173 7
0.49049294 -0.17493261 0.17193817 195 210 59
0.50838250 -0.17776822 0.16263601 120 152 0
0.50495750 -0.16802691 0.16029562 119 145 10
0.50534719 -0.16808285 0.15950754 103 128 0
0.49935064 -0.17348611 0.16952954 158 185 30
0.49715844 -0.18192412 0.17224611 113 147 0
0.50205868 -0.18598790 0.17047065 125 151 0
0.50607395 -0.17862490 0.16629088 121 150 0
0.50243247 -0.18421210 0.16992632 115 148 0
0.50137049 -0.18068583 0.17072307 152 182 8
0.49952507 -0.18144187 0.17312512 142 175 0
0.50506181 -0.17937918 0.16242890 117 144 15
0.50343752 -0.18002273 0.16461317 123 152 8
0.50859523 -0.17281692 0.16310519 145 170 14
0.51027155 -0.17476331 0.15940946 142 172 0
0.47598043 -0.18195517 0.18320392 90 114 0
0.49812260 -0.18908706 0.17600541 138 165 0
0.48656181 -0.18177533 0.17452288 194 214 63
0.50699896 -0.17100058 0.16187112 120 152 7
0.48125517 -0.18612190 0.18088678 173 204 4
0.48161083 -0.18895650 0.18329968 130 155 11
0.48409256 -0.18871891 0.18129662 126 157 0
0.49075288 -0.18575802 0.17461218 163 195 10
0.49356976 -0.18289998 0.17222396 168 201 26
0.50250942 -0.16226871 0.16418961 189 207 59
0.48063889 -0.18411282 0.18046381 171 192 9
0.48387939 -0.18007247 0.17558770 153 174 35
0.49603915 -0.17526346 0.17150788 176 203 26
0.49277183 -0.17692257 0.17146870 192 214 41
0.48637265 -0.18925135 0.18095152 138 168 20
0.50156963 -0.18574396 0.17468058 149 176 11
0.62157625 -0.06677376 0.17279983 94 136 10
0.62238973 -0.04852566 0.16904223 138 154 105
0.61004937 -0.05871367 0.17297694 132 144 108
0.60665995 -0.06318399 0.17255378 156 164 125
0.59147608 -0.07655554 0.17174892 152 176 118
0.62626755 -0.06185997 0.17609422 98 167 14
0.59291840 -0.08354774 0.16928047 126 181 15
0.62033373 -0.05479833 0.16557612 126 122 121
0.62573332 -0.05345901 0.16661744 137 186 6
0.61718887 -0.06188751 0.16717753 137 132 139
0.60975033 -0.07758115 0.17159000 114 157 49
0.63100100 -0.06267647 0.18121208 139 189 2
0.60963702 -0.07225069 0.16999996 124 181 14
0.59285581 -0.08901982 0.17283182 93 146 4
0.60747588 -0.07640833 0.17016569 133 189 17
0.60396606 -0.08373913 0.17174499 150 192 64
0.60496837 -0.07919489 0.16981855 132 186 10
0.62373823 -0.05804376 0.16710490 139 186 18
0.61179364 -0.07390230 0.17155287 71 109 24
0.60205096 -0.08412948 0.17161793 109 146 43
0.62583202 -0.06105102 0.16890340 108 145 31
0.59366620 -0.07408701 0.17038457 136 157 92
0.59475362 -0.07310880 0.16977447 158 178 119
0.59301263 -0.08587971 0.17115830 143 197 11
0.59301579 -0.09107732 0.17351803 139 181 55
0.60073817 -0.07678892 0.16828150 97 149 13
0.60590726 -0.07497638 0.16909206 148 197 9
0.63673681 -0.05420247 0.17536159 81 135 15
0.63252789 -0.05940764 0.18133482 125 171 11
0.63193643 -0.05766983 0.17035586 65 106 36
0.61926132 -0.06175337 0.16698417 130 138 114
0.63773227 -0.05112059 0.17201281 59 96 29
0.63358486 -0.05807423 0.17621867 78 147 0
0.59169817 -0.08657032 0.17130789 146 201 11
0.61329967 -0.05887905 0.17071368 155 173 121
0.62884706 -0.05422822 0.16757821 99 144 17
0.62002987 -0.05670386 0.16581996 135 129 131
0.63007975 -0.04685913 0.16494489 112 135 63
0.61675072 -0.05263190 0.17250215 144 169 111
0.61685354 -0.05268483 0.16825828 176 191 152
0.60074496 -0.09056924 0.17536329 135 182 8
0.59730053 -0.08641061 0.17215931 106 155 30
0.60763150 -0.06934039 0.16921905 134 181 17
0.59766209 -0.06965323 0.16938432 137 164 93
0.60006994 -0.06858093 0.16955990 150 177 100
0.59987062 -0.07715442 0.16817378 125 179 33
0.59609669 -0.07277450 0.16912195 121 138 96
0.61198407 -0.06873559 0.17033669 161 211 18
0.62711334 -0.04666605 0.16822149 48 94 0
0.62399149 -0.04790434 0.16903193 116 141 73
0.60984713 -0.06739900 0.16902746 144 183 14
0.63249868 -0.05827496 0.17459728 113 171 24
0.61182564 -0.06320327 0.16877098 110 124 99
0.62574959 -0.04706260 0.16595206 106 98 122
0.60641664 -0.08440143 0.17660466 144 180 93
0.60650581 -0.08482534 0.17624541 76 99 27
0.63130212 -0.05076576 0.16670437 111 152 22
0.63587141 -0.04453911 0.16661757 109 149 34
0.61511868 -0.07349829 0.17466240 110 161 8
0.61805892 -0.05094591 0.16848169 176 192 147
0.62745374 -0.04955783 0.17345415 76 124 48
0.63499600 -0.04461882 0.16743171 142 176 89
0.62871498 -0.06014879 0.17309499 70 139 14
0.63763648 -0.05354448 0.17542545 81 144 14
0.63316375 -0.05425882 0.17002705 95 138 31
0.63290310 -0.05434582 0.18038327 93 145 47
0.61627007 -0.05234218 0.16943341 171 188 143
0.60589814 -0.08463342 0.17352967 98 142 3
0.64041013 -0.04821769 0.17292988 73 123 52
0.52563280 -0.15267812 0.12282460 122 142 17
0.52616143 -0.15340278 0.12516777 114 134 11
0.51744354 -0.16398038 0.15309311 128 153 10
0.51333904 -0.16364610 0.15468386 124 148 12
0.52611417 -0.16150719 0.16478682 166 191 37
0.52815044 -0.16119258 0.16219950 184 202 68
0.52381045 -0.15907584 0.14982484 149 169 10
0.52532434 -0.15748538 0.14828880 156 176 25
0.52758145 -0.15968713 0.14204626 146 166 6
0.51312709 -0.16320065 0.14964700 97 119 10
0.51622856 -0.15057008 0.17081903 73 104 0
0.51147473 -0.16994716 0.15951236 164 198 23
0.50882667 -0.17035426 0.16098972 158 193 31
0.52117783 -0.15546922 0.13096082 123 146 14
0.52149671 -0.15736270 0.13350935 138 161 31
0.52182519 -0.15500472 0.12992883 123 146 14
0.51923752 -0.15131553 0.15959984 84 112 2
0.52765560 -0.15333979 0.12234491 122 141 26
0.52736092 -0.15264721 0.11765957 127 144 40
0.53071624 -0.15603311 0.15602650 178 196 62
0.52685446 -0.15638070 0.15116118 154 171 33
0.52299821 -0.16206752 0.14298669 128 151 8
0.52428049 -0.15720913 0.13342537 110 133 1
0.52751940 -0.15694198 0.13436466 109 131 5
0.51775903 -0.15257272 0.17853062 114 146 19
0.50721598 -0.16448055 0.15908512 100 125 8
0.51150304 -0.15820187 0.15450777 126 146 23
0.52823848 -0.15456048 0.12791492 110 129 11
0.52912098 -0.15329808 0.13021342 109 126 11
0.51410049 -0.15568201 0.14571168 102 123 18
0.52474755 -0.15212062 0.17208311 87 113 0
0.52564895 -0.15135673 0.17175826 136 158 11
0.52959490 -0.15013714 0.10948525 113 129 67
0.53070235 -0.15034238 0.11880829 103 122 77
0.52912295 -0.15199773 0.12134001 131 147 74
0.51032144 -0.15985836 0.15491021 98 121 5
0.52203286 -0.15679324 0.17315525 94 123 0
0.53386295 -0.14949279 0.17491777 138 164 2
0.53107679 -0.15401480 0.17028269 134 158 0
0.53214633 -0.15564747 0.17112534 153 178 0
0.51381564 -0.15433846 0.14878799 120 139 23
0.51603818 -0.14681388 0.14365517 123 143 28
0.51481313 -0.15252008 0.14683945 136 156 43
0.51824433 -0.14518338 0.14001739 119 139 24
0.51623303 -0.14845191 0.14216444 111 130 15
0.51706219 -0.15050535 0.13997030 119 136 21
0.51893592 -0.14862740 0.13696091 114 133 17
0.52982402 -0.15780953 0.13808414 137 160 28
0.53031623 -0.15544860 0.13871740 157 178 37
0.53245324 -0.14942840 0.12851842 112 134 26
0.51932466 -0.15520810 0.17121847 118 142 22
0.52528083 -0.14862405 0.17507590 155 173 9
0.52748483 -0.15212311 0.17001951 142 164 4
0.52909523 -0.15193740 0.16999568 134 159 0
0.52671486 -0.15049911 0.10428555 144 160 71
0.52670777 -0.14999780 0.10291279 144 163 74
0.52961248 -0.15250421 0.14482357 138 160 23
0.53487355 -0.14817640 0.12515333 99 121 38
0.53302771 -0.14822289 0.11699794 124 139 98
0.53498906 -0.14802949 0.12480983 106 125 44
0.53154594 -0.15270738 0.15247443 129 151 6
0.53269923 -0.14803575 0.09546772 109 130 55
0.53264594 -0.14805116 0.10073992 116 133 65
0.53340483 -0.14748284 0.11284941 120 135 96
0.50972188 -0.16843610 0.15725806 135 163 16
0.51553380 -0.15600774 0.15338016 107 131 9
0.52588868 -0.15789887 0.15347646 160 179 38
0.52041560 -0.14791483 0.15332995 132 153 58
0.51692712 -0.14497317 0.14414698 123 143 30
0.53001219 -0.15299854 0.14190441 129 149 15
0.50893003 -0.16541904 0.15466098 116 140 18
0.52288938 -0.15688108 0.15489313 125 151 15
0.51412439 -0.17057185 0.15704261 149 178 12
0.51592076 -0.16936319 0.15528971 156 183 28
0.52843404 -0.15511930 0.14432260 143 162 34
0.51082325 -0.15923427 0.15557121 123 146 16
0.51868427 -0.15556961 0.13482143 133 151 49
0.51773685 -0.15345596 0.13342655 125 145 48
0.51893002 -0.15359114 0.13063563 143 161 75
0.52584368 -0.14487372 0.12047965 86 102 27
0.51647168 -0.15364088 0.13924316 111 134 20
0.52034718 -0.14968912 0.13168126 114 130 21
0.52530521 -0.14555550 0.12679972 110 132 24
0.51993817 -0.15195037 0.12583935 140 161 68
0.52106547 -0.15106015 0.12265485 146 166 71
0.52297503 -0.14920102 0.11926311 132 152 27
0.51892835 -0.15568233 0.15668802 120 146 13
0.51995242 -0.16024891 0.16637498 134 164 32
0.51805246 -0.16115169 0.14088675 114 140 15
0.51533103 -0.16226155 0.14400654 113 138 11
0.52509367 -0.15560181 0.17076522 130 159 5
0.52823693 -0.16016445 0.16981728 182 203 40
0.51785290 -0.16657834 0.15384670 172 201 47
0.51875544 -0.15516351 0.16422753 65 92 0
0.51862925 -0.15760612 0.16712072 117 142 24
0.52173972 -0.14855789 0.12891141 115 134 26
0.52009559 -0.15120810 0.12800254 129 147 48
0.52520317 -0.15066765 0.10946834 151 160 55
0.51805043 -0.15211964 0.16812286 66 95 2
0.52320021 -0.14909805 0.11226992 136 153 51
0.51664490 -0.15676129 0.14110132 118 142 46
0.51855552 -0.15227345 0.15586926 120 146 11
0.52340430 -0.14651883 0.13194883 119 137 29
0.51600212 -0.16369274 0.14886656 108 136 0
0.52911609 -0.15403657 0.14642876 141 157 33
0.52172095 -0.15960243 0.16401057 132 158 25
0.52318364 -0.16057955 0.16503583 147 176 26
0.52231175 -0.16089563 0.16612901 146 172 21
0.52523357 -0.15925996 0.13780649 106 128 2
0.53404665 -0.15940057 0.17379557 183 202 25
0.53224838 -0.15865980 0.17186901 177 196 16
0.51349336 -0.15810241 0.14534301 99 122 16
0.52045864 -0.16230235 0.15306236 131 151 17
0.52712917 -0.16048527 0.14127003 123 149 14
0.50838697 -0.17588161 0.16536780 130 161 5
0.51620805 -0.16897200 0.15622231 170 201 35
0.52162367 -0.15721035 0.15291683 135 160 16
0.67605829 -0.03239568 0.16144210 98 93 99
0.65281647 -0.03434064 0.16306826 44 76 26
0.68096870 -0.01926607 0.15956955 253 253 217
0.65996808 -0.03589621 0.16127127 79 115 51
0.65918607 -0.03457823 0.15948018 115 132 88
0.66986161 -0.02679611 0.16114043 100 124 72
0.65796441 -0.03392966 0.16006309 85 113 38
0.65586644 -0.03237753 0.16170679 40 70 34
0.65518582 -0.02920237 0.16512740 28 59 18
0.65367615 -0.03294741 0.16705889 53 83 33
0.65329617 -0.03485980 0.16898413 53 86 31
0.68688834 -0.02010124 0.15959151 84 124 38
0.68793941 -0.01514952 0.16101722 80 113 34
0.68714452 -0.02098273 0.15989344 103 140 37
0.66748798 -0.03446439 0.15975758 76 118 6
0.68898189 -0.02323905 0.16307528 185 223 114
0.67612398 -0.02736323 0.16100362 82 120 33
0.65494865 -0.03128143 0.17010050 39 72 25
0.66629088 -0.02711897 0.15899889 196 207 213
0.66567767 -0.03162342 0.15864554 142 168 69
0.67222595 -0.02959587 0.16009906 109 128 72
0.67208105 -0.03044817 0.16569111 60 89 45
0.67020160 -0.03261348 0.16444238 79 111 72
0.66716564 -0.02816754 0.15892600 180 175 137
0.68052006 -0.02080644 0.16233720 21 63 0
0.64778143 -0.04067853 0.17147173 64 95 27
0.68550682 -0.01858203 0.16220000 122 156 72
0.59862792 -0.17491420 0.21668491 94 122 12
0.59933251 -0.17809355 0.20844696 85 108 0
0.60011238 -0.17944776 0.20528170 110 133 17
0.59789550 -0.16047117 0.19431226 109 135 61
0.53318101 -0.16690299 0.18641467 173 203 21
0.60743672 -0.18264066 0.16597193 71 105 0
0.52974772 -0.16296296 0.16816224 191 208 70
0.53131658 -0.16359779 0.17548998 195 215 68
0.55727607 -0.17112486 0.21497877 145 181 45
0.56037462 -0.17326792 0.21523902 138 172 49
0.57497245 -0.16568932 0.22923242 134 164 14
0.59655839 -0.16927435 0.21362911 92 119 12
0.59572607 -0.16878116 0.21357125 94 123 13
0.55025417 -0.16830526 0.20341125 191 213 17
0.61095166 -0.18372753 0.15781605 100 129 21
0.54448104 -0.15737459 0.19969283 174 202 22
0.54646868 -0.15596418 0.20355681 174 204 30
0.54231286 -0.15845004 0.19525434 201 223 37
0.56413496 -0.16049021 0.23425445 171 212 56
0.54385895 -0.16881552 0.19790782 191 213 4
0.54010928 -0.16794038 0.19399175 184 209 19
0.53583515 -0.16395278 0.18620579 194 213 72
0.53530043 -0.16474380 0.18569008 193 213 79
0.54490501 -0.16663110 0.20364258 208 235 70
0.54006791 -0.16892856 0.20072882 179 211 50
0.55495983 -0.14000458 0.22389609 177 213 19
0.55415154 -0.13997027 0.22297753 174 209 18
0.55143934 -0.14122409 0.21944869 163 197 12
0.60157847 -0.16541812 0.19601142 112 137 97
0.55632353 -0.15146954 0.22167775 148 186 25
0.55472630 -0.15181528 0.21882999 162 197 45
0.58477360 -0.16695864 0.22889625 116 152 2
0.58536875 -0.16477935 0.22703692 105 140 0
0.56336761 -0.15593980 0.22982971 143 185 39
0.56076479 -0.15769351 0.22901239 171 213 43
0.59130776 -0.17210962 0.21959361 108 136 15
0.59367734 -0.17071792 0.21417877 88 119 0
0.54912651 -0.15870197 0.20487083 187 206 37
0.55948597 -0.16797492 0.22279811 123 164 10
0.59443200 -0.17720483 0.21814935 149 170 41
0.58178496 -0.15884942 0.22167997 112 147 1
0.58657533 -0.16265912 0.22272794 91 127 0
0.58424956 -0.16068341 0.22555959 102 139 8
0.58704466 -0.17116846 0.22690186 174 193 24
0.57368839 -0.15944348 0.21447368 105 140 0
0.57625294 -0.15809995 0.21760318 95 129 0
0.58205301 -0.16133733 0.22713482 112 144 0
0.57776058 -0.16584049 0.22966014 134 167 16
0.56855965 -0.16214783 0.21165118 101 140 0
0.56123978 -0.16493660 0.21117993 153 188 0
0.56116277 -0.16038533 0.21042430 152 174 4
0.56200933 -0.15832463 0.21018806 170 188 54
0.58793831 -0.17068422 0.22489734 124 150 14
0.58724821 -0.17028984 0.22593485 126 158 13
0.56527734 -0.17022873 0.21541856 119 148 0
0.57948297 -0.17277503 0.23085234 150 183 34
0.57396102 -0.16813447 0.22846930 117 153 19
0.57904655 -0.16415292 0.22917242 130 157 2
0.56058753 -0.17411447 0.21276146 145 166 35
0.55602050 -0.17105572 0.20689249 163 197 0
0.55705720 -0.17331378 0.20984755 155 180 37
0.59954482 -0.17249747 0.21405797 74 99 0
0.60122758 -0.17469913 0.20829374 101 119 37
0.59966552 -0.17257644 0.21660493 106 135 9
0.59414560 -0.17685306 0.22141300 136 155 37
0.56860107 -0.17454869 0.22693621 130 166 34
0.56896591 -0.17326185 0.22543333 138 165 32
0.56033230 -0.15520921 0.22592516 141 178 39
0.56130278 -0.15365361 0.22687209 164 205 73
0.61657095 -0.19061837 0.15452768 44 84 0
0.62000376 -0.18589015 0.16099429 80 111 44
0.61674112 -0.18532544 0.16588192 69 98 31
0.56667054 -0.17447168 0.22254664 139 162 45
0.56382716 -0.17348905 0.21530731 122 146 10
0.58385968 -0.16749512 0.22776559 148 177 35
0.57353008 -0.15567286 0.23344642 138 173 73
0.57807523 -0.15817639 0.22895557 129 159 69
0.57458133 -0.15764521 0.23343584 123 159 53
0.57325983 -0.17291866 0.23508553 160 193 60
0.57487911 -0.17301887 0.23515557 130 161 23
0.57340807 -0.17169572 0.23825838 149 185 13
0.61319512 -0.18817374 0.16143087 74 109 17
0.61197406 -0.18589237 0.16754685 54 85 5
0.56120300 -0.16197991 0.23159245 152 193 29
0.59354937 -0.16112328 0.20802379 119 145 56
0.59639686 -0.16387048 0.20462939 104 131 60
0.55408651 -0.16828878 0.20593540 181 206 3
0.55750829 -0.16525455 0.20887607 178 200 1
0.59425360 -0.17157876 0.22245778 140 173 22
0.58958298 -0.16955797 0.22470807 123 156 25
0.59811950 -0.17546788 0.20362473 88 117 9
0.54881370 -0.16268760 0.20392859 185 202 34
0.54811853 -0.16133462 0.20359135 190 211 56
0.59859270 -0.16660440 0.20211883 97 127 91
0.55971605 -0.16161430 0.22893070 167 205 24
0.60054022 -0.17373985 0.21374536 90 116 6
0.60087663 -0.17697124 0.20589492 78 96 34
0.60105646 -0.17319076 0.20193824 98 122 74
0.59766543 -0.16935770 0.20608397 92 120 71
0.53198057 -0.15919378 0.16801842 195 208 77
0.53167641 -0.16191907 0.17088215 182 194 68
0.54497391 -0.15968539 0.20092323 194 210 59
0.57382274 -0.16509645 0.22321561 116 149 0
0.55129695 -0.16096467 0.21144603 177 206 40
0.55466574 -0.16120391 0.21897873 168 201 26
0.55036253 -0.16334355 0.20841859 207 235 72
0.55353606 -0.15653439 0.21612495 177 213 45
0.55108070 -0.15652479 0.21206151 182 213 47
0.55664599 -0.15913355 0.22201861 161 197 25
0.53947884 -0.16645600 0.19710509 197 223 52
0.53812236 -0.16532478 0.19351774 193 221 41
0.58949673 -0.16855562 0.22292647 140 170 24
0.53958505 -0.16083546 0.19207445 195 212 72
0.54044861 -0.15901205 0.19158009 206 221 80
0.56526309 -0.17457239 0.23002081 137 178 0
0.56395996 -0.17359793 0.22915778 154 192 8
0.56159556 -0.17075330 0.22331215 100 149 6
0.56699437 -0.17326610 0.23444848 135 160 14
0.56550992 -0.17408921 0.23229963 109 150 0
0.60515696 -0.18480630 0.17285466 53 81 0
0.60580122 -0.18147606 0.16976123 87 121 11
0.53936630 -0.16838646 0.19430032 178 209 9
0.56200564 -0.17322755 0.21833523 127 161 49
0.56067902 -0.17056537 0.22031945 107 151 2
0.54923868 -0.17117853 0.20244619 186 212 1
0.55390018 -0.14409357 0.22135480 165 199 25
0.55536097 -0.14532703 0.22264002 177 214 38
0.55689692 -0.14486821 0.22455300 158 193 28
0.60399163 -0.17492631 0.19719149 88 111 82
0.60858363 -0.18050322 0.18519926 62 85 13
0.61054575 -0.18079591 0.18060064 91 116 61
0.60847753 -0.18106401 0.18493755 60 85 4
0.53005034 -0.16387710 0.17113210 180 203 35
0.53219116 -0.16352569 0.17665489 200 221 42
0.53537577 -0.16215925 0.18238090 178 200 14
0.59652907 -0.17876484 0.21282406 87 111 15
0.52732337 -0.16452675 0.17506371 175 204 24
0.52885795 -0.16549885 0.17931262 180 212 27
0.61388820 -0.17758013 0.17755014 95 118 74
0.61443049 -0.17966868 0.17505984 85 107 61
0.61446691 -0.18413958 0.17041144 80 106 43
0.55402267 -0.15934393 0.20849451 190 206 48
0.55798286 -0.16235581 0.20999533 182 200 26
0.56664026 -0.16811609 0.23715273 178 219 63
0.56876647 -0.17055196 0.23786849 171 209 48
0.60057950 -0.18578321 0.19154824 95 127 2
0.54944348 -0.16146424 0.20745106 182 209 44
0.54505181 -0.15993413 0.20202839 175 203 22
0.54672968 -0.16360180 0.20373297 204 229 67
0.60963392 -0.18660679 0.16692132 77 107 17
0.61246693 -0.18483110 0.17097022 47 75 1
0.59365565 -0.17427503 0.22356594 121 162 21
0.54905379 -0.17135732 0.20315690 187 215 8
0.54255778 -0.16992594 0.20183615 185 221 59
0.55083239 -0.15069702 0.21346347 179 210 29
0.54865533 -0.15243107 0.20899016 155 182 27
0.55350685 -0.15031470 0.21768424 196 227 45
0.54849166 -0.14770831 0.21219274 190 222 35
0.55711699 -0.16855887 0.21725643 132 167 15
0.58362925 -0.16842337 0.22814447 133 164 27
0.58264989 -0.16963343 0.22893307 172 199 42
0.60361958 -0.17751287 0.19834709 79 96 54
0.58262277 -0.16823274 0.22921138 137 169 26
0.57337260 -0.16840322 0.23801106 151 184 35
0.57376337 -0.16375168 0.23617665 165 200 56
0.58061409 -0.16799478 0.23103563 147 178 40
0.58090353 -0.16552962 0.22998558 166 191 47
0.58123755 -0.16594103 0.22979935 166 191 47
0.60296643 -0.17934807 0.19971316 91 112 35
0.60303789 -0.18163748 0.19902317 76 98 15
0.60420388 -0.18350780 0.19058871 59 84 0
0.60935920 -0.18340850 0.15979369 88 120 13
0.59305948 -0.16691719 0.21391401 106 136 36
0.58831555 -0.16281581 0.21748820 103 133 45
0.57326305 -0.15869313 0.21287093 106 138 3
0.56814140 -0.16300899 0.23706773 170 204 65
0.56744528 -0.16147187 0.23663940 179 216 74
0.57006282 -0.16115636 0.23704506 169 199 77
0.60407388 -0.18604039 0.17701110 60 85 4
0.60677713 -0.18528900 0.17635141 68 93 12
0.60870796 -0.18452708 0.17662722 46 72 0
0.54201591 -0.16291422 0.19698155 197 224 49
0.57026935 -0.16673277 0.21753673 142 172 12
0.52563900 -0.16445555 0.17674547 172 199 24
0.52850389 -0.16568974 0.17935722 183 214 32
0.60069978 -0.18181194 0.19880520 81 109 0
0.59876209 -0.16182698 0.18932588 119 146 49
0.58160228 -0.15747572 0.21935804 90 124 0
0.55834484 -0.16701689 0.22064652 145 179 22
0.55475956 -0.16407073 0.21721540 173 206 39
0.61066061 -0.17149429 0.18377706 105 127 89
0.61184585 -0.16990471 0.18200526 109 130 97
0.60115260 -0.16472143 0.18744110 75 109 14
0.56138372 -0.17185463 0.23377934 119 164 21
0.61018670 -0.17289919 0.18480819 116 137 104
0.60462433 -0.16871293 0.19215333 136 164 116
0.60442752 -0.16950125 0.19279473 120 147 106
0.53303909 -0.16688275 0.18373312 175 199 23
0.57201052 -0.16120648 0.21356104 109 142 0
0.58012193 -0.17464483 0.23114641 155 185 55
0.60695875 -0.16515507 0.18636002 106 125 103
0.56950504 -0.17007104 0.22048818 99 142 11
0.57050914 -0.16794279 0.21879481 130 157 0
0.59699821 -0.17641865 0.21730454 112 129 33
0.58361566 -0.16897535 0.22815008 149 174 28
0.56017810 -0.17029962 0.22543265 105 151 3
0.56053013 -0.16963348 0.22972268 112 155 13
0.53026593 -0.16495220 0.17615135 175 206 24
0.59933358 -0.16235183 0.19819684 111 136 79
0.59890598 -0.16283420 0.19928697 104 129 71
0.53602129 -0.16301638 0.18755397 185 211 28
0.53672928 -0.16230170 0.18805151 180 206 23
0.53325349 -0.16615151 0.18317562 174 198 26
0.52915448 -0.16608538 0.17527227 193 213 38
0.55894554 -0.16010250 0.22707480 162 199 34
0.54261166 -0.16639671 0.19734333 210 221 67
0.56769240 -0.16783038 0.21564825 122 156 0
0.60631919 -0.17581882 0.19329429 92 115 73
0.60376775 -0.17185529 0.19493249 102 127 98
0.56137472 -0.14663306 0.22870126 177 216 49
0.56790483 -0.15137066 0.23360734 171 209 72
0.56381547 -0.14822315 0.23060289 163 203 42
0.53486997 -0.16195564 0.18177138 192 207 78
0.53544760 -0.16181472 0.18304081 206 221 96
0.56613100 -0.16093028 0.21090476 175 201 48
0.56761551 -0.15757664 0.21048625 151 164 74
0.56232798 -0.16351397 0.21105184 167 204 12
0.53295600 -0.16560045 0.18581191 166 196 12
0.59467113 -0.17679131 0.21536596 128 149 28
0.59586573 -0.17459343 0.21163096 94 120 11
0.57035959 -0.15487216 0.21096496 131 151 26
0.56825048 -0.15403259 0.21034794 149 169 38
0.58709085 -0.16558120 0.22252701 127 159 34
0.60786897 -0.17575328 0.19030710 97 116 71
0.60679245 -0.17998666 0.18936460 74 102 17
0.53350049 -0.15677613 0.16976228 189 204 77
0.53234500 -0.15528412 0.15993625 181 197 62
0.57755101 -0.16694826 0.22985764 158 185 18
0.60935813 -0.18438284 0.16179210 71 102 0
0.61003602 -0.18530777 0.15894073 86 117 13
0.59687233 -0.15986091 0.19585383 102 129 74
0.57730675 -0.17451607 0.23082706 135 161 12
0.54094398 -0.16939446 0.20143199 184 219 57
0.54711092 -0.16830494 0.20595828 194 225 69
0.53578234 -0.15959811 0.18132098 199 213 90
0.53418446 -0.15890753 0.17544772 186 200 77
0.64121282 -0.04264068 0.16791004 88 130 20
0.67057228 -0.02242102 0.16680889 90 118 59
0.65818036 -0.02825563 0.16995537 38 75 31
0.67989832 -0.02806210 0.16433285 130 165 111
0.68082869 -0.01906163 0.16483711 99 137 60
0.66240889 -0.02586310 0.16638273 57 95 34
0.66041189 -0.02654055 0.16751757 50 87 36
0.64499032 -0.04080589 0.16720290 56 99 10
0.65923047 -0.03235628 0.17153026 68 89 12
0.65143597 -0.03674573 0.16724372 54 88 14
0.64643246 -0.04009492 0.16734374 52 92 6
0.63858569 -0.04367490 0.16998324 72 118 30
0.64655042 -0.04049129 0.16552593 85 121 33
0.68165070 -0.02839274 0.16145290 179 201 93
0.67251951 -0.02830998 0.16727933 121 148 103
0.67844546 -0.02663971 0.16071244 81 120 31
0.66186112 -0.02917668 0.17129439 76 91 26
0.66790926 -0.02419008 0.16833273 85 109 51
0.67874289 -0.03133836 0.16264406 169 188 160
0.66556394 -0.02770473 0.16140987 36 77 1
0.64800268 -0.03897417 0.16829014 62 97 17
0.64567703 -0.04202849 0.16864301 80 130 0
0.67891270 -0.02857245 0.16069679 116 162 14
0.66689509 -0.03182954 0.16816352 100 125 85
0.66341722 -0.02807619 0.16060711 39 77 2
0.67693788 -0.02412149 0.16622858 121 146 89
0.66124249 -0.03577645 0.16484945 59 92 49
0.64119017 -0.04755277 0.17456765 63 119 22
0.64553082 -0.04289453 0.17070593 72 124 24
0.64048982 -0.04243606 0.16851480 69 114 33
0.65205967 -0.03748187 0.17189646 70 102 27
0.63884068 -0.04842676 0.17483464 56 109 21
0.65301859 -0.03806859 0.16320893 58 93 13
0.65605432 -0.03743186 0.16447285 55 94 5
0.65079898 -0.03986783 0.16845992 65 107 23
0.68393821 -0.02265910 0.16471224 113 146 65
0.67348593 -0.02673889 0.16325776 14 57 1
0.67163169 -0.03011049 0.16693199 89 115 70
0.66523999 -0.03298558 0.16760966 42 70 22
0.66508824 -0.02693551 0.16261628 20 56 0
0.68628705 -0.02120548 0.16403230 129 162 73
0.67704368 -0.03299629 0.16225335 81 95 78
0.57986480 -0.08668213 0.17439491 70 104 27
0.59856868 -0.08000340 0.17953007 145 195 100
0.59510547 -0.08339895 0.17913608 147 195 96
0.58452225 -0.09066667 0.17788583 113 158 63
0.61865371 -0.06275968 0.17866349 114 166 84
0.61646742 -0.06395862 0.17874470 137 186 104
0.62665910 -0.06134662 0.18127541 121 177 76
0.59791768 -0.09404734 0.17660049 144 182 17
0.60111785 -0.09231963 0.17751375 82 120 0
0.63421798 -0.04737250 0.17260471 69 116 35
0.56636375 -0.10342027 0.16321410 112 122 113
0.62423003 -0.05838883 0.17861964 97 149 67
0.62555248 -0.06054898 0.18029636 120 171 78
0.59448004 -0.07065415 0.17144577 94 122 71
0.59408998 -0.07075508 0.17292441 134 167 80
0.61648983 -0.06216194 0.17893173 118 167 88
0.58427751 -0.09227987 0.17053826 103 168 2
0.58419579 -0.09307528 0.17097564 127 188 23
0.53084528 -0.14076824 0.12650560 61 90 23
0.52980256 -0.14210732 0.12409968 75 98 10
0.59615558 -0.07035074 0.17860542 94 151 38
0.55224681 -0.12083223 0.16340092 62 107 2
0.60559171 -0.05959449 0.18170717 134 159 76
0.57368481 -0.09257086 0.17507453 118 150 51
0.61260319 -0.06947710 0.17939678 113 167 73
0.61364567 -0.07212601 0.17979765 108 165 62
0.59509468 -0.10005834 0.17955659 107 131 35
0.57935888 -0.09079348 0.16946651 111 131 78
0.60382760 -0.06822930 0.18138897 84 135 32
0.58277601 -0.08594196 0.17188558 108 132 96
0.59036463 -0.09918045 0.17952551 123 176 32
0.58761102 -0.08084871 0.17381380 61 91 41
0.60939586 -0.07083403 0.17942356 120 170 75
0.60871994 -0.07553717 0.17938526 108 164 57
0.57034081 -0.09451460 0.17669629 109 152 44
0.57475311 -0.09653856 0.17671350 105 146 40
0.57871419 -0.09607617 0.17620613 104 145 49
0.56884736 -0.09756089 0.17482659 93 140 24
0.57611102 -0.08938523 0.17512847 127 162 44
0.56573915 -0.10118425 0.17169125 104 150 28
0.60007340 -0.06446413 0.17961870 125 172 42
0.62939543 -0.06537434 0.18268700 124 171 13
0.54432982 -0.12773430 0.14924762 113 148 46
0.62439281 -0.06428623 0.17531732 97 161 4
0.61758196 -0.07245182 0.17876722 117 169 71
0.62027323 -0.06871728 0.18066524 109 163 67
0.59406567 -0.09808629 0.18141602 68 97 15
0.59172928 -0.08290415 0.17941703 129 181 81
0.60958701 -0.05590865 0.17879543 128 170 44
0.60950166 -0.05815290 0.17583129 116 146 56
0.59780270 -0.08993972 0.17991918 119 181 58
0.55658698 -0.11907430 0.16242230 67 109 1
0.55848491 -0.11474463 0.16328323 50 89 8
0.55861747 -0.11303551 0.16487220 58 95 0
0.61697936 -0.05645987 0.17907599 98 144 72
0.62942666 -0.05367993 0.17757167 90 139 57
0.62427962 -0.05710902 0.17793387 118 167 88
0.56906813 -0.09721248 0.17049441 168 195 98
0.62147850 -0.07096383 0.17886838 193 213 114
0.61666328 -0.07467150 0.17741847 135 163 53
0.59971410 -0.09411655 0.17927891 90 103 21
0.53065389 -0.14138730 0.12832262 48 87 8
0.58089870 -0.08325779 0.17756113 99 139 42
0.63136530 -0.05076011 0.17440750 86 135 54
0.63342857 -0.04966310 0.17461494 89 136 55
0.60009891 -0.07647302 0.17983489 96 145 56
0.56747383 -0.10390791 0.17139977 119 162 46
0.60350776 -0.06731731 0.18144785 109 159 62
0.54745674 -0.12468669 0.15610386 92 132 17
0.60711765 -0.05767673 0.17891647 131 166 62
0.54724121 -0.12559552 0.15400879 103 139 29
0.55703223 -0.11470865 0.16660389 89 127 26
0.60598522 -0.08240647 0.17832275 79 139 43
0.60053134 -0.08844362 0.17806351 118 171 67
0.61543119 -0.05189806 0.17531134 114 147 94
0.53864884 -0.13262780 0.13754702 71 106 22
0.59147853 -0.07923625 0.17925239 114 167 59
0.60428929 -0.07175676 0.18067695 87 138 45
0.61088610 -0.06729478 0.17986608 123 175 90
0.54935163 -0.12336345 0.15926029 116 158 48
0.54896712 -0.12478924 0.15404585 98 135 42
0.61453241 -0.05359041 0.17753264 85 125 62
0.61398363 -0.05578548 0.17929037 101 144 73
0.56667972 -0.10004820 0.16649771 138 172 78
0.58220679 -0.09801902 0.17714147 156 197 79
0.58082682 -0.09935170 0.17660595 165 203 90
0.59488571 -0.07413765 0.17921622 118 174 47
0.63815361 -0.05001603 0.17626996 69 124 23
0.55352074 -0.12062104 0.16069713 78 117 11
0.53550833 -0.13679920 0.12963408 91 116 59
0.61350733 -0.06167044 0.18010986 96 146 59
0.60105318 -0.06347296 0.17999703 113 156 40
0.60699707 -0.05989386 0.18046106 133 165 90
0.56306022 -0.10121379 0.16938591 102 137 43
0.62344712 -0.05627026 0.17683068 104 150 75
0.62542701 -0.05481958 0.17611741 102 148 75
0.55683392 -0.11800592 0.16320680 94 130 32
0.61160094 -0.05606351 0.17434984 135 162 91
0.53996909 -0.13187072 0.14485194 110 157 65
0.54306161 -0.13150819 0.14845370 98 142 47
0.57003582 -0.10083923 0.17362890 113 157 36
0.62396157 -0.06912244 0.18033102 118 124 88
0.57022160 -0.09981310 0.16506086 112 140 79
0.57605386 -0.09696098 0.16777676 124 175 38
0.57843465 -0.08631403 0.17984143 77 121 32
0.59512031 -0.09036843 0.17950219 147 207 60
0.58851570 -0.09559996 0.17871824 151 202 63
0.58951992 -0.07606891 0.17646728 115 167 56
0.53880918 -0.13189501 0.14115682 32 75 0
0.58699059 -0.09089325 0.17806336 151 196 95
0.58486044 -0.09201635 0.17768101 117 161 66
0.58032191 -0.09241030 0.16969956 110 140 52
0.54414636 -0.13134336 0.14979030 95 139 42
0.62194717 -0.07213007 0.17688172 121 172 5
0.59099501 -0.09525732 0.17986664 141 195 49
0.57877463 -0.09165609 0.17841493 126 176 45
0.57719892 -0.09031287 0.17130661 132 152 99
0.56271476 -0.10844922 0.16219901 38 64 16
0.55821609 -0.11666948 0.16200271 33 71 0
0.60383290 -0.06257638 0.18267243 111 164 48
0.59889555 -0.08595910 0.17982577 109 169 47
0.60215998 -0.08219852 0.17968953 104 163 53
0.56552637 -0.10775706 0.16140532 139 128 124
0.62855846 -0.06757012 0.18170725 129 169 10
0.57995874 -0.08426397 0.17641684 94 125 49
0.59847164 -0.06694981 0.17548594 144 177 90
0.56491345 -0.10435420 0.17083554 131 171 57
0.59226412 -0.08558147 0.17888220 150 197 103
0.47591159 -0.18168578 0.19404854 198 216 68
0.47599059 -0.18393478 0.19838803 157 188 50
0.45174599 -0.21377279 0.20650086 130 167 2
0.47947872 -0.19307834 0.19357561 87 124 0
0.50024092 -0.16332461 0.16514884 212 235 85
0.46495456 -0.19560425 0.21411069 143 168 14
0.48483157 -0.19801156 0.19343880 132 158 0
0.45811138 -0.20823301 0.20736317 96 127 7
0.47444600 -0.18254527 0.18991421 157 179 34
0.45530981 -0.20138860 0.21744518 152 182 48
0.46258917 -0.19610550 0.21619692 149 180 53
0.48399717 -0.18010904 0.18821841 172 203 65
0.48632681 -0.17888463 0.18554105 164 199 53
0.46956849 -0.19031957 0.20648363 157 181 9
0.47396728 -0.18670397 0.19912341 136 167 3
0.48026264 -0.19187136 0.19125602 82 116 0
0.46791670 -0.18634292 0.19969130 199 220 53
0.46876287 -0.18601230 0.19967093 186 209 41
0.50571382 -0.16216114 0.15994622 122 145 2
0.47365311 -0.19788297 0.19843739 130 161 6
0.47278762 -0.18852608 0.20400976 160 191 36
0.47686657 -0.18865204 0.19972676 135 170 26
0.50116509 -0.16410385 0.16571358 197 223 72
0.48119137 -0.19740126 0.19389486 145 175 0
0.45691305 -0.21028636 0.20640583 140 177 1
0.44582424 -0.22536281 0.20984967 139 179 5
0.44195223 -0.21927439 0.20914297 188 222 11
0.47710893 -0.18665417 0.18943578 175 203 20
0.47735462 -0.18756595 0.18616979 146 177 0
0.47516352 -0.18253660 0.18574075 80 104 0
0.45450816 -0.20677628 0.21179602 135 166 0
0.45663777 -0.20832063 0.20937216 100 132 9
0.47674242 -0.19079898 0.19360405 96 132 0
0.47680396 -0.18863413 0.19568545 146 173 8
0.44635716 -0.20741417 0.21462487 192 215 10
0.46031928 -0.20332646 0.21037930 158 190 53
0.46523416 -0.20107180 0.20825070 142 178 30
0.45816556 -0.21308754 0.20345068 127 153 0
0.46952349 -0.20713015 0.19257769 101 132 0
0.50063598 -0.18253380 0.17798188 152 181 11
0.50441211 -0.17814557 0.17093593 125 159 0
0.47971714 -0.18042494 0.18158597 133 158 5
0.48009983 -0.18023197 0.18119846 133 157 7
0.46687409 -0.19928204 0.20536052 128 160 14
0.47397721 -0.19546954 0.20010599 101 138 9
0.46904787 -0.19747864 0.20422338 116 148 2
0.44580594 -0.21020132 0.21367204 201 225 7
0.45269307 -0.20570251 0.21329005 161 185 1
0.49645901 -0.17201458 0.17416377 171 205 48
0.49566799 -0.17515799 0.17639421 141 181 23
0.49942896 -0.17151551 0.17182453 145 183 22
0.48550224 -0.18485963 0.18938904 129 174 31
0.48375678 -0.18347971 0.19034676 162 209 45
0.44542435 -0.22554579 0.21001238 134 173 6
0.49097386 -0.18324092 0.18386315 149 186 91
0.49523747 -0.17575835 0.17701168 140 179 24
0.45431873 -0.20408055 0.21549684 171 196 66
0.46958664 -0.20279229 0.19961192 122 158 8
0.46120113 -0.20863400 0.20486814 138 174 2
0.45808339 -0.20272380 0.21172218 141 162 0
0.46128067 -0.20034181 0.21188857 154 172 10
0.46923554 -0.20138007 0.20116171 140 174 17
0.47112727 -0.19728029 0.20200928 78 114 0
0.46671239 -0.20215192 0.20351258 95 128 0
0.47323114 -0.20405851 0.19720642 115 147 4
0.46666068 -0.20815955 0.19445156 107 140 7
0.46550542 -0.20864511 0.19238694 91 123 0
0.46305773 -0.21083099 0.20106480 83 107 0
0.46971908 -0.19280045 0.20724015 165 188 20
0.46691522 -0.19606711 0.20839329 120 146 0
0.46485284 -0.19527669 0.21116512 108 134 1
0.44246903 -0.22248662 0.20882860 177 209 20
0.48485482 -0.17605452 0.17216547 111 144 0
0.48189461 -0.17968991 0.18347329 163 177 6
0.48281577 -0.17975388 0.18389618 162 179 3
0.47931886 -0.18176752 0.19339414 155 184 44
0.47841400 -0.18322621 0.19521485 182 214 68
0.46187487 -0.19686656 0.21595865 169 193 73
0.48740813 -0.19357257 0.19268602 157 188 6
0.46437806 -0.20758323 0.20571041 145 181 93
0.47028157 -0.20491546 0.20158063 104 140 44
0.46503878 -0.20945787 0.20524724 117 155 56
0.44366741 -0.21184596 0.21311525 210 234 14
0.44618255 -0.21381280 0.21167088 156 191 3
0.44362679 -0.21743491 0.20995350 131 164 25
0.49189639 -0.18361984 0.18366742 155 193 90
0.49415421 -0.18060829 0.18032631 147 183 85
0.49706879 -0.17955601 0.17822610 158 197 88
0.45628101 -0.21644428 0.20160004 111 151 0
0.47587088 -0.19688347 0.19806631 147 181 95
0.47497264 -0.19485511 0.19936952 117 156 37
0.48944068 -0.17583029 0.17974009 148 183 19
0.48803392 -0.17465436 0.17628130 183 202 32
0.49498603 -0.16985537 0.17251174 197 225 65
0.49693239 -0.16694131 0.16854684 210 235 71
0.46695739 -0.19155106 0.21215205 142 189 49
0.48744798 -0.17409500 0.17372437 204 225 62
0.48633805 -0.17481805 0.17307235 148 180 9
0.45532000 -0.20344380 0.21344545 176 195 17
0.45657718 -0.21647784 0.20133781 127 167 8
0.46724570 -0.19360350 0.21274982 174 210 24
0.46809530 -0.19247369 0.21132724 176 210 36
0.47355148 -0.19371255 0.20156643 139 174 22
0.47037148 -0.19612905 0.20553230 135 168 15
0.46631917 -0.20059896 0.20646921 136 168 43
0.46020588 -0.20706159 0.20590553 105 137 4
0.47311237 -0.20338422 0.19965447 116 149 44
0.46961614 -0.20077653 0.20219906 149 181 96
0.49977604 -0.16662171 0.16671818 198 214 81
0.49644175 -0.16910121 0.16873012 213 228 87
0.49646285 -0.16854474 0.16840069 204 218 83
0.47364762 -0.19149002 0.20220244 139 168 2
0.48371917 -0.19049345 0.18586420 85 117 0
0.46362266 -0.21087243 0.20261951 121 148 9
0.47528064 -0.18181130 0.18543608 83 110 3
0.47562283 -0.18158324 0.18621151 97 122 2
0.46353960 -0.21017443 0.19931982 137 167 7
0.46480596 -0.21128018 0.19560988 93 111 9
0.46632177 -0.20984454 0.19367990 102 124 23
0.47198018 -0.20759474 0.19282089 114 139 12
0.46295828 -0.21326281 0.19879802 119 144 27
0.47420043 -0.20357507 0.19644980 109 142 0
0.50459898 -0.16942544 0.16421324 125 160 6
0.50288844 -0.16735829 0.16552348 153 185 24
0.46892732 -0.18702075 0.20226063 141 174 23
0.50636005 -0.17487353 0.16650994 136 169 20
0.50618410 -0.17609829 0.16763784 126 159 8
0.50295562 -0.17323509 0.16878088 165 199 50
0.48744205 -0.17751510 0.18245620 152 183 17
0.48072428 -0.20036630 0.19452813 125 153 0
0.47252753 -0.20539917 0.19718523 83 110 0
0.46898234 -0.18764338 0.20144106 189 204 51
0.47196335 -0.18541685 0.19833344 192 212 53
0.48620212 -0.19211933 0.18917537 138 174 4
0.38167036 -0.28081611 0.16814291 110 135 18
0.38189873 -0.27989158 0.17001486 121 143 32
0.41525972 -0.22864200 0.20040828 168 200 27
0.42534354 -0.24919522 0.21011032 121 165 0
0.37817836 -0.28238848 0.16165547 155 167 83
0.40577051 -0.25253564 0.20327954 143 184 30
0.38336042 -0.27798378 0.18153143 136 182 13
0.41295362 -0.25517237 0.20547730 133 180 14
0.37026468 -0.27863014 0.16499016 91 128 25
0.37135884 -0.27960244 0.16189674 73 95 31
0.38908052 -0.24788007 0.21326542 74 103 13
0.43580359 -0.21146014 0.20984963 168 205 4
0.38359332 -0.28138450 0.17446369 125 149 13
0.38307732 -0.27818051 0.17344147 114 147 30
0.43062726 -0.21222025 0.20981860 173 204 48
0.36531135 -0.27735171 0.16496330 85 119 25
0.39014402 -0.28237513 0.19510338 80 125 0
0.39135763 -0.24399246 0.20592105 108 126 18
0.40549058 -0.26457596 0.20657705 141 189 9
0.40443906 -0.26162219 0.20620742 131 178 14
0.38389701 -0.28644422 0.17748927 79 119 4
0.36441264 -0.27041018 0.17283498 114 143 50
0.40892139 -0.25891319 0.20646973 108 156 0
0.37389132 -0.29574454 0.15981345 91 115 1
0.38864905 -0.27115521 0.19426125 133 183 8
0.42821574 -0.22911529 0.20361538 163 195 6
0.43285227 -0.23064215 0.20594051 128 154 1
0.38686556 -0.27189523 0.19293204 135 186 3
0.38400346 -0.27880538 0.19177020 157 178 0
0.41644207 -0.23465419 0.20142300 190 198 1
0.37042093 -0.29651561 0.15080272 85 118 14
0.36677295 -0.28891799 0.15178148 78 112 17
0.38913742 -0.23872063 0.21293883 97 119 11
0.37846863 -0.28738981 0.15795466 217 231 96
0.39942807 -0.26090530 0.20558037 125 174 33
0.38083702 -0.25617003 0.19270992 94 119 18
0.41593018 -0.24972756 0.20361342 96 136 4
0.42440110 -0.21984375 0.20266904 145 190 3
0.43936566 -0.21353425 0.21160004 186 212 1
0.43784791 -0.21171774 0.21135849 168 207 2
0.42752311 -0.21862665 0.20576347 146 180 8
0.38001946 -0.28681383 0.16764781 144 177 36
0.41904938 -0.22619195 0.20564614 145 187 51
0.41533533 -0.26581007 0.20500234 103 138 20
0.42442220 -0.22725789 0.20156465 179 211 12
0.40107989 -0.23571213 0.20383734 89 121 20
0.38714838 -0.26405415 0.18764021 113 146 39
0.38657898 -0.26075870 0.18718693 97 110 64
0.38332468 -0.28957501 0.17237280 80 110 14
0.38336438 -0.28856960 0.17365555 80 110 10
0.42621964 -0.21790238 0.20403469 158 192 80
0.38828242 -0.25897196 0.19083944 83 104 61
0.38742143 -0.25785530 0.19150048 131 149 65
0.39252874 -0.26019260 0.19389373 103 123 60
0.39257038 -0.25747654 0.19799565 196 220 106
0.39072511 -0.25621793 0.19773206 60 87 16
0.38991135 -0.24003972 0.20996489 96 114 4
0.41494292 -0.23086812 0.21047795 153 191 46
0.41407850 -0.23785730 0.20053360 202 218 21
0.38219488 -0.27137914 0.18468718 176 219 5
0.42044845 -0.22402178 0.19944467 132 171 2
0.43037030 -0.23676619 0.20527567 123 157 8
0.41976118 -0.24467152 0.20333605 145 182 17
0.37825903 -0.26710317 0.17834231 94 117 35
0.42579818 -0.24332964 0.20598820 114 159 4
0.42163339 -0.25609669 0.20470029 126 171 10
0.38160118 -0.26091233 0.19682607 97 145 27
0.38431576 -0.26034638 0.19885945 149 200 35
0.41728687 -0.22979982 0.21122745 163 202 35
0.42587090 -0.22327736 0.21019620 148 184 36
0.42649218 -0.22258288 0.20981055 145 182 24
0.41403398 -0.26066539 0.20378372 110 155 12
0.37335607 -0.28655905 0.15545465 82 95 39
0.38884124 -0.24120028 0.21327090 107 126 18
0.41149524 -0.25851387 0.20598231 119 164 11
0.39300793 -0.23761278 0.20567550 177 188 34
0.37716773 -0.25495243 0.19309697 164 191 86
0.38602024 -0.28401747 0.18725663 110 159 8
0.37628612 -0.26624179 0.17784038 108 133 39
0.37277499 -0.26986223 0.17441994 94 124 26
0.37175214 -0.27326491 0.17419182 91 118 13
0.37309191 -0.26852331 0.17452736 107 135 32
0.36454320 -0.26882455 0.17420392 157 169 93
0.38129738 -0.25194326 0.20639467 82 128 0
0.38122666 -0.25173196 0.20668788 80 127 0
0.38551638 -0.28524980 0.18214534 69 113 0
0.38181716 -0.27423829 0.17720114 105 139 18
0.42022133 -0.22432062 0.20507990 151 197 47
0.41509846 -0.23339984 0.20107439 167 180 0
0.36550239 -0.29309261 0.15105607 78 107 27
0.38238683 -0.26228973 0.18378709 138 175 72
0.38199973 -0.27485701 0.18114129 101 143 0
0.43101728 -0.21145777 0.20765597 125 173 1
0.43302569 -0.20783024 0.21070664 140 173 58
0.36491007 -0.27358884 0.16897890 99 136 20
0.36712345 -0.26661971 0.18083638 67 115 16
0.38745967 -0.26772526 0.19048485 176 213 21
0.38879240 -0.26666388 0.19145468 188 226 29
0.42094472 -0.22930682 0.20114024 169 191 2
0.36379963 -0.28933978 0.15703931 85 119 43
0.39344722 -0.26373681 0.19748820 102 138 14
0.39164957 -0.26525080 0.19541129 126 167 29
0.37736699 -0.25171596 0.19875076 184 207 116
0.36461413 -0.26734716 0.17818862 166 199 84
0.36995488 -0.26470312 0.17809601 100 120 51
0.41031966 -0.23032372 0.20386729 152 184 73
0.37174478 -0.28063616 0.16049483 78 93 52
0.38643396 -0.28328249 0.19038565 113 159 11
0.40917942 -0.23801470 0.20243481 145 177 4
0.36033028 -0.28026170 0.16495760 69 102 11
0.41007641 -0.24815403 0.20227620 153 182 0
0.37228176 -0.28619123 0.15522498 112 131 49
0.42388013 -0.24853620 0.20670626 126 167 3
0.36807606 -0.28643143 0.15443908 74 112 25
0.37238267 -0.29104561 0.15216850 99 123 37
0.38190201 -0.24774021 0.20526747 90 117 50
0.40165547 -0.24692047 0.20433228 158 197 10
0.41289124 -0.22748794 0.20137319 107 118 58
0.42406383 -0.21891961 0.20247260 145 179 59
0.42750672 -0.22407199 0.20438814 174 201 2
0.42908770 -0.22340038 0.20512971 195 214 11
0.36219728 -0.28364992 0.16177374 70 110 22
0.42892468 -0.23747973 0.20504995 95 131 0
0.39887634 -0.25006440 0.20536526 149 192 27
0.37202296 -0.29676294 0.15413944 59 91 0
0.36565071 -0.28443047 0.15814091 76 110 26
0.41386983 -0.24684326 0.20184492 159 189 7
0.38167781 -0.27446583 0.18507762 135 181 0
0.40200862 -0.25235924 0.20489497 106 144 23
0.39158350 -0.26940727 0.19792373 116 163 9
0.36270696 -0.27107647 0.18163861 101 156 39
0.41582745 -0.25136280 0.21100357 149 203 57
0.41294426 -0.25623646 0.21023907 120 172 38
0.40864137 -0.23073752 0.20741092 146 191 48
0.37840119 -0.27734351 0.16888981 81 97 9
0.37803674 -0.27657282 0.16936192 104 120 49
0.40399793 -0.23222858 0.20851485 111 157 35
0.40059179 -0.23291172 0.20944984 129 181 18
0.42908370 -0.21486595 0.20748001 141 177 45
0.40359202 -0.24702978 0.20406391 161 195 12
0.42097324 -0.25066108 0.20539410 105 146 0
0.41858563 -0.25138381 0.21124737 146 201 48
0.41378847 -0.25594971 0.21032979 136 188 51
0.37534454 -0.27660498 0.16889293 97 107 70
0.36759493 -0.26625052 0.17589076 97 125 23
0.39259830 -0.24039473 0.21488178 164 216 45
0.39766195 -0.24783368 0.20418166 161 206 17
0.38184428 -0.24654001 0.20350769 168 186 50
0.42092016 -0.24739231 0.20509382 115 156 0
0.38310173 -0.27593675 0.18980454 129 166 1
0.36708418 -0.29750299 0.15027356 61 92 0
0.36397988 -0.29444897 0.15150177 69 103 16
0.38287076 -0.28217927 0.18206267 60 104 0
0.39314950 -0.23461013 0.21178161 94 121 8
0.37889177 -0.25499016 0.20033175 97 146 5
0.37738159 -0.25590736 0.19892940 85 131 0
0.37758696 -0.25589126 0.19903348 93 139 5
0.39142162 -0.24546717 0.20689002 90 108 24
0.39794028 -0.24572696 0.20305605 132 171 4
0.42072621 -0.25982627 0.20584923 135 151 102
0.37078106 -0.28194600 0.15913484 121 143 70
0.40101451 -0.23381306 0.21138681 122 180 33
0.38315102 -0.26923946 0.18440346 136 179 1
0.42304838 -0.23253973 0.20313272 178 199 10
0.42599225 -0.23292546 0.20368609 117 152 0
0.41793713 -0.25915337 0.20838161 125 175 54
0.41860861 -0.26007792 0.20758389 125 172 58
0.42212117 -0.25857088 0.20754768 126 175 50
0.39972323 -0.24154744 0.21425156 150 200 49
0.42812976 -0.21776605 0.20657484 171 204 61
0.37658063 -0.29016069 0.15513679 129 142 62
0.40543509 -0.23984124 0.20228072 134 168 9
0.39119852 -0.27486312 0.19735326 129 173 0
0.37312636 -0.26477200 0.18643226 85 133 34
0.37436655 -0.26221469 0.18732496 93 130 27
0.37691414 -0.25455713 0.19900253 73 121 1
0.37775198 -0.26359078 0.19202805 99 146 16
0.37360898 -0.26287648 0.18526191 111 154 46
0.38251522 -0.25376576 0.19621187 190 214 40
0.38737053 -0.25439960 0.19554599 153 184 46
0.39157644 -0.24974285 0.20151976 126 152 61
0.43212861 -0.21164387 0.20724519 126 173 0
0.39396262 -0.25275776 0.20269665 89 112 42
0.38844380 -0.24776460 0.20353399 120 151 34
0.38657421 -0.25460649 0.19470645 101 134 27
0.38657945 -0.25406149 0.19525465 135 167 32
0.39939621 -0.24236451 0.20171189 100 134 13
0.42984286 -0.21714458 0.20705678 163 195 0
0.43100414 -0.22066355 0.20666592 168 200 3
0.39931861 -0.23618490 0.20405883 108 137 29
0.41215944 -0.24063882 0.20156953 188 221 8
0.42299119 -0.25485763 0.20816699 141 188 50
0.40906262 -0.26460466 0.20681754 158 199 7
0.38027421 -0.28479144 0.16961749 114 144 14
0.38133574 -0.28239039 0.16535936 101 137 13
0.37525779 -0.26065710 0.18387747 75 104 0
0.41859096 -0.23593760 0.20217076 206 218 14
0.42055511 -0.23412986 0.20279185 182 205 1
0.36249927 -0.27114719 0.17222066 120 149 43
0.36213174 -0.27191621 0.17153831 125 152 45
0.42393950 -0.23460025 0.20355453 114 148 0
0.41384742 -0.23739403 0.20057163 194 211 17
0.41085580 -0.23110728 0.19987133 170 198 35
0.42537278 -0.21851569 0.20322557 145 182 6
0.41617987 -0.26303190 0.20254076 112 162 11
0.41262123 -0.26220718 0.20828338 141 192 71
0.38384071 -0.25645179 0.19120789 114 131 60
0.38309455 -0.25724372 0.18920977 93 112 48
0.40911233 -0.23290038 0.21206339 160 204 33
0.38450763 -0.27090278 0.18917553 172 216 31
0.39473024 -0.23399468 0.20987643 122 145 5
0.36318588 -0.28618890 0.16193581 56 92 20
0.37126115 -0.29455724 0.15013333 69 94 0
0.37055135 -0.29519126 0.14968526 61 94 0
0.37872615 -0.26213205 0.18191832 102 118 55
0.39167202 -0.24044107 0.20454541 174 191 37
0.38083562 -0.28502494 0.17366630 75 112 0
0.39030221 -0.24174850 0.21073852 118 144 21
0.37166837 -0.26447994 0.17787817 122 144 36
0.41627729 -0.25930110 0.20363396 117 163 3
0.40799770 -0.25468972 0.20487125 104 154 7
0.42108905 -0.24991779 0.21165061 160 213 47
0.41045365 -0.26892707 0.20591038 98 135 0
0.45009768 -0.22954151 0.20863979 162 190 7
0.44082090 -0.24318299 0.21754371 100 113 25
0.48794645 -0.20098802 0.18951602 160 185 39
0.39344028 -0.26896551 0.20022483 125 163 0
0.43222681 -0.24569681 0.21006203 181 207 22
0.43149984 -0.24530199 0.20966592 157 181 9
0.42766967 -0.24734156 0.20933627 131 167 0
0.38988650 -0.26254043 0.19985850 121 159 58
0.38679999 -0.26448733 0.19748461 114 159 56
0.44665456 -0.23625365 0.21615759 146 181 51
0.49011385 -0.19237763 0.18241480 142 176 4
0.49097008 -0.19359459 0.19147575 192 218 69
0.49124014 -0.19260390 0.19061996 178 207 63
0.39854163 -0.25790629 0.20390558 81 119 6
0.47025526 -0.20841691 0.19954424 99 125 16
0.47403529 -0.20511070 0.19843255 109 134 30
0.43038067 -0.22711203 0.21376239 162 202 90
0.44457647 -0.22968298 0.20979103 159 190 8
0.50043380 -0.18856256 0.17698894 123 154 17
0.50106829 -0.18824364 0.17580253 111 142 4
0.49993956 -0.18388925 0.17945437 146 179 10
0.44104567 -0.23022297 0.21002907 144 180 10
0.39408752 -0.25661868 0.20666501 140 189 46
0.39059621 -0.25540778 0.20631166 158 206 32
0.38871017 -0.25157389 0.21077073 111 157 23
0.46675164 -0.21001706 0.20331566 76 106 10
0.45955777 -0.21536960 0.20727353 114 146 45
0.46174875 -0.21481223 0.20397349 98 126 26
0.49054655 -0.19318041 0.18573248 141 168 0
0.49078813 -0.18894982 0.18813676 168 210 66
0.49041611 -0.19180237 0.19038606 178 212 63
0.39963222 -0.25636047 0.20575824 84 128 7
0.43515280 -0.22683458 0.20722601 156 187 24
0.44609874 -0.23768778 0.21626464 130 158 13
0.43584448 -0.24598490 0.21164037 145 180 16
0.48740029 -0.19577324 0.19290622 167 192 62
0.47907203 -0.20122103 0.19673385 142 173 44
0.48580447 -0.20139056 0.19140948 150 177 36
0.44087273 -0.23927565 0.21214421 144 172 9
0.39357901 -0.27369019 0.20535825 176 227 60
0.40165272 -0.27435157 0.20793484 158 173 68
0.43687236 -0.23994389 0.21052623 139 173 1
0.44498521 -0.23764013 0.21424422 141 173 14
0.39746970 -0.24731143 0.21265985 165 212 54
0.39707428 -0.25315198 0.20861700 132 177 48
0.45399931 -0.22430748 0.20642443 139 176 0
0.45456195 -0.22139724 0.20578772 134 177 0
0.39509237 -0.27469066 0.19935840 112 156 0
0.39312798 -0.27199224 0.20436460 118 170 44
0.39642483 -0.27468076 0.19985548 136 177 13
0.40329668 -0.26786795 0.20448074 111 154 2
0.39989072 -0.26783285 0.20392871 161 199 15
0.39727330 -0.27628615 0.20090103 161 192 10
0.39703688 -0.27036354 0.20175676 123 165 5
0.43522471 -0.23930274 0.20936389 155 193 12
0.43391672 -0.23736082 0.20753764 144 182 0
0.39830974 -0.26376191 0.20456792 138 177 8
0.41012186 -0.26886353 0.20573799 99 140 0
0.38930318 -0.24712791 0.21310666 139 188 45
0.39298880 -0.24384069 0.21429834 156 217 52
0.38761362 -0.24571565 0.21344540 113 132 25
0.43254557 -0.23932146 0.21681722 191 240 50
0.41582754 -0.24105933 0.21209192 160 204 91
0.41932330 -0.23680930 0.21259250 146 192 84
0.41856977 -0.23221210 0.21289974 175 212 70
0.41680646 -0.23490377 0.21260598 194 231 73
0.41468051 -0.24494269 0.21195762 143 194 53
0.42060453 -0.24211754 0.21304461 157 207 48
0.39230976 -0.28061166 0.19690819 124 161 3
0.43893087 -0.22492260 0.21509163 168 204 106
0.42630410 -0.23909092 0.21409330 156 206 57
0.43100649 -0.23012781 0.21447060 167 206 99
0.42944518 -0.23001193 0.21405390 172 212 116
0.43799287 -0.22742380 0.20927648 106 136 0
0.44620189 -0.22340865 0.21413198 143 187 76
0.44124505 -0.22681352 0.21575736 156 201 84
0.44293383 -0.21410426 0.21408625 148 189 71
0.42612579 -0.24346142 0.21383280 146 200 44
0.42840135 -0.24387956 0.21456942 172 223 40
0.48177174 -0.19835371 0.19550943 148 181 50
0.39471701 -0.26415050 0.20007236 89 133 10
0.43586898 -0.24866417 0.21213818 113 147 0
0.40381667 -0.25316894 0.20764168 140 192 56
0.40871528 -0.24696095 0.21129303 152 198 89
0.40649423 -0.24816623 0.21076351 143 190 78
0.40166831 -0.25438324 0.20709558 143 192 66
0.40823597 -0.24902573 0.20991613 152 203 74
0.43381342 -0.22042218 0.21393290 161 201 79
0.43350497 -0.22082905 0.21389192 161 199 77
0.43159458 -0.22907315 0.21442494 168 204 104
0.44401452 -0.23761091 0.22069360 157 202 49
0.43279275 -0.24922973 0.21277463 192 209 115
0.43435150 -0.24939916 0.21246153 124 159 3
0.44110781 -0.23617323 0.22083215 160 212 42
0.43571484 -0.24528475 0.21745190 217 252 98
0.43297955 -0.23939778 0.21713026 188 237 47
0.43814293 -0.21865557 0.21430480 169 209 84
0.43694612 -0.21799378 0.21460102 163 198 82
0.41702038 -0.24647853 0.21190579 144 197 53
0.44148335 -0.24159266 0.22152674 83 94 15
0.43595347 -0.20464195 0.21324147 137 172 46
0.40052041 -0.27206752 0.20213164 122 169 5
0.43567392 -0.23157386 0.21587928 160 203 70
0.43353328 -0.23394430 0.21562958 166 211 56
0.44898081 -0.21672776 0.21267214 159 195 108
0.45086154 -0.21832122 0.21239345 150 195 78
0.44931391 -0.21197578 0.21317825 152 191 76
0.44042212 -0.24300493 0.21555051 170 185 44
0.44359386 -0.23106137 0.21784124 153 194 53
0.44053331 -0.23334867 0.21954635 163 210 52
0.42639202 -0.22340250 0.21041210 147 189 45
0.42339742 -0.23001274 0.21288183 168 208 59
0.39275369 -0.26712155 0.20198406 125 177 14
0.44581881 -0.20386942 0.21589898 188 222 75
0.44234326 -0.20439561 0.21509761 195 217 70
0.38901022 -0.26921013 0.19770159 103 155 21
0.38880512 -0.26652554 0.19810948 108 157 32
0.44070166 -0.20158540 0.21306932 175 194 43
0.45474824 -0.22449221 0.20828533 77 105 21
0.45158312 -0.23069195 0.20891792 130 166 0
0.45810071 -0.22014453 0.20553109 106 131 27
0.44559240 -0.20236349 0.21527481 182 206 6
0.44355908 -0.20821331 0.21496810 187 212 6
0.45570204 -0.21344194 0.21038868 161 201 104
0.45466688 -0.21038607 0.20993382 129 164 72
0.45905888 -0.20767751 0.20814849 124 156 73
0.43611041 -0.23141971 0.20836696 141 172 17
0.48933271 -0.19977319 0.18994194 138 171 40
0.49033582 -0.19444846 0.19186173 189 213 53
0.44903162 -0.20700334 0.21466692 163 192 52
0.44241640 -0.23354873 0.21919990 175 221 71
0.43984416 -0.20688738 0.21040419 162 198 0
0.43923807 -0.20639603 0.20967658 150 194 0
0.40998521 -0.26254556 0.20928891 130 180 47
0.43309736 -0.21663491 0.21225242 154 191 62
0.40596753 -0.26809448 0.20559689 126 170 0
0.45428452 -0.20798717 0.21171905 147 181 68
0.45268840 -0.21048908 0.21129313 143 180 75
0.38950247 -0.27264091 0.19955610 93 142 24
0.39058620 -0.27141953 0.20067443 96 147 26
0.40553278 -0.26826760 0.20940690 165 220 64
0.43030718 -0.24161687 0.20703328 138 181 6
0.39050362 -0.28197205 0.19760729 123 158 16
0.49794403 -0.19426383 0.18687296 154 176 13
0.49946961 -0.19345248 0.18527082 153 176 23
0.39718249 -0.27873009 0.20431615 129 153 31
0.45629334 -0.21891402 0.21026176 119 156 60
0.45732507 -0.21759787 0.20937841 116 154 53
0.44812417 -0.22935833 0.20907564 184 212 13
0.40050063 -0.26883522 0.20846169 181 233 71
0.42976016 -0.24706116 0.21510892 152 211 43
0.42873403 -0.24618764 0.21444409 156 212 43
0.38648182 -0.25351816 0.20716710 142 188 37
0.49248108 -0.19242416 0.17916425 159 190 11
0.47793359 -0.20552860 0.19382840 146 169 37
0.47609785 -0.20497030 0.19654424 118 144 35
0.49019605 -0.19906758 0.18750824 162 190 43
0.49082658 -0.19833082 0.18726416 147 174 17
0.44563547 -0.23423277 0.20999335 161 193 20
0.43212882 -0.24257761 0.20915334 163 199 15
0.39930466 -0.26298478 0.20616183 165 222 45
0.40733266 -0.26110509 0.20854531 131 185 63
0.40141395 -0.26054394 0.20626159 171 225 41
0.44913563 -0.23135388 0.21461906 118 159 67
0.44827607 -0.23250815 0.21582559 112 152 64
0.44507873 -0.20654039 0.21590441 165 200 72
0.45326933 -0.20520641 0.21498516 159 186 53
0.43698078 -0.21452256 0.21409507 161 194 63
0.43760726 -0.20856710 0.21397565 152 189 58
0.49945089 -0.18772675 0.18140955 154 182 10
0.50022185 -0.18933640 0.17904128 153 183 25
0.40730754 -0.24295782 0.21292886 182 226 41
0.41222590 -0.24322119 0.21192838 147 190 83
0.40902838 -0.23882431 0.21302566 169 209 58
0.40293631 -0.24427941 0.21365353 147 195 47
0.48602891 -0.19120884 0.19130684 159 203 80
0.48044863 -0.19435455 0.19499172 142 177 87
0.41285565 -0.23303542 0.21279003 190 228 65
0.40323249 -0.24091537 0.21391958 179 222 47
0.48446402 -0.18970874 0.19080499 152 193 97
0.47979459 -0.19422430 0.19526930 147 180 99
0.39512020 -0.27602535 0.20642887 170 220 59
0.40568516 -0.25499320 0.20815709 127 181 43
0.40992376 -0.25564986 0.20977628 123 175 41
0.40961236 -0.25614306 0.20961778 130 183 39
0.40809342 -0.25204751 0.20931947 141 197 62
0.39585483 -0.26419610 0.20469908 134 188 32
0.39605069 -0.26327685 0.20466018 120 174 34
0.51625645 -0.13751625 0.06751819 245 231 194
0.51397341 -0.13951661 0.06753335 246 231 202
0.51687914 -0.14455096 0.06573346 237 225 203
0.51886415 -0.14325967 0.06608527 240 228 206
0.52193069 -0.14532979 0.06427868 239 223 197
0.51898724 -0.12230112 0.07376858 253 253 253
0.52703154 -0.15687057 0.05977347 214 205 190
0.52236181 -0.13969274 0.06502844 24 24 14
0.52154839 -0.13657065 0.06529233 20 24 9
0.51547748 -0.12933722 0.07224515 255 248 238
0.51696265 -0.13308756 0.06946935 45 38 30
0.51922077 -0.13771681 0.06704123 10 2 0
0.53703326 -0.15398970 0.06466357 203 184 151
0.54124588 -0.15339439 0.06316610 208 191 165
0.51737732 -0.12416256 0.07345184 252 253 248
0.52290881 -0.12176421 0.07048851 135 131 120
0.52903229 -0.15365387 0.06271316 48 35 19
0.52344799 -0.15036540 0.06170499 233 219 193
0.53423607 -0.15531717 0.06296335 207 187 150
0.53463125 -0.15546273 0.06264948 206 186 151
0.53955841 -0.15697452 0.05931282 216 196 163
0.56059998 -0.12217183 0.15748481 125 161 65
0.54878640 -0.13629717 0.14335811 59 99 10
0.58283061 -0.10097463 0.17009538 162 210 88
0.58078969 -0.10107230 0.16952680 92 137 46
0.57407969 -0.10800225 0.16666122 140 191 98
0.54516566 -0.12978305 0.15283869 95 139 42
0.56813002 -0.11596019 0.16075863 136 184 62
0.58958429 -0.10124024 0.17475682 87 137 2
0.58706164 -0.10165887 0.17309418 150 200 25
0.57193625 -0.10017528 0.16498427 144 192 57
0.55211031 -0.12824823 0.15197061 140 182 20
0.58549225 -0.10335619 0.17228045 134 185 46
0.57689559 -0.10609026 0.16818158 141 192 73
0.57116878 -0.11342942 0.16376930 135 181 56
0.58766943 -0.10050007 0.17680207 129 175 43
0.58515978 -0.09722045 0.17123741 171 215 117
0.54280537 -0.13353372 0.14112802 131 160 78
0.54562384 -0.13609877 0.14290529 104 143 0
0.54390049 -0.13979506 0.13992639 109 147 38
0.57934976 -0.10677104 0.16909401 116 171 17
0.55626440 -0.12186284 0.15897241 180 195 166
0.55696493 -0.12120293 0.16158617 140 182 80
0.56131774 -0.11969789 0.16451108 146 191 72
0.58706844 -0.09638496 0.17197864 129 178 52
0.54071748 -0.13880700 0.13693714 125 149 51
0.56288284 -0.11894925 0.16559455 140 186 62
0.56242990 -0.11554764 0.16567005 155 191 91
0.54335344 -0.13043956 0.14390098 94 126 41
0.57110691 -0.10444708 0.17201856 101 135 38
0.56750184 -0.11927155 0.16535641 148 186 67
0.54666209 -0.13457586 0.14488246 78 118 0
0.59277272 -0.09916148 0.17641760 113 159 11
0.55410492 -0.12337092 0.15723269 170 189 144
0.54841882 -0.13052823 0.14974907 113 155 9
0.55453241 -0.12182036 0.15975553 117 157 61
0.57027453 -0.10876960 0.16251001 143 199 46
0.57675540 -0.10671636 0.17278489 134 174 39
0.53965092 -0.13844573 0.13631591 90 113 43
0.54143560 -0.14230640 0.13577709 120 150 38
0.53329474 -0.13915837 0.13222706 58 95 17
0.53638786 -0.14093147 0.13455383 69 107 24
0.54652047 -0.13496941 0.14806108 101 142 36
0.54715437 -0.13723865 0.14514937 75 102 25
0.53547436 -0.13727672 0.13625206 58 100 14
0.54002535 -0.13632683 0.14187095 86 123 28
0.53711623 -0.14531210 0.12945957 82 109 30
0.54541856 -0.14003493 0.14103784 71 105 21
0.53614193 -0.13877386 0.12738761 85 98 55
0.57701761 -0.09854244 0.16841207 150 198 34
0.54915559 -0.13446878 0.14905980 74 111 8
0.54174012 -0.13750657 0.14245187 117 154 59
0.55192453 -0.13251559 0.15233579 82 116 21
0.55527079 -0.12917966 0.15698184 116 153 57
0.57301319 -0.11371210 0.16589837 173 217 104
0.54194748 -0.14004746 0.13994080 100 143 35
0.54486239 -0.13251291 0.14470246 98 132 22
0.55189955 -0.12779151 0.15738106 143 188 85
0.54416597 -0.13378339 0.14299539 108 143 27
0.55248761 -0.13080260 0.14966434 99 140 2
0.53581500 -0.14664705 0.12835893 80 111 35
0.58001667 -0.10034817 0.17614545 159 199 84
0.58204013 -0.10019401 0.17675480 149 191 67
0.57710075 -0.10820861 0.17065080 88 125 11
0.58366299 -0.10309330 0.17477117 119 155 31
0.55482954 -0.13043025 0.15238962 135 177 51
0.56325769 -0.11427414 0.15943943 143 169 124
0.56114614 -0.11704828 0.15937564 141 154 134
0.56493515 -0.11970127 0.16602628 144 185 65
0.55076283 -0.13420443 0.14727664 57 92 28
0.56223398 -0.12343648 0.16228268 106 132 31
0.53852320 -0.14235961 0.13523160 86 125 42
0.57344103 -0.10962294 0.17075528 135 172 43
0.57202065 -0.11104979 0.17023879 139 178 51
0.56466007 -0.11270131 0.16736974 147 181 84
0.56699663 -0.11639955 0.16798851 141 186 57
0.53501081 -0.14336592 0.12282066 71 87 24
0.53440958 -0.14523093 0.11936293 133 144 102
0.54717588 -0.13775685 0.20916620 183 207 21
0.56606334 -0.13518828 0.23136486 153 200 26
0.53654188 -0.15455928 0.17738211 151 171 46
0.54956192 -0.13187063 0.22492267 181 215 33
0.57403368 -0.13250743 0.22721788 158 182 46
0.54606974 -0.13165128 0.22115520 131 155 5
0.54089636 -0.13180353 0.21586385 170 205 17
0.52734768 -0.13935691 0.20491509 155 185 3
0.52188796 -0.14476335 0.17578551 102 129 12
0.52575105 -0.14531164 0.17386603 136 161 33
0.52166802 -0.14720303 0.16742338 94 117 11
0.51899016 -0.14824380 0.16816707 119 140 49
0.52661771 -0.14521709 0.18676783 157 177 64
0.53360498 -0.14929092 0.18117628 146 169 1
0.53219992 -0.14845781 0.18075176 164 187 34
0.51449013 -0.14469916 0.18759088 118 144 45
0.51547933 -0.14421263 0.18404205 84 110 11
0.53575408 -0.15166326 0.17748366 111 137 27
0.53628206 -0.13978328 0.21049140 165 195 1
0.53484434 -0.14013381 0.20891832 167 198 8
0.53360945 -0.14934018 0.18096024 146 169 1
0.51488554 -0.14388913 0.19620663 98 126 7
0.51729906 -0.14320540 0.19681668 132 164 37
0.53290641 -0.15009870 0.17174311 104 134 2
0.52719760 -0.14562713 0.17473699 155 177 51
0.52679694 -0.14550516 0.17290226 153 178 51
0.53070140 -0.14658782 0.18655334 174 191 61
0.55165732 -0.14316531 0.20561831 179 202 10
0.53034633 -0.14856257 0.16364622 125 150 33
0.53078896 -0.14887191 0.16162303 114 139 22
0.55469686 -0.13692991 0.22091964 184 212 5
0.56974387 -0.13596413 0.23312052 162 210 40
0.56779373 -0.13088585 0.23202781 131 167 7
0.56143558 -0.13942669 0.22927539 190 229 62
0.54157007 -0.13182758 0.21632993 166 203 0
0.53616774 -0.13594680 0.21290711 174 205 26
0.56483018 -0.13090011 0.23104799 137 174 8
0.52525425 -0.14648820 0.15712145 128 145 39
0.55678785 -0.13715866 0.22002487 175 203 0
0.55964410 -0.14146027 0.21596727 175 199 25
0.52139413 -0.14454095 0.18111987 95 122 15
0.52379608 -0.14485741 0.18210821 94 119 15
0.52624059 -0.14566545 0.13493252 112 133 16
0.54491961 -0.15471184 0.19741051 176 202 5
0.50863039 -0.15508743 0.20994605 110 139 13
0.57467479 -0.13298412 0.22388066 148 170 62
0.54982108 -0.13085069 0.22328402 138 162 22
0.53764325 -0.13707837 0.20387278 191 212 47
0.52687627 -0.14348635 0.19872548 174 203 27
0.53211075 -0.14175291 0.20432927 172 199 22
0.53667235 -0.14778897 0.19300362 180 202 57
0.53498709 -0.14654024 0.19696361 163 185 38
0.53914303 -0.14561155 0.19978741 149 175 14
0.58055586 -0.13775328 0.22224301 99 124 6
0.54085016 -0.15191589 0.19079810 138 158 59
0.55504966 -0.14755885 0.20696345 172 192 17
0.51515812 -0.14907342 0.17615661 88 114 5
0.54383987 -0.13409129 0.21776894 187 214 37
0.53874218 -0.15009004 0.19385473 151 180 12
0.54086280 -0.14933458 0.19726178 151 179 9
0.53317457 -0.14619991 0.19609469 175 196 59
0.54009283 -0.15181458 0.18816416 134 158 60
0.51662368 -0.14145797 0.20146593 115 144 25
0.51889074 -0.14264870 0.19742757 139 165 42
0.51726943 -0.14157583 0.20083643 110 140 16
0.53228086 -0.15218273 0.15992634 110 136 1
0.52692765 -0.14490323 0.19428597 153 178 51
0.54223967 -0.15291999 0.19584186 155 178 70
0.53514498 -0.14415802 0.19964907 175 195 48
0.54088950 -0.14044774 0.20102456 156 181 17
0.52985018 -0.14480650 0.19686249 185 204 79
0.53513581 -0.15340276 0.17269410 137 159 48
0.53147238 -0.14708926 0.12834480 84 110 19
0.53374571 -0.13913421 0.20733465 172 202 18
0.54831100 -0.13116689 0.21903059 186 218 10
0.55227685 -0.13368088 0.22094360 171 203 8
0.52712840 -0.14728701 0.14723632 114 138 28
0.52412891 -0.14238349 0.19674335 152 181 15
0.53240681 -0.15366760 0.15940113 136 158 15
0.53323841 -0.15376109 0.16758071 128 151 21
0.53256875 -0.13855352 0.21008013 159 188 0
0.53307605 -0.14588813 0.19736955 164 184 50
0.58336800 -0.14494568 0.22037935 94 121 40
0.54570448 -0.13591456 0.21309404 191 214 22
0.54959905 -0.15707111 0.20610470 171 200 12
0.54533195 -0.13905837 0.20182140 177 199 26
0.53586608 -0.13848232 0.21206783 158 190 0
0.54400980 -0.14026155 0.21400020 175 200 10
0.51173741 -0.14405824 0.20712174 110 140 8
0.50923568 -0.14348468 0.21044348 103 131 10
0.50509441 -0.15343465 0.21908492 103 127 5
0.52366102 -0.14664671 0.14279914 119 139 26
0.50320792 -0.14974476 0.21804833 97 123 0
0.51952446 -0.14669299 0.14957938 131 153 53
0.52898544 -0.14792250 0.15459383 123 147 23
0.50826269 -0.15122662 0.20979480 97 127 3
0.55543476 -0.15400580 0.20807199 154 191 0
0.55616891 -0.15100260 0.20707783 138 170 9
0.52650106 -0.14678110 0.15693651 123 142 26
0.51349121 -0.14738518 0.19831365 77 109 0
0.56915337 -0.13873076 0.21300888 129 149 50
0.56666565 -0.13511102 0.21766068 151 171 60
0.55364418 -0.14132002 0.21005286 176 195 28
0.55125463 -0.14781845 0.20641880 178 200 29
0.54975390 -0.15050577 0.20709240 167 191 15
0.55797017 -0.14709131 0.20802657 170 194 22
0.59202623 -0.15787888 0.20838244 92 117 23
0.59343344 -0.16622467 0.21177898 95 124 44
0.59124291 -0.16347414 0.21335678 115 144 78
0.57658851 -0.13575445 0.23100773 169 204 76
0.56989199 -0.13030840 0.23038764 145 165 32
0.57876730 -0.13856670 0.21532775 115 134 16
0.58232737 -0.14373882 0.21177146 151 162 40
0.58202875 -0.14113693 0.21549504 155 176 59
0.55431652 -0.13021262 0.22206189 160 185 6
0.58167690 -0.13859120 0.22706531 90 116 29
0.53508174 -0.14246784 0.20478420 194 217 39
0.53988373 -0.14274409 0.20745702 173 203 11
0.53835446 -0.14233877 0.20724650 183 203 17
0.54642528 -0.15384376 0.20455036 153 184 5
0.55047405 -0.13737108 0.22018023 154 189 11
0.57540876 -0.14661831 0.21092890 143 160 20
0.57927769 -0.14648217 0.21042073 127 152 22
0.57923120 -0.14526188 0.20992573 133 156 16
0.51367337 -0.14538230 0.19931534 91 123 0
0.54393977 -0.14524227 0.20809321 180 209 23
0.54529518 -0.15247552 0.20466109 159 185 16
0.53889143 -0.14569767 0.20166528 152 176 2
0.54295272 -0.14699367 0.20567073 185 214 28
0.54770416 -0.15436889 0.20624830 175 202 59
0.56823969 -0.15072595 0.21043608 119 151 52
0.57026774 -0.14277589 0.20975451 140 158 50
0.59114861 -0.15613858 0.20902430 118 142 44
0.58592600 -0.15004671 0.21687683 92 121 41
0.51892638 -0.14525811 0.14263596 148 166 54
0.56830925 -0.14556022 0.23318715 180 215 71
0.57099408 -0.14112405 0.23375985 169 207 70
0.56349307 -0.14622369 0.23099542 194 232 67
0.56997371 -0.14167450 0.23336093 170 207 68
0.54178536 -0.13708010 0.20589463 187 209 39
0.53500491 -0.13814220 0.20596716 181 205 21
0.58370894 -0.14299262 0.21601748 74 103 21
0.54343057 -0.14972685 0.20212415 170 193 14
0.58781540 -0.15145561 0.21025704 94 117 35
0.58731639 -0.15015198 0.21349484 106 128 53
0.53806424 -0.13173370 0.20915516 173 201 21
0.58318645 -0.15743972 0.22305994 117 152 72
0.57765222 -0.15461035 0.22880277 128 161 57
0.58215171 -0.15157858 0.22421364 126 156 66
0.58456594 -0.15963030 0.22160612 125 155 83
0.58210957 -0.15213995 0.22424865 118 146 59
0.58527648 -0.15448990 0.21974468 111 142 62
0.58601362 -0.15749708 0.21896571 120 150 52
0.58326364 -0.14959016 0.22251806 96 126 52
0.58589447 -0.15689458 0.21906890 132 161 53
0.56168914 -0.14544639 0.21224244 142 165 25
0.56225067 -0.14828715 0.20950536 166 189 47
0.54421389 -0.15240359 0.20079416 141 167 40
0.54637337 -0.13721694 0.20537606 167 190 14
0.54284036 -0.13428655 0.21324867 165 193 10
0.58092046 -0.14503217 0.20981620 111 135 21
0.58031243 -0.14264773 0.21146764 164 179 52
0.54921973 -0.14316007 0.20381795 170 196 11
0.54839420 -0.14152317 0.20245081 174 200 41
0.56022990 -0.13767476 0.22846550 175 215 41
0.55785775 -0.13793266 0.22693050 172 211 30
0.55324715 -0.14210729 0.21548003 180 210 16
0.56752765 -0.13120252 0.22045478 130 151 48
0.56761956 -0.13411944 0.21825954 131 148 42
0.54131442 -0.15381451 0.18957672 147 180 31
0.52031845 -0.14819723 0.15807468 119 133 45
0.51877207 -0.14919138 0.16411105 121 144 53
0.57223344 -0.13200122 0.22069205 163 178 61
0.57384610 -0.13243431 0.22254547 120 143 63
0.54858744 -0.13927107 0.21667132 184 208 8
0.53694606 -0.15271591 0.17801286 132 152 55
0.50126672 -0.14872539 0.21992850 104 130 3
0.57405102 -0.14562920 0.23199746 139 177 78
0.57105410 -0.15331806 0.23557249 147 180 89
0.57166576 -0.14266825 0.23408498 174 211 79
0.57886446 -0.14968543 0.22762467 142 173 54
0.56562734 -0.14412662 0.21117237 168 183 64
0.56469768 -0.14392513 0.21183178 173 185 83
0.54106629 -0.13146994 0.21329333 163 193 9
0.55686814 -0.13498598 0.22608405 184 225 43
0.57972652 -0.13660283 0.22700620 100 126 3
0.51002842 -0.14831239 0.20924270 108 136 23
0.50771332 -0.14559153 0.21246077 98 126 3
0.56532675 -0.12913743 0.22865285 147 167 20
0.51196247 -0.14854777 0.20605882 107 134 27
0.51276904 -0.14989904 0.20153847 85 116 0
0.56899726 -0.14144106 0.21030810 134 152 50
0.56314933 -0.14033717 0.21483858 156 184 37
0.56023240 -0.13080293 0.22152050 173 193 33
0.55805540 -0.14148587 0.21619672 184 208 22
0.55054444 -0.13921817 0.20907167 147 176 6
0.56281394 -0.12925063 0.22739623 131 151 17
0.53143817 -0.15210405 0.15290323 126 148 13
0.52967358 -0.14822026 0.15457827 123 147 27
0.55777502 -0.14258954 0.21258886 158 184 1
0.54797471 -0.13852821 0.21272437 182 204 18
0.58154440 -0.13846451 0.21919090 128 152 28
0.54828846 -0.13651040 0.21905519 171 204 3
0.54535592 -0.13744572 0.20792384 160 185 5
0.52602422 -0.14580649 0.13878629 108 134 11
0.51482278 -0.14920917 0.18583338 98 123 5
0.52162522 -0.14430524 0.18983634 89 119 21
0.52030653 -0.14434108 0.18483682 87 116 24
0.53215933 -0.14376716 0.20015800 208 224 92
0.55501503 -0.15062447 0.20677747 164 193 5
0.57826471 -0.13943866 0.22995889 130 169 62
0.58102798 -0.14369507 0.22663033 109 140 47
0.57589573 -0.13963225 0.23130770 141 179 57
0.51511145 -0.14703673 0.18329297 105 133 23
0.51775551 -0.14680526 0.17567562 91 116 24
0.55457681 -0.13072804 0.22691765 206 238 43
0.52417326 -0.14702468 0.14637969 117 140 32
0.52921444 -0.14774394 0.13792542 121 142 23
0.52832520 -0.14691499 0.13281293 110 129 4
0.55837452 -0.12981878 0.22611523 169 190 53
0.52287412 -0.14739658 0.15329982 124 141 47
0.51342702 -0.15098999 0.19376116 98 128 16
0.51353383 -0.15072130 0.19315973 102 130 17
0.54799354 -0.14553411 0.20414215 162 183 0
0.52665949 -0.14010879 0.20315397 169 200 19
0.55330563 -0.14113575 0.20584773 183 203 30
0.53132176 -0.14911808 0.16895825 121 144 1
0.52695197 -0.14618377 0.16676620 130 151 32
0.53829741 -0.12062832 0.07359266 191 207 134
0.54017228 -0.12047804 0.07761262 56 84 10
0.53833538 -0.11709356 0.08117566 70 95 11
0.54578298 -0.10633679 0.09001412 142 156 58
0.54767948 -0.11034655 0.09006847 83 110 17
0.54345822 -0.11431978 0.08397660 73 104 10
0.54894513 -0.10342612 0.09500036 122 144 35
0.54229343 -0.10679712 0.08801030 130 129 37
0.54174614 -0.11149924 0.08541609 89 118 10
0.54960603 -0.09570933 0.09701661 165 158 70
0.54768282 -0.09912484 0.09215265 146 156 23
0.54772836 -0.13847923 0.06689536 21 23 18
0.54251987 -0.10902807 0.08107997 112 63 49
0.53922981 -0.12168310 0.07038104 135 147 85
0.54386836 -0.10468154 0.08619767 161 133 86
0.53631228 -0.13043314 0.06008564 31 37 9
0.53850800 -0.12590854 0.06364912 116 113 70
0.54121715 -0.12896691 0.06166710 238 213 183
0.54514420 -0.10525377 0.09044615 141 148 53
0.54817492 -0.10608989 0.08578269 125 79 66
0.53609979 -0.12495623 0.06277303 241 234 188
0.54370141 -0.10980093 0.08110887 125 61 61
0.54387492 -0.11554921 0.07712113 204 148 147
0.53999025 -0.12006504 0.07306558 184 181 140
0.54167175 -0.10585701 0.08823334 122 114 29
0.53998977 -0.11211058 0.07985823 220 203 177
0.53857028 -0.12160664 0.07455831 60 83 3
0.55023915 -0.10851511 0.09242673 104 128 32
0.55050778 -0.10416966 0.09527262 124 153 43
