0.45231834 -0.18546969 0.11798351
0.43818215 -0.19054741 0.11391503
0.40901715 -0.19965750 0.09934251
0.42042229 -0.20377527 0.10381908
0.41428819 -0.19614181 0.10403457
0.45538390 -0.18649155 0.11911871
0.45747933 -0.17926273 0.12184926
0.46184018 -0.17897427 0.11903065
0.46312702 -0.17872962 0.11901089
0.43639469 -0.19492838 0.11355761
0.43141425 -0.19635107 0.10822430
0.43276584 -0.19383335 0.10896704
0.44475546 -0.19096257 0.11828271
0.45966423 -0.18211912 0.11757682
0.41580302 -0.19882713 0.10508399
0.40912554 -0.20027332 0.09973717
0.41435975 -0.19835921 0.10394313
0.41858089 -0.19597529 0.10732311
0.40948978 -0.20251124 0.09304273
0.40885189 -0.20190762 0.09307309
0.43451411 -0.19198415 0.11497435
0.41512769 -0.19419806 0.10645474
0.43612668 -0.19551435 0.11372346
0.43000740 -0.19617805 0.11158741
0.42564192 -0.20152691 0.10634445
0.41852111 -0.20309567 0.10468864
0.41578349 -0.19224511 0.10814222
0.41792154 -0.19135757 0.10967945
0.42570409 -0.19370098 0.11193541
0.42154014 -0.19300494 0.11216345
0.45890206 -0.18250355 0.12051818
0.49416676 -0.16180426 0.11176594
0.48284957 -0.17122538 0.11504273
0.48621356 -0.16636430 0.11680393
0.47572079 -0.17243713 0.11720672
0.48786277 -0.16710408 0.11428741
0.46053931 -0.17858113 0.12190443
0.48696569 -0.17025660 0.11611733
0.44080493 -0.18783253 0.11398596
0.46870831 -0.17487416 0.11965435
0.45157489 -0.18488973 0.12011206
0.45451212 -0.18156575 0.12023465
0.43920952 -0.18685620 0.11713295
0.48862126 -0.16585389 0.11605641
0.48195824 -0.17635341 0.11612858
0.50394541 -0.16283637 0.10865121
0.42641595 -0.18988566 0.10743520
0.43035990 -0.18878585 0.10967246
0.44967893 -0.17872985 0.11897192
0.43031806 -0.19285110 0.10766204
0.43108508 -0.19282627 0.10804612
0.46589655 -0.17705901 0.11926722
0.46461698 -0.17981683 0.11948377
0.41971907 -0.18947020 0.10743202
0.42418471 -0.18778092 0.11104210
0.45360342 -0.18153533 0.11786207
0.42038348 -0.19544150 0.10181461
0.44935852 -0.18790610 0.12027714
0.44581637 -0.18892248 0.12051277
0.47502664 -0.17593619 0.11669780
0.45036566 -0.18135273 0.11748224
0.44217440 -0.18044236 0.11574450
0.48249188 -0.17044532 0.11742286
0.44491148 -0.18277891 0.11836518
0.42444596 -0.18851568 0.10747559
0.41704106 -0.19511741 0.09970012
0.41806999 -0.19000126 0.10402435
0.41009626 -0.20112112 0.09318231
0.41021898 -0.20043489 0.09323265
0.41778108 -0.20363210 0.10103326
0.46381497 -0.17704116 0.12036944
0.42409122 -0.19650503 0.10368678
0.47961134 -0.17567383 0.11761097
0.44220653 -0.19234592 0.11733321
0.45428142 -0.18331024 0.11804304
0.44805610 -0.18095779 0.11903025
0.41523182 -0.20307188 0.09849600
0.47359827 -0.17564528 0.11706045
0.43061408 -0.18774314 0.11351094
0.43006763 -0.18992336 0.11462205
0.43284342 -0.18360052 0.11297688
0.43300188 -0.18864615 0.11466555
0.42159343 -0.20118810 0.10315619
0.41088253 -0.19670378 0.10046830
0.50183475 -0.16100967 0.10885924
0.49273941 -0.16345392 0.11361887
0.48647633 -0.17144378 0.11378495
0.44187185 -0.18898140 0.11974251
0.44265351 -0.18595205 0.11835206
0.47572356 -0.17841960 0.11711329
0.41415912 -0.19430320 0.10021386
0.48769194 -0.17136376 0.11697250
0.48033068 -0.17195144 0.11789290
0.47787639 -0.17296967 0.11823713
0.43510091 -0.18736693 0.11206801
0.43533725 -0.18434370 0.11303145
0.44252875 -0.18739365 0.11542925
0.43801111 -0.18743110 0.11268345
0.44004181 -0.18640853 0.11333458
0.52323109 -0.14432228 0.19647126
0.52276981 -0.14493074 0.19396476
0.51531112 -0.14698184 0.21278496
0.51160592 -0.14582917 0.21655506
0.53365028 -0.14772479 0.17550513
0.53025913 -0.14676209 0.18442532
0.51947325 -0.15538992 0.19658242
0.51288909 -0.14866522 0.21209539
0.48577362 -0.14352533 0.25473565
0.48637444 -0.14161359 0.25773534
0.50499463 -0.14998071 0.22275499
0.50553292 -0.15319274 0.22096556
0.51991081 -0.14420167 0.20476913
0.52808082 -0.14449778 0.19584660
0.53582269 -0.14597224 0.19751002
0.53552186 -0.14579034 0.19819485
0.50167865 -0.15465538 0.22560821
0.51062596 -0.13878204 0.22578147
0.54466647 -0.15244068 0.20315255
0.54070956 -0.15117280 0.19563776
0.54145867 -0.15098619 0.19823021
0.54444271 -0.15332283 0.20011213
0.48839003 -0.14616187 0.24576965
0.48802733 -0.14747424 0.23954536
0.49290371 -0.14977492 0.24099992
0.49197850 -0.14953309 0.23999497
0.48982397 -0.14822775 0.24001811
0.51605403 -0.14389224 0.21741156
0.52190787 -0.14493228 0.20015661
0.52186316 -0.14612788 0.19825365
0.51044685 -0.13903689 0.22232766
0.51672345 -0.14698839 0.21199563
0.51795411 -0.14287929 0.20991677
0.52030802 -0.14041917 0.20632990
0.47779939 -0.13953146 0.27042031
0.48443532 -0.13996071 0.26271641
0.49568439 -0.14693145 0.23899484
0.49598327 -0.14697671 0.23852864
0.49805424 -0.14710997 0.23549590
0.49458897 -0.13826904 0.24539074
0.49067420 -0.13711983 0.25232697
0.51617336 -0.14114888 0.21242414
0.51705265 -0.15402178 0.20553288
0.51851970 -0.15098070 0.20057334
0.53631932 -0.15457045 0.17736825
0.53641284 -0.15265457 0.17982091
0.53747618 -0.15620416 0.17972112
0.51161921 -0.15636609 0.21140575
0.50952560 -0.15629721 0.21339276
0.50751776 -0.14324217 0.21337247
0.52308297 -0.14044532 0.20266373
0.51241177 -0.14103274 0.22852704
0.51408654 -0.14148945 0.21988642
0.50157183 -0.15365177 0.22748835
0.50331163 -0.15257926 0.22498763
0.52400684 -0.14731488 0.17779028
0.52795959 -0.14689051 0.18169779
0.50989938 -0.14035234 0.23239978
0.50895226 -0.14034697 0.23318478
0.52170527 -0.15098242 0.18912624
0.47859135 -0.14067590 0.26469064
0.50228447 -0.14181532 0.23659213
0.50346321 -0.14240462 0.23423836
0.51592237 -0.15417670 0.20903391
0.51315719 -0.15126143 0.21150370
0.52166688 -0.15318482 0.18175875
0.52285582 -0.14778258 0.17700820
0.52392560 -0.14717776 0.18308547
0.48727313 -0.14711641 0.23886748
0.48360756 -0.14456691 0.24591887
0.54131132 -0.15784220 0.19291185
0.53884578 -0.15226017 0.18870626
0.54135907 -0.15367529 0.19348143
0.51543653 -0.14564899 0.22085857
0.51503289 -0.13988408 0.20822911
0.52218002 -0.14941123 0.18128462
0.52135074 -0.15129612 0.18564922
0.51421905 -0.15391065 0.19744806
0.49177855 -0.14025953 0.25161549
0.48903510 -0.13803387 0.25536263
0.52072835 -0.15009496 0.19202271
0.51844954 -0.15547144 0.19916773
0.51633972 -0.15662001 0.20753349
0.53805798 -0.15813075 0.18088119
0.53869349 -0.15693143 0.18515232
0.51331365 -0.14540079 0.22200634
0.49392861 -0.14881869 0.24068370
0.49928442 -0.15221852 0.23169893
0.49788025 -0.15233545 0.23381124
0.52350694 -0.14694718 0.18782219
0.52710563 -0.14576596 0.18906786
0.50731409 -0.14692825 0.21976829
0.50755721 -0.14525166 0.22254774
0.50741524 -0.14462352 0.22564979
0.48796082 -0.14139268 0.25671232
0.48962218 -0.14234827 0.25308138
0.48768479 -0.14543083 0.24921694
0.48554906 -0.14460424 0.24988104
0.48189881 -0.14302139 0.25273606
0.51008999 -0.15362871 0.21459559
0.52250892 -0.15419869 0.19213724
0.48010063 -0.13793248 0.26996136
0.50644559 -0.14371540 0.22888044
0.49933717 -0.14179477 0.23967959
0.50179183 -0.14713404 0.23032913
0.47348887 -0.13735053 0.27529165
0.52181679 -0.15527399 0.19184643
0.51644802 -0.15414636 0.19335076
0.51688433 -0.15599084 0.19677891
0.51545000 -0.15304157 0.19246972
0.51770961 -0.15361878 0.18790804
0.51692289 -0.15219089 0.18185343
0.52028739 -0.15442084 0.17942563
0.51384765 -0.15652460 0.20689040
0.51522082 -0.15696676 0.20377351
0.53606546 -0.14892469 0.19063930
0.53765148 -0.14995387 0.19067965
0.38585454 -0.28172335 0.19614215
0.38463593 -0.28225201 0.19193318
0.38365388 -0.28368679 0.18805115
0.36644369 -0.28094113 0.17713471
0.36923316 -0.28041205 0.17844602
0.38421041 -0.28655693 0.18744875
0.38381714 -0.28661433 0.18673530
0.37994608 -0.28539938 0.17876163
0.38141149 -0.28570947 0.18150817
0.37731668 -0.28009674 0.18272087
0.38062367 -0.27773464 0.18660381
0.38749993 -0.27460644 0.19661199
0.38381240 -0.28053844 0.18996599
0.38135159 -0.28811136 0.17872612
0.38149700 -0.28977555 0.17377959
0.35986069 -0.27260956 0.17415626
0.35790905 -0.27486405 0.17230898
0.38048619 -0.28304192 0.18096526
0.37508929 -0.28178075 0.17958196
0.38845730 -0.28686386 0.19221188
0.38957462 -0.28351817 0.19588828
0.36240816 -0.28577048 0.16777252
0.36424324 -0.28145930 0.17662090
0.36363977 -0.28378484 0.17170933
0.37059733 -0.28950182 0.16699764
0.36196864 -0.28503239 0.16690394
0.35702804 -0.28132653 0.17616749
0.35813692 -0.27817824 0.17807440
0.35389256 -0.28027198 0.17238495
0.37109095 -0.28403473 0.17416586
0.38307431 -0.28916398 0.17616361
0.38300583 -0.28873089 0.17843699
0.36790600 -0.29298970 0.16142125
0.37098813 -0.29284254 0.16338226
0.37187144 -0.29053125 0.16633117
0.38717964 -0.28867421 0.18770266
0.37660709 -0.29216319 0.16569336
0.36059132 -0.28286967 0.16901897
0.38781875 -0.28690201 0.18564759
0.37735391 -0.29315281 0.16443580
0.36857411 -0.29515922 0.16079026
0.37897369 -0.29291850 0.16129608
0.36665103 -0.29482210 0.15841082
0.36057565 -0.28225827 0.17453913
0.35830680 -0.28312525 0.17262797
0.38008732 -0.26930800 0.19091852
0.38259894 -0.26866603 0.19279957
0.37460241 -0.27453190 0.18580748
0.37545449 -0.27189472 0.18748164
0.37080210 -0.26962599 0.18437850
0.37250298 -0.26905480 0.18625438
0.36431074 -0.29409194 0.15393014
0.38145804 -0.27375749 0.18972151
0.36822316 -0.27030125 0.18314186
0.36256620 -0.27287719 0.18157525
0.37459826 -0.27993852 0.18105853
0.37604102 -0.27443129 0.18639018
0.36674610 -0.27651176 0.18169989
0.36695150 -0.27635634 0.18185888
0.37987086 -0.28611776 0.16023138
0.37997743 -0.28791130 0.16136639
0.37492928 -0.28497410 0.17423557
0.38521209 -0.26823658 0.19509774
0.38429281 -0.26787049 0.19435076
0.35448840 -0.27888250 0.17635995
0.35457209 -0.27908292 0.17388903
0.36789858 -0.28891435 0.16584019
0.54795098 -0.11445307 0.08564818
0.54593891 -0.12212896 0.08372913
0.54277891 -0.12596013 0.07458734
0.55087310 -0.10925322 0.09158806
0.54770166 -0.11306480 0.08312091
0.54681545 -0.12013990 0.07835674
0.54490423 -0.12487665 0.07733604
0.54351920 -0.12771118 0.07048988
0.54699343 -0.13331920 0.06350282
0.54672325 -0.13310996 0.06381472
0.53808576 -0.12470379 0.06963136
0.54116076 -0.13288610 0.06598379
0.54934514 -0.11014581 0.08563037
0.54522854 -0.12026747 0.08367141
0.54823458 -0.11336651 0.08951048
0.54159033 -0.12752075 0.06457080
0.54302830 -0.12775117 0.06914156
0.54495275 -0.11575247 0.07764328
0.54605168 -0.11403305 0.07946550
0.54405832 -0.13068803 0.06173525
0.55207813 -0.10175440 0.09225717
0.55282879 -0.10115663 0.09382145
0.54763472 -0.09974866 0.08992375
0.53859329 -0.13172138 0.06464990
0.54187864 -0.12821540 0.06890646
0.54295975 -0.11916187 0.08131514
0.54103142 -0.12344640 0.07622273
0.52361906 -0.14753950 0.08358596
0.53602916 -0.14305314 0.08479244
0.52809280 -0.14274338 0.07943969
0.52681899 -0.14396863 0.07719816
0.53285867 -0.14137056 0.09307922
0.52454001 -0.14715256 0.09692630
0.52712750 -0.14482646 0.09117965
0.53356135 -0.14593413 0.10473152
0.53356820 -0.14556779 0.10162728
0.54084361 -0.13987012 0.07260368
0.54248774 -0.13950834 0.07094434
0.52445167 -0.14731945 0.06580481
0.52569038 -0.14848030 0.07468053
0.52651817 -0.14865404 0.07196652
0.52917051 -0.14816616 0.07429939
0.52923399 -0.14364100 0.11546163
0.54268831 -0.14084524 0.07273711
0.52383786 -0.14654441 0.08804751
0.52288020 -0.14742577 0.08830777
0.53369027 -0.14345115 0.10599057
0.53364319 -0.14061140 0.08442485
0.53257132 -0.14402811 0.11702663
0.50531411 -0.15835385 0.10455798
0.52875352 -0.14247729 0.10289877
0.52847695 -0.14378384 0.11357589
0.53011048 -0.14189763 0.09447674
0.52694505 -0.14472745 0.11551774
0.52988964 -0.14172225 0.06866946
0.52805489 -0.14342754 0.06619655
0.53122532 -0.14036457 0.07424711
0.52679884 -0.14516123 0.10566162
0.53355193 -0.14362060 0.09530214
0.52616757 -0.14459039 0.07630733
0.52575183 -0.14565256 0.07784011
0.53565401 -0.13870773 0.07175798
0.53817540 -0.13775368 0.06619896
0.50502205 -0.15828151 0.10491136
0.52250272 -0.14431363 0.10618035
0.51850408 -0.15073653 0.09634170
0.51929653 -0.15009037 0.09645440
0.52452636 -0.14626729 0.09035572
0.52821314 -0.14352958 0.08673234
0.52719676 -0.14403985 0.08565868
0.53005809 -0.14207634 0.08579230
0.52696437 -0.14552656 0.09929308
0.52967012 -0.14317037 0.11884508
0.52677697 -0.14403996 0.12262844
0.53437483 -0.13921337 0.06619834
0.53223580 -0.14027666 0.06706125
0.52110076 -0.14682142 0.10268019
0.52848524 -0.14304936 0.10522649
0.53578246 -0.14153419 0.08336819
0.51160032 -0.15670599 0.10068990
0.52255970 -0.15193856 0.08988797
0.50210601 -0.16085561 0.10760245
0.51426566 -0.15662012 0.10029297
0.53187531 -0.14789042 0.07732585
0.52756107 -0.14883503 0.07872032
0.51385921 -0.15628619 0.10048828
0.53210813 -0.14986253 0.07096174
0.53084302 -0.15108845 0.06813081
0.49873728 -0.16193417 0.10897846
0.52429217 -0.15016070 0.08339070
0.53350300 -0.14740144 0.08800871
0.53429812 -0.14597684 0.08081850
0.54366255 -0.14281155 0.07414456
0.52250910 -0.15284343 0.09110073
0.51991099 -0.15104251 0.09643983
0.49731326 -0.16574600 0.11113711
0.52932858 -0.15108322 0.06640611
0.52998585 -0.15186405 0.06517250
0.50658482 -0.16085869 0.10693261
0.49148145 -0.16881435 0.11363739
0.52240133 -0.14941904 0.09404874
0.52749753 -0.14737411 0.09397276
0.52464539 -0.14822021 0.09306083
0.53675449 -0.14910197 0.07134926
0.53440583 -0.15128982 0.06979088
0.54068828 -0.14958951 0.06776246
0.52883190 -0.15004241 0.08654689
0.53303957 -0.14773567 0.08433864
0.53217500 -0.14823696 0.09143526
0.53495812 -0.14542872 0.07787073
0.47736222 -0.13555378 0.26304832
0.48010966 -0.13590121 0.26048148
0.50255466 -0.13841884 0.22929205
0.48762882 -0.13750152 0.24867332
0.48403123 -0.13786204 0.25203902
0.48117653 -0.14153388 0.25487831
0.50195724 -0.13739319 0.23584931
0.50800014 -0.14128847 0.21825086
0.49928135 -0.14564547 0.22416010
0.47395867 -0.13593595 0.27781817
0.47449091 -0.13542141 0.27961642
0.47594315 -0.13648309 0.27898550
0.50444484 -0.13737851 0.23167959
0.49737462 -0.14703220 0.23024274
0.50262868 -0.14357457 0.22029075
0.50187612 -0.14281031 0.22192539
0.50160968 -0.13821290 0.23093013
0.49906206 -0.14874397 0.22539370
0.49096432 -0.14006759 0.24078722
0.49779275 -0.14916220 0.23038413
0.47736436 -0.13621557 0.26300499
0.49325576 -0.13709094 0.24327290
0.48368818 -0.13739693 0.25329304
0.48580584 -0.13695329 0.25182295
0.50198489 -0.13813698 0.23881075
0.47943276 -0.13552211 0.26451948
0.48198017 -0.13576245 0.26516265
0.48242760 -0.13785285 0.25391057
0.48380864 -0.14227434 0.24770455
0.47714990 -0.13881862 0.26769990
0.49902055 -0.13759814 0.23971896
0.50399756 -0.13851869 0.22786537
0.48935702 -0.14157683 0.24095975
0.49428755 -0.14334455 0.23285493
0.49545699 -0.13823380 0.23958768
0.49526212 -0.15016064 0.23292544
0.49591753 -0.15062644 0.23269399
0.50836462 -0.13736679 0.22818884
0.49355903 -0.14850764 0.23331694
0.49195310 -0.14662760 0.23405609
0.49930024 -0.14085697 0.22955669
0.49612176 -0.14075412 0.23423912
0.62872839 -0.19529000 0.13116267
0.62497157 -0.18898003 0.14155805
0.61469996 -0.18509938 0.15370248
0.62481314 -0.19934753 0.12989219
0.61483800 -0.18699282 0.14854911
0.61788547 -0.19153754 0.15181398
0.61832547 -0.19354078 0.14435740
0.62510884 -0.20006505 0.12917154
0.62663752 -0.20193528 0.13139333
0.62180477 -0.18617252 0.14909564
0.62981504 -0.19318712 0.13796879
0.62887108 -0.19462802 0.13563433
0.62122941 -0.18708174 0.14366972
0.61565071 -0.18747503 0.14866820
0.62372005 -0.19686064 0.13761659
0.62491655 -0.18939351 0.14419332
0.62807137 -0.19378343 0.14487574
0.62627637 -0.19742401 0.12945873
0.61976272 -0.19259776 0.14141290
0.61686397 -0.18292385 0.15746556
0.63103276 -0.19502850 0.13701378
0.62608957 -0.18996447 0.13994016
0.62001270 -0.18931936 0.14153007
0.62765127 -0.19631840 0.12968765
0.63176757 -0.19878085 0.13230893
0.63000339 -0.20014656 0.14071050
0.61212307 -0.17316431 0.17574963
0.61841536 -0.16976109 0.17160313
0.59410256 -0.16919608 0.20973535
0.59382194 -0.16901778 0.21039489
0.59286261 -0.15748370 0.20443320
0.59238541 -0.15727875 0.20605366
0.61132044 -0.17997818 0.17184737
0.61367494 -0.17704134 0.17024106
0.60178840 -0.17341051 0.19201273
0.60239935 -0.18106061 0.17819414
0.60048717 -0.18056783 0.18263911
0.58953542 -0.16254880 0.20728488
0.59931153 -0.18054190 0.19209044
0.59958988 -0.18101524 0.18600984
0.59303838 -0.16558883 0.20487291
0.59021151 -0.16559422 0.21543679
0.58871388 -0.16268435 0.21492538
0.58955395 -0.16373599 0.21342067
0.61992133 -0.17735708 0.17022327
0.61385435 -0.17036276 0.17306304
0.59617817 -0.16459617 0.19415766
0.62256449 -0.18613978 0.14958496
0.62103140 -0.18513498 0.15977372
0.58643973 -0.15884650 0.20984668
0.62149173 -0.18409696 0.15802102
0.62296510 -0.18774773 0.15521456
0.59347111 -0.15811338 0.20042975
0.61665827 -0.17866708 0.17347357
0.58478338 -0.15618421 0.21893120
0.60148603 -0.18579248 0.18534398
0.60459620 -0.18438619 0.18226516
0.62076026 -0.18507946 0.15522391
0.61995214 -0.17222638 0.16751672
0.61533672 -0.17677559 0.16434315
0.61938548 -0.17114849 0.17381682
0.62023944 -0.17791806 0.16047625
0.59564316 -0.16526134 0.19694510
0.59926099 -0.16815566 0.19391364
0.60655951 -0.17338718 0.18185589
0.61372244 -0.17781706 0.16804637
0.60073978 -0.17825781 0.18475106
0.60208583 -0.17721075 0.18423629
0.59091961 -0.15995389 0.20239912
0.62045163 -0.19028106 0.15402372
0.62942880 -0.20010597 0.14088051
0.62629443 -0.19921806 0.13956426
0.58708626 -0.15095375 0.20689946
0.60331839 -0.18181965 0.17595100
0.59041917 -0.16421521 0.20907925
0.58586091 -0.15848908 0.21607247
0.57705241 -0.15042399 0.21246901
0.61963570 -0.17444791 0.16331220
0.60145825 -0.16752173 0.18781340
0.61518037 -0.18064348 0.16194777
0.62192363 -0.19217013 0.15074146
0.58451080 -0.14767779 0.20960319
0.58702511 -0.15123188 0.20826434
0.59679747 -0.16301461 0.19341134
0.60774940 -0.16988587 0.17970635
0.60736179 -0.17199302 0.18056466
0.59336442 -0.15725569 0.19945002
0.59961164 -0.17930040 0.18939665
0.60464889 -0.17724860 0.17818919
0.58282763 -0.15183985 0.21381579
0.62541127 -0.19862488 0.14014612
0.62223339 -0.19499937 0.14645733
0.62350363 -0.19600444 0.14509030
0.61969554 -0.19316216 0.14765938
0.60073900 -0.17544702 0.19443855
0.59995759 -0.17467363 0.19764282
0.59777617 -0.17298706 0.20620459
0.59860820 -0.17183925 0.20224451
0.61350429 -0.16712911 0.17935969
0.62038702 -0.17846893 0.16767780
0.62100607 -0.17546400 0.16221325
0.60601491 -0.18078980 0.16833968
0.61022186 -0.18133564 0.16832514
0.60493737 -0.17593837 0.18080501
0.61974680 -0.18063615 0.16722803
0.61208636 -0.18231545 0.16228174
0.60708767 -0.17511740 0.17951499
0.60781240 -0.17689560 0.17674465
0.61737531 -0.16880473 0.17506409
0.60997224 -0.16724002 0.17921780
0.60899675 -0.16730084 0.17834841
0.59559500 -0.16802117 0.20415618
0.59984660 -0.18286572 0.18616760
0.60206163 -0.18402925 0.17983438
0.58616644 -0.15389566 0.21140018
0.61334878 -0.17404383 0.17444550
0.49139950 -0.18915644 0.17698519
0.50585258 -0.16851875 0.15849268
0.50143957 -0.17190513 0.16794233
0.47761920 -0.18455730 0.18324916
0.51096886 -0.17534484 0.15905485
0.49049294 -0.17493261 0.17193817
0.50838250 -0.17776822 0.16263601
0.50495750 -0.16802691 0.16029562
0.50534719 -0.16808285 0.15950754
0.49935064 -0.17348611 0.16952954
0.49715844 -0.18192412 0.17224611
0.50205868 -0.18598790 0.17047065
0.50607395 -0.17862490 0.16629088
0.50243247 -0.18421210 0.16992632
0.50137049 -0.18068583 0.17072307
0.49952507 -0.18144187 0.17312512
0.50506181 -0.17937918 0.16242890
0.50343752 -0.18002273 0.16461317
0.50859523 -0.17281692 0.16310519
0.51027155 -0.17476331 0.15940946
0.47598043 -0.18195517 0.18320392
0.49812260 -0.18908706 0.17600541
0.48656181 -0.18177533 0.17452288
0.50699896 -0.17100058 0.16187112
0.48125517 -0.18612190 0.18088678
0.48161083 -0.18895650 0.18329968
0.48409256 -0.18871891 0.18129662
0.49075288 -0.18575802 0.17461218
0.49356976 -0.18289998 0.17222396
0.50250942 -0.16226871 0.16418961
0.48063889 -0.18411282 0.18046381
0.48387939 -0.18007247 0.17558770
0.49603915 -0.17526346 0.17150788
0.49277183 -0.17692257 0.17146870
0.48637265 -0.18925135 0.18095152
0.50156963 -0.18574396 0.17468058
0.62157625 -0.06677376 0.17279983
0.62238973 -0.04852566 0.16904223
0.61004937 -0.05871367 0.17297694
0.60665995 -0.06318399 0.17255378
0.59147608 -0.07655554 0.17174892
0.62626755 -0.06185997 0.17609422
0.59291840 -0.08354774 0.16928047
0.62033373 -0.05479833 0.16557612
0.62573332 -0.05345901 0.16661744
0.61718887 -0.06188751 0.16717753
0.60975033 -0.07758115 0.17159000
0.63100100 -0.06267647 0.18121208
0.60963702 -0.07225069 0.16999996
0.59285581 -0.08901982 0.17283182
0.60747588 -0.07640833 0.17016569
0.60396606 -0.08373913 0.17174499
0.60496837 -0.07919489 0.16981855
0.62373823 -0.05804376 0.16710490
0.61179364 -0.07390230 0.17155287
0.60205096 -0.08412948 0.17161793
0.62583202 -0.06105102 0.16890340
0.59366620 -0.07408701 0.17038457
0.59475362 -0.07310880 0.16977447
0.59301263 -0.08587971 0.17115830
0.59301579 -0.09107732 0.17351803
0.60073817 -0.07678892 0.16828150
0.60590726 -0.07497638 0.16909206
0.63673681 -0.05420247 0.17536159
0.63252789 -0.05940764 0.18133482
0.63193643 -0.05766983 0.17035586
0.61926132 -0.06175337 0.16698417
0.63773227 -0.05112059 0.17201281
0.63358486 -0.05807423 0.17621867
0.59169817 -0.08657032 0.17130789
0.61329967 -0.05887905 0.17071368
0.62884706 -0.05422822 0.16757821
0.62002987 -0.05670386 0.16581996
0.63007975 -0.04685913 0.16494489
0.61675072 -0.05263190 0.17250215
0.61685354 -0.05268483 0.16825828
0.60074496 -0.09056924 0.17536329
0.59730053 -0.08641061 0.17215931
0.60763150 -0.06934039 0.16921905
0.59766209 -0.06965323 0.16938432
0.60006994 -0.06858093 0.16955990
0.59987062 -0.07715442 0.16817378
0.59609669 -0.07277450 0.16912195
0.61198407 -0.06873559 0.17033669
0.62711334 -0.04666605 0.16822149
0.62399149 -0.04790434 0.16903193
0.60984713 -0.06739900 0.16902746
0.63249868 -0.05827496 0.17459728
0.61182564 -0.06320327 0.16877098
0.62574959 -0.04706260 0.16595206
0.60641664 -0.08440143 0.17660466
0.60650581 -0.08482534 0.17624541
0.63130212 -0.05076576 0.16670437
0.63587141 -0.04453911 0.16661757
0.61511868 -0.07349829 0.17466240
0.61805892 -0.05094591 0.16848169
0.62745374 -0.04955783 0.17345415
0.63499600 -0.04461882 0.16743171
0.62871498 -0.06014879 0.17309499
0.63763648 -0.05354448 0.17542545
0.63316375 -0.05425882 0.17002705
0.63290310 -0.05434582 0.18038327
0.61627007 -0.05234218 0.16943341
0.60589814 -0.08463342 0.17352967
0.64041013 -0.04821769 0.17292988
0.52563280 -0.15267812 0.12282460
0.52616143 -0.15340278 0.12516777
0.51744354 -0.16398038 0.15309311
0.51333904 -0.16364610 0.15468386
0.52611417 -0.16150719 0.16478682
0.52815044 -0.16119258 0.16219950
0.52381045 -0.15907584 0.14982484
0.52532434 -0.15748538 0.14828880
0.52758145 -0.15968713 0.14204626
0.51312709 -0.16320065 0.14964700
0.51622856 -0.15057008 0.17081903
0.51147473 -0.16994716 0.15951236
0.50882667 -0.17035426 0.16098972
0.52117783 -0.15546922 0.13096082
0.52149671 -0.15736270 0.13350935
0.52182519 -0.15500472 0.12992883
0.51923752 -0.15131553 0.15959984
0.52765560 -0.15333979 0.12234491
0.52736092 -0.15264721 0.11765957
0.53071624 -0.15603311 0.15602650
0.52685446 -0.15638070 0.15116118
0.52299821 -0.16206752 0.14298669
0.52428049 -0.15720913 0.13342537
0.52751940 -0.15694198 0.13436466
0.51775903 -0.15257272 0.17853062
0.50721598 -0.16448055 0.15908512
0.51150304 -0.15820187 0.15450777
0.52823848 -0.15456048 0.12791492
0.52912098 -0.15329808 0.13021342
0.51410049 -0.15568201 0.14571168
0.52474755 -0.15212062 0.17208311
0.52564895 -0.15135673 0.17175826
0.52959490 -0.15013714 0.10948525
0.53070235 -0.15034238 0.11880829
0.52912295 -0.15199773 0.12134001
0.51032144 -0.15985836 0.15491021
0.52203286 -0.15679324 0.17315525
0.53386295 -0.14949279 0.17491777
0.53107679 -0.15401480 0.17028269
0.53214633 -0.15564747 0.17112534
0.51381564 -0.15433846 0.14878799
0.51603818 -0.14681388 0.14365517
0.51481313 -0.15252008 0.14683945
0.51824433 -0.14518338 0.14001739
0.51623303 -0.14845191 0.14216444
0.51706219 -0.15050535 0.13997030
0.51893592 -0.14862740 0.13696091
0.52982402 -0.15780953 0.13808414
0.53031623 -0.15544860 0.13871740
0.53245324 -0.14942840 0.12851842
0.51932466 -0.15520810 0.17121847
0.52528083 -0.14862405 0.17507590
0.52748483 -0.15212311 0.17001951
0.52909523 -0.15193740 0.16999568
0.52671486 -0.15049911 0.10428555
0.52670777 -0.14999780 0.10291279
0.52961248 -0.15250421 0.14482357
0.53487355 -0.14817640 0.12515333
0.53302771 -0.14822289 0.11699794
0.53498906 -0.14802949 0.12480983
0.53154594 -0.15270738 0.15247443
0.53269923 -0.14803575 0.09546772
0.53264594 -0.14805116 0.10073992
0.53340483 -0.14748284 0.11284941
0.50972188 -0.16843610 0.15725806
0.51553380 -0.15600774 0.15338016
0.52588868 -0.15789887 0.15347646
0.52041560 -0.14791483 0.15332995
0.51692712 -0.14497317 0.14414698
0.53001219 -0.15299854 0.14190441
0.50893003 -0.16541904 0.15466098
0.52288938 -0.15688108 0.15489313
0.51412439 -0.17057185 0.15704261
0.51592076 -0.16936319 0.15528971
0.52843404 -0.15511930 0.14432260
0.51082325 -0.15923427 0.15557121
0.51868427 -0.15556961 0.13482143
0.51773685 -0.15345596 0.13342655
0.51893002 -0.15359114 0.13063563
0.52584368 -0.14487372 0.12047965
0.51647168 -0.15364088 0.13924316
0.52034718 -0.14968912 0.13168126
0.52530521 -0.14555550 0.12679972
0.51993817 -0.15195037 0.12583935
0.52106547 -0.15106015 0.12265485
0.52297503 -0.14920102 0.11926311
0.51892835 -0.15568233 0.15668802
0.51995242 -0.16024891 0.16637498
0.51805246 -0.16115169 0.14088675
0.51533103 -0.16226155 0.14400654
0.52509367 -0.15560181 0.17076522
0.52823693 -0.16016445 0.16981728
0.51785290 -0.16657834 0.15384670
0.51875544 -0.15516351 0.16422753
0.51862925 -0.15760612 0.16712072
0.52173972 -0.14855789 0.12891141
0.52009559 -0.15120810 0.12800254
0.52520317 -0.15066765 0.10946834
0.51805043 -0.15211964 0.16812286
0.52320021 -0.14909805 0.11226992
0.51664490 -0.15676129 0.14110132
0.51855552 -0.15227345 0.15586926
0.52340430 -0.14651883 0.13194883
0.51600212 -0.16369274 0.14886656
0.52911609 -0.15403657 0.14642876
0.52172095 -0.15960243 0.16401057
0.52318364 -0.16057955 0.16503583
0.52231175 -0.16089563 0.16612901
0.52523357 -0.15925996 0.13780649
0.53404665 -0.15940057 0.17379557
0.53224838 -0.15865980 0.17186901
0.51349336 -0.15810241 0.14534301
0.52045864 -0.16230235 0.15306236
0.52712917 -0.16048527 0.14127003
0.50838697 -0.17588161 0.16536780
0.51620805 -0.16897200 0.15622231
0.52162367 -0.15721035 0.15291683
0.67605829 -0.03239568 0.16144210
0.65281647 -0.03434064 0.16306826
0.68096870 -0.01926607 0.15956955
0.65996808 -0.03589621 0.16127127
0.65918607 -0.03457823 0.15948018
0.66986161 -0.02679611 0.16114043
0.65796441 -0.03392966 0.16006309
0.65586644 -0.03237753 0.16170679
0.65518582 -0.02920237 0.16512740
0.65367615 -0.03294741 0.16705889
0.65329617 -0.03485980 0.16898413
0.68688834 -0.02010124 0.15959151
0.68793941 -0.01514952 0.16101722
0.68714452 -0.02098273 0.15989344
0.66748798 -0.03446439 0.15975758
0.68898189 -0.02323905 0.16307528
0.67612398 -0.02736323 0.16100362
0.65494865 -0.03128143 0.17010050
0.66629088 -0.02711897 0.15899889
0.66567767 -0.03162342 0.15864554
0.67222595 -0.02959587 0.16009906
0.67208105 -0.03044817 0.16569111
0.67020160 -0.03261348 0.16444238
0.66716564 -0.02816754 0.15892600
0.68052006 -0.02080644 0.16233720
0.64778143 -0.04067853 0.17147173
0.68550682 -0.01858203 0.16220000
0.59862792 -0.17491420 0.21668491
0.59933251 -0.17809355 0.20844696
0.60011238 -0.17944776 0.20528170
0.59789550 -0.16047117 0.19431226
0.53318101 -0.16690299 0.18641467
0.60743672 -0.18264066 0.16597193
0.52974772 -0.16296296 0.16816224
0.53131658 -0.16359779 0.17548998
0.55727607 -0.17112486 0.21497877
0.56037462 -0.17326792 0.21523902
0.57497245 -0.16568932 0.22923242
0.59655839 -0.16927435 0.21362911
0.59572607 -0.16878116 0.21357125
0.55025417 -0.16830526 0.20341125
0.61095166 -0.18372753 0.15781605
0.54448104 -0.15737459 0.19969283
0.54646868 -0.15596418 0.20355681
0.54231286 -0.15845004 0.19525434
0.56413496 -0.16049021 0.23425445
0.54385895 -0.16881552 0.19790782
0.54010928 -0.16794038 0.19399175
0.53583515 -0.16395278 0.18620579
0.53530043 -0.16474380 0.18569008
0.54490501 -0.16663110 0.20364258
0.54006791 -0.16892856 0.20072882
0.55495983 -0.14000458 0.22389609
0.55415154 -0.13997027 0.22297753
0.55143934 -0.14122409 0.21944869
0.60157847 -0.16541812 0.19601142
0.55632353 -0.15146954 0.22167775
0.55472630 -0.15181528 0.21882999
0.58477360 -0.16695864 0.22889625
0.58536875 -0.16477935 0.22703692
0.56336761 -0.15593980 0.22982971
0.56076479 -0.15769351 0.22901239
0.59130776 -0.17210962 0.21959361
0.59367734 -0.17071792 0.21417877
0.54912651 -0.15870197 0.20487083
0.55948597 -0.16797492 0.22279811
0.59443200 -0.17720483 0.21814935
0.58178496 -0.15884942 0.22167997
0.58657533 -0.16265912 0.22272794
0.58424956 -0.16068341 0.22555959
0.58704466 -0.17116846 0.22690186
0.57368839 -0.15944348 0.21447368
0.57625294 -0.15809995 0.21760318
0.58205301 -0.16133733 0.22713482
0.57776058 -0.16584049 0.22966014
0.56855965 -0.16214783 0.21165118
0.56123978 -0.16493660 0.21117993
0.56116277 -0.16038533 0.21042430
0.56200933 -0.15832463 0.21018806
0.58793831 -0.17068422 0.22489734
0.58724821 -0.17028984 0.22593485
0.56527734 -0.17022873 0.21541856
0.57948297 -0.17277503 0.23085234
0.57396102 -0.16813447 0.22846930
0.57904655 -0.16415292 0.22917242
0.56058753 -0.17411447 0.21276146
0.55602050 -0.17105572 0.20689249
0.55705720 -0.17331378 0.20984755
0.59954482 -0.17249747 0.21405797
0.60122758 -0.17469913 0.20829374
0.59966552 -0.17257644 0.21660493
0.59414560 -0.17685306 0.22141300
0.56860107 -0.17454869 0.22693621
0.56896591 -0.17326185 0.22543333
0.56033230 -0.15520921 0.22592516
0.56130278 -0.15365361 0.22687209
0.61657095 -0.19061837 0.15452768
0.62000376 -0.18589015 0.16099429
0.61674112 -0.18532544 0.16588192
0.56667054 -0.17447168 0.22254664
0.56382716 -0.17348905 0.21530731
0.58385968 -0.16749512 0.22776559
0.57353008 -0.15567286 0.23344642
0.57807523 -0.15817639 0.22895557
0.57458133 -0.15764521 0.23343584
0.57325983 -0.17291866 0.23508553
0.57487911 -0.17301887 0.23515557
0.57340807 -0.17169572 0.23825838
0.61319512 -0.18817374 0.16143087
0.61197406 -0.18589237 0.16754685
0.56120300 -0.16197991 0.23159245
0.59354937 -0.16112328 0.20802379
0.59639686 -0.16387048 0.20462939
0.55408651 -0.16828878 0.20593540
0.55750829 -0.16525455 0.20887607
0.59425360 -0.17157876 0.22245778
0.58958298 -0.16955797 0.22470807
0.59811950 -0.17546788 0.20362473
0.54881370 -0.16268760 0.20392859
0.54811853 -0.16133462 0.20359135
0.59859270 -0.16660440 0.20211883
0.55971605 -0.16161430 0.22893070
0.60054022 -0.17373985 0.21374536
0.60087663 -0.17697124 0.20589492
0.60105646 -0.17319076 0.20193824
0.59766543 -0.16935770 0.20608397
0.53198057 -0.15919378 0.16801842
0.53167641 -0.16191907 0.17088215
0.54497391 -0.15968539 0.20092323
0.57382274 -0.16509645 0.22321561
0.55129695 -0.16096467 0.21144603
0.55466574 -0.16120391 0.21897873
0.55036253 -0.16334355 0.20841859
0.55353606 -0.15653439 0.21612495
0.55108070 -0.15652479 0.21206151
0.55664599 -0.15913355 0.22201861
0.53947884 -0.16645600 0.19710509
0.53812236 -0.16532478 0.19351774
0.58949673 -0.16855562 0.22292647
0.53958505 -0.16083546 0.19207445
0.54044861 -0.15901205 0.19158009
0.56526309 -0.17457239 0.23002081
0.56395996 -0.17359793 0.22915778
0.56159556 -0.17075330 0.22331215
0.56699437 -0.17326610 0.23444848
0.56550992 -0.17408921 0.23229963
0.60515696 -0.18480630 0.17285466
0.60580122 -0.18147606 0.16976123
0.53936630 -0.16838646 0.19430032
0.56200564 -0.17322755 0.21833523
0.56067902 -0.17056537 0.22031945
0.54923868 -0.17117853 0.20244619
0.55390018 -0.14409357 0.22135480
0.55536097 -0.14532703 0.22264002
0.55689692 -0.14486821 0.22455300
0.60399163 -0.17492631 0.19719149
0.60858363 -0.18050322 0.18519926
0.61054575 -0.18079591 0.18060064
0.60847753 -0.18106401 0.18493755
0.53005034 -0.16387710 0.17113210
0.53219116 -0.16352569 0.17665489
0.53537577 -0.16215925 0.18238090
0.59652907 -0.17876484 0.21282406
0.52732337 -0.16452675 0.17506371
0.52885795 -0.16549885 0.17931262
0.61388820 -0.17758013 0.17755014
0.61443049 -0.17966868 0.17505984
0.61446691 -0.18413958 0.17041144
0.55402267 -0.15934393 0.20849451
0.55798286 -0.16235581 0.20999533
0.56664026 -0.16811609 0.23715273
0.56876647 -0.17055196 0.23786849
0.60057950 -0.18578321 0.19154824
0.54944348 -0.16146424 0.20745106
0.54505181 -0.15993413 0.20202839
0.54672968 -0.16360180 0.20373297
0.60963392 -0.18660679 0.16692132
0.61246693 -0.18483110 0.17097022
0.59365565 -0.17427503 0.22356594
0.54905379 -0.17135732 0.20315690
0.54255778 -0.16992594 0.20183615
0.55083239 -0.15069702 0.21346347
0.54865533 -0.15243107 0.20899016
0.55350685 -0.15031470 0.21768424
0.54849166 -0.14770831 0.21219274
0.55711699 -0.16855887 0.21725643
0.58362925 -0.16842337 0.22814447
0.58264989 -0.16963343 0.22893307
0.60361958 -0.17751287 0.19834709
0.58262277 -0.16823274 0.22921138
0.57337260 -0.16840322 0.23801106
0.57376337 -0.16375168 0.23617665
0.58061409 -0.16799478 0.23103563
0.58090353 -0.16552962 0.22998558
0.58123755 -0.16594103 0.22979935
0.60296643 -0.17934807 0.19971316
0.60303789 -0.18163748 0.19902317
0.60420388 -0.18350780 0.19058871
0.60935920 -0.18340850 0.15979369
0.59305948 -0.16691719 0.21391401
0.58831555 -0.16281581 0.21748820
0.57326305 -0.15869313 0.21287093
0.56814140 -0.16300899 0.23706773
0.56744528 -0.16147187 0.23663940
0.57006282 -0.16115636 0.23704506
0.60407388 -0.18604039 0.17701110
0.60677713 -0.18528900 0.17635141
0.60870796 -0.18452708 0.17662722
0.54201591 -0.16291422 0.19698155
0.57026935 -0.16673277 0.21753673
0.52563900 -0.16445555 0.17674547
0.52850389 -0.16568974 0.17935722
0.60069978 -0.18181194 0.19880520
0.59876209 -0.16182698 0.18932588
0.58160228 -0.15747572 0.21935804
0.55834484 -0.16701689 0.22064652
0.55475956 -0.16407073 0.21721540
0.61066061 -0.17149429 0.18377706
0.61184585 -0.16990471 0.18200526
0.60115260 -0.16472143 0.18744110
0.56138372 -0.17185463 0.23377934
0.61018670 -0.17289919 0.18480819
0.60462433 -0.16871293 0.19215333
0.60442752 -0.16950125 0.19279473
0.53303909 -0.16688275 0.18373312
0.57201052 -0.16120648 0.21356104
0.58012193 -0.17464483 0.23114641
0.60695875 -0.16515507 0.18636002
0.56950504 -0.17007104 0.22048818
0.57050914 -0.16794279 0.21879481
0.59699821 -0.17641865 0.21730454
0.58361566 -0.16897535 0.22815008
0.56017810 -0.17029962 0.22543265
0.56053013 -0.16963348 0.22972268
0.53026593 -0.16495220 0.17615135
0.59933358 -0.16235183 0.19819684
0.59890598 -0.16283420 0.19928697
0.53602129 -0.16301638 0.18755397
0.53672928 -0.16230170 0.18805151
0.53325349 -0.16615151 0.18317562
0.52915448 -0.16608538 0.17527227
0.55894554 -0.16010250 0.22707480
0.54261166 -0.16639671 0.19734333
0.56769240 -0.16783038 0.21564825
0.60631919 -0.17581882 0.19329429
0.60376775 -0.17185529 0.19493249
0.56137472 -0.14663306 0.22870126
0.56790483 -0.15137066 0.23360734
0.56381547 -0.14822315 0.23060289
0.53486997 -0.16195564 0.18177138
0.53544760 -0.16181472 0.18304081
0.56613100 -0.16093028 0.21090476
0.56761551 -0.15757664 0.21048625
0.56232798 -0.16351397 0.21105184
0.53295600 -0.16560045 0.18581191
0.59467113 -0.17679131 0.21536596
0.59586573 -0.17459343 0.21163096
0.57035959 -0.15487216 0.21096496
0.56825048 -0.15403259 0.21034794
0.58709085 -0.16558120 0.22252701
0.60786897 -0.17575328 0.19030710
0.60679245 -0.17998666 0.18936460
0.53350049 -0.15677613 0.16976228
0.53234500 -0.15528412 0.15993625
0.57755101 -0.16694826 0.22985764
0.60935813 -0.18438284 0.16179210
0.61003602 -0.18530777 0.15894073
0.59687233 -0.15986091 0.19585383
0.57730675 -0.17451607 0.23082706
0.54094398 -0.16939446 0.20143199
0.54711092 -0.16830494 0.20595828
0.53578234 -0.15959811 0.18132098
0.53418446 -0.15890753 0.17544772
0.64121282 -0.04264068 0.16791004
0.67057228 -0.02242102 0.16680889
0.65818036 -0.02825563 0.16995537
0.67989832 -0.02806210 0.16433285
0.68082869 -0.01906163 0.16483711
0.66240889 -0.02586310 0.16638273
0.66041189 -0.02654055 0.16751757
0.64499032 -0.04080589 0.16720290
0.65923047 -0.03235628 0.17153026
0.65143597 -0.03674573 0.16724372
0.64643246 -0.04009492 0.16734374
0.63858569 -0.04367490 0.16998324
0.64655042 -0.04049129 0.16552593
0.68165070 -0.02839274 0.16145290
0.67251951 -0.02830998 0.16727933
0.67844546 -0.02663971 0.16071244
0.66186112 -0.02917668 0.17129439
0.66790926 -0.02419008 0.16833273
0.67874289 -0.03133836 0.16264406
0.66556394 -0.02770473 0.16140987
0.64800268 -0.03897417 0.16829014
0.64567703 -0.04202849 0.16864301
0.67891270 -0.02857245 0.16069679
0.66689509 -0.03182954 0.16816352
0.66341722 -0.02807619 0.16060711
0.67693788 -0.02412149 0.16622858
0.66124249 -0.03577645 0.16484945
0.64119017 -0.04755277 0.17456765
0.64553082 -0.04289453 0.17070593
0.64048982 -0.04243606 0.16851480
0.65205967 -0.03748187 0.17189646
0.63884068 -0.04842676 0.17483464
0.65301859 -0.03806859 0.16320893
0.65605432 -0.03743186 0.16447285
0.65079898 -0.03986783 0.16845992
0.68393821 -0.02265910 0.16471224
0.67348593 -0.02673889 0.16325776
0.67163169 -0.03011049 0.16693199
0.66523999 -0.03298558 0.16760966
0.66508824 -0.02693551 0.16261628
0.68628705 -0.02120548 0.16403230
0.67704368 -0.03299629 0.16225335
0.57986480 -0.08668213 0.17439491
0.59856868 -0.08000340 0.17953007
0.59510547 -0.08339895 0.17913608
0.58452225 -0.09066667 0.17788583
0.61865371 -0.06275968 0.17866349
0.61646742 -0.06395862 0.17874470
0.62665910 -0.06134662 0.18127541
0.59791768 -0.09404734 0.17660049
0.60111785 -0.09231963 0.17751375
0.63421798 -0.04737250 0.17260471
0.56636375 -0.10342027 0.16321410
0.62423003 -0.05838883 0.17861964
0.62555248 -0.06054898 0.18029636
0.59448004 -0.07065415 0.17144577
0.59408998 -0.07075508 0.17292441
0.61648983 -0.06216194 0.17893173
0.58427751 -0.09227987 0.17053826
0.58419579 -0.09307528 0.17097564
0.53084528 -0.14076824 0.12650560
0.52980256 -0.14210732 0.12409968
0.59615558 -0.07035074 0.17860542
0.55224681 -0.12083223 0.16340092
0.60559171 -0.05959449 0.18170717
0.57368481 -0.09257086 0.17507453
0.61260319 -0.06947710 0.17939678
0.61364567 -0.07212601 0.17979765
0.59509468 -0.10005834 0.17955659
0.57935888 -0.09079348 0.16946651
0.60382760 -0.06822930 0.18138897
0.58277601 -0.08594196 0.17188558
0.59036463 -0.09918045 0.17952551
0.58761102 -0.08084871 0.17381380
0.60939586 -0.07083403 0.17942356
0.60871994 -0.07553717 0.17938526
0.57034081 -0.09451460 0.17669629
0.57475311 -0.09653856 0.17671350
0.57871419 -0.09607617 0.17620613
0.56884736 -0.09756089 0.17482659
0.57611102 -0.08938523 0.17512847
0.56573915 -0.10118425 0.17169125
0.60007340 -0.06446413 0.17961870
0.62939543 -0.06537434 0.18268700
0.54432982 -0.12773430 0.14924762
0.62439281 -0.06428623 0.17531732
0.61758196 -0.07245182 0.17876722
0.62027323 -0.06871728 0.18066524
0.59406567 -0.09808629 0.18141602
0.59172928 -0.08290415 0.17941703
0.60958701 -0.05590865 0.17879543
0.60950166 -0.05815290 0.17583129
0.59780270 -0.08993972 0.17991918
0.55658698 -0.11907430 0.16242230
0.55848491 -0.11474463 0.16328323
0.55861747 -0.11303551 0.16487220
0.61697936 -0.05645987 0.17907599
0.62942666 -0.05367993 0.17757167
0.62427962 -0.05710902 0.17793387
0.56906813 -0.09721248 0.17049441
0.62147850 -0.07096383 0.17886838
0.61666328 -0.07467150 0.17741847
0.59971410 -0.09411655 0.17927891
0.53065389 -0.14138730 0.12832262
0.58089870 -0.08325779 0.17756113
0.63136530 -0.05076011 0.17440750
0.63342857 -0.04966310 0.17461494
0.60009891 -0.07647302 0.17983489
0.56747383 -0.10390791 0.17139977
0.60350776 -0.06731731 0.18144785
0.54745674 -0.12468669 0.15610386
0.60711765 -0.05767673 0.17891647
0.54724121 -0.12559552 0.15400879
0.55703223 -0.11470865 0.16660389
0.60598522 -0.08240647 0.17832275
0.60053134 -0.08844362 0.17806351
0.61543119 -0.05189806 0.17531134
0.53864884 -0.13262780 0.13754702
0.59147853 -0.07923625 0.17925239
0.60428929 -0.07175676 0.18067695
0.61088610 -0.06729478 0.17986608
0.54935163 -0.12336345 0.15926029
0.54896712 -0.12478924 0.15404585
0.61453241 -0.05359041 0.17753264
0.61398363 -0.05578548 0.17929037
0.56667972 -0.10004820 0.16649771
0.58220679 -0.09801902 0.17714147
0.58082682 -0.09935170 0.17660595
0.59488571 -0.07413765 0.17921622
0.63815361 -0.05001603 0.17626996
0.55352074 -0.12062104 0.16069713
0.53550833 -0.13679920 0.12963408
0.61350733 -0.06167044 0.18010986
0.60105318 -0.06347296 0.17999703
0.60699707 -0.05989386 0.18046106
0.56306022 -0.10121379 0.16938591
0.62344712 -0.05627026 0.17683068
0.62542701 -0.05481958 0.17611741
0.55683392 -0.11800592 0.16320680
0.61160094 -0.05606351 0.17434984
0.53996909 -0.13187072 0.14485194
0.54306161 -0.13150819 0.14845370
0.57003582 -0.10083923 0.17362890
0.62396157 -0.06912244 0.18033102
0.57022160 -0.09981310 0.16506086
0.57605386 -0.09696098 0.16777676
0.57843465 -0.08631403 0.17984143
0.59512031 -0.09036843 0.17950219
0.58851570 -0.09559996 0.17871824
0.58951992 -0.07606891 0.17646728
0.53880918 -0.13189501 0.14115682
0.58699059 -0.09089325 0.17806336
0.58486044 -0.09201635 0.17768101
0.58032191 -0.09241030 0.16969956
0.54414636 -0.13134336 0.14979030
0.62194717 -0.07213007 0.17688172
0.59099501 -0.09525732 0.17986664
0.57877463 -0.09165609 0.17841493
0.57719892 -0.09031287 0.17130661
0.56271476 -0.10844922 0.16219901
0.55821609 -0.11666948 0.16200271
0.60383290 -0.06257638 0.18267243
0.59889555 -0.08595910 0.17982577
0.60215998 -0.08219852 0.17968953
0.56552637 -0.10775706 0.16140532
0.62855846 -0.06757012 0.18170725
0.57995874 -0.08426397 0.17641684
0.59847164 -0.06694981 0.17548594
0.56491345 -0.10435420 0.17083554
0.59226412 -0.08558147 0.17888220
0.47591159 -0.18168578 0.19404854
0.47599059 -0.18393478 0.19838803
0.45174599 -0.21377279 0.20650086
0.47947872 -0.19307834 0.19357561
0.50024092 -0.16332461 0.16514884
0.46495456 -0.19560425 0.21411069
0.48483157 -0.19801156 0.19343880
0.45811138 -0.20823301 0.20736317
0.47444600 -0.18254527 0.18991421
0.45530981 -0.20138860 0.21744518
0.46258917 -0.19610550 0.21619692
0.48399717 -0.18010904 0.18821841
0.48632681 -0.17888463 0.18554105
0.46956849 -0.19031957 0.20648363
0.47396728 -0.18670397 0.19912341
0.48026264 -0.19187136 0.19125602
0.46791670 -0.18634292 0.19969130
0.46876287 -0.18601230 0.19967093
0.50571382 -0.16216114 0.15994622
0.47365311 -0.19788297 0.19843739
0.47278762 -0.18852608 0.20400976
0.47686657 -0.18865204 0.19972676
0.50116509 -0.16410385 0.16571358
0.48119137 -0.19740126 0.19389486
0.45691305 -0.21028636 0.20640583
0.44582424 -0.22536281 0.20984967
0.44195223 -0.21927439 0.20914297
0.47710893 -0.18665417 0.18943578
0.47735462 -0.18756595 0.18616979
0.47516352 -0.18253660 0.18574075
0.45450816 -0.20677628 0.21179602
0.45663777 -0.20832063 0.20937216
0.47674242 -0.19079898 0.19360405
0.47680396 -0.18863413 0.19568545
0.44635716 -0.20741417 0.21462487
0.46031928 -0.20332646 0.21037930
0.46523416 -0.20107180 0.20825070
0.45816556 -0.21308754 0.20345068
0.46952349 -0.20713015 0.19257769
0.50063598 -0.18253380 0.17798188
0.50441211 -0.17814557 0.17093593
0.47971714 -0.18042494 0.18158597
0.48009983 -0.18023197 0.18119846
0.46687409 -0.19928204 0.20536052
0.47397721 -0.19546954 0.20010599
0.46904787 -0.19747864 0.20422338
0.44580594 -0.21020132 0.21367204
0.45269307 -0.20570251 0.21329005
0.49645901 -0.17201458 0.17416377
0.49566799 -0.17515799 0.17639421
0.49942896 -0.17151551 0.17182453
0.48550224 -0.18485963 0.18938904
0.48375678 -0.18347971 0.19034676
0.44542435 -0.22554579 0.21001238
0.49097386 -0.18324092 0.18386315
0.49523747 -0.17575835 0.17701168
0.45431873 -0.20408055 0.21549684
0.46958664 -0.20279229 0.19961192
0.46120113 -0.20863400 0.20486814
0.45808339 -0.20272380 0.21172218
0.46128067 -0.20034181 0.21188857
0.46923554 -0.20138007 0.20116171
0.47112727 -0.19728029 0.20200928
0.46671239 -0.20215192 0.20351258
0.47323114 -0.20405851 0.19720642
0.46666068 -0.20815955 0.19445156
0.46550542 -0.20864511 0.19238694
0.46305773 -0.21083099 0.20106480
0.46971908 -0.19280045 0.20724015
0.46691522 -0.19606711 0.20839329
0.46485284 -0.19527669 0.21116512
0.44246903 -0.22248662 0.20882860
0.48485482 -0.17605452 0.17216547
0.48189461 -0.17968991 0.18347329
0.48281577 -0.17975388 0.18389618
0.47931886 -0.18176752 0.19339414
0.47841400 -0.18322621 0.19521485
0.46187487 -0.19686656 0.21595865
0.48740813 -0.19357257 0.19268602
0.46437806 -0.20758323 0.20571041
0.47028157 -0.20491546 0.20158063
0.46503878 -0.20945787 0.20524724
0.44366741 -0.21184596 0.21311525
0.44618255 -0.21381280 0.21167088
0.44362679 -0.21743491 0.20995350
0.49189639 -0.18361984 0.18366742
0.49415421 -0.18060829 0.18032631
0.49706879 -0.17955601 0.17822610
0.45628101 -0.21644428 0.20160004
0.47587088 -0.19688347 0.19806631
0.47497264 -0.19485511 0.19936952
0.48944068 -0.17583029 0.17974009
0.48803392 -0.17465436 0.17628130
0.49498603 -0.16985537 0.17251174
0.49693239 -0.16694131 0.16854684
0.46695739 -0.19155106 0.21215205
0.48744798 -0.17409500 0.17372437
0.48633805 -0.17481805 0.17307235
0.45532000 -0.20344380 0.21344545
0.45657718 -0.21647784 0.20133781
0.46724570 -0.19360350 0.21274982
0.46809530 -0.19247369 0.21132724
0.47355148 -0.19371255 0.20156643
0.47037148 -0.19612905 0.20553230
0.46631917 -0.20059896 0.20646921
0.46020588 -0.20706159 0.20590553
0.47311237 -0.20338422 0.19965447
0.46961614 -0.20077653 0.20219906
0.49977604 -0.16662171 0.16671818
0.49644175 -0.16910121 0.16873012
0.49646285 -0.16854474 0.16840069
0.47364762 -0.19149002 0.20220244
0.48371917 -0.19049345 0.18586420
0.46362266 -0.21087243 0.20261951
0.47528064 -0.18181130 0.18543608
0.47562283 -0.18158324 0.18621151
0.46353960 -0.21017443 0.19931982
0.46480596 -0.21128018 0.19560988
0.46632177 -0.20984454 0.19367990
0.47198018 -0.20759474 0.19282089
0.46295828 -0.21326281 0.19879802
0.47420043 -0.20357507 0.19644980
0.50459898 -0.16942544 0.16421324
0.50288844 -0.16735829 0.16552348
0.46892732 -0.18702075 0.20226063
0.50636005 -0.17487353 0.16650994
0.50618410 -0.17609829 0.16763784
0.50295562 -0.17323509 0.16878088
0.48744205 -0.17751510 0.18245620
0.48072428 -0.20036630 0.19452813
0.47252753 -0.20539917 0.19718523
0.46898234 -0.18764338 0.20144106
0.47196335 -0.18541685 0.19833344
0.48620212 -0.19211933 0.18917537
0.38167036 -0.28081611 0.16814291
0.38189873 -0.27989158 0.17001486
0.41525972 -0.22864200 0.20040828
0.42534354 -0.24919522 0.21011032
0.37817836 -0.28238848 0.16165547
0.40577051 -0.25253564 0.20327954
0.38336042 -0.27798378 0.18153143
0.41295362 -0.25517237 0.20547730
0.37026468 -0.27863014 0.16499016
0.37135884 -0.27960244 0.16189674
0.38908052 -0.24788007 0.21326542
0.43580359 -0.21146014 0.20984963
0.38359332 -0.28138450 0.17446369
0.38307732 -0.27818051 0.17344147
0.43062726 -0.21222025 0.20981860
0.36531135 -0.27735171 0.16496330
0.39014402 -0.28237513 0.19510338
0.39135763 -0.24399246 0.20592105
0.40549058 -0.26457596 0.20657705
0.40443906 -0.26162219 0.20620742
0.38389701 -0.28644422 0.17748927
0.36441264 -0.27041018 0.17283498
0.40892139 -0.25891319 0.20646973
0.37389132 -0.29574454 0.15981345
0.38864905 -0.27115521 0.19426125
0.42821574 -0.22911529 0.20361538
0.43285227 -0.23064215 0.20594051
0.38686556 -0.27189523 0.19293204
0.38400346 -0.27880538 0.19177020
0.41644207 -0.23465419 0.20142300
0.37042093 -0.29651561 0.15080272
0.36677295 -0.28891799 0.15178148
0.38913742 -0.23872063 0.21293883
0.37846863 -0.28738981 0.15795466
0.39942807 -0.26090530 0.20558037
0.38083702 -0.25617003 0.19270992
0.41593018 -0.24972756 0.20361342
0.42440110 -0.21984375 0.20266904
0.43936566 -0.21353425 0.21160004
0.43784791 -0.21171774 0.21135849
0.42752311 -0.21862665 0.20576347
0.38001946 -0.28681383 0.16764781
0.41904938 -0.22619195 0.20564614
0.41533533 -0.26581007 0.20500234
0.42442220 -0.22725789 0.20156465
0.40107989 -0.23571213 0.20383734
0.38714838 -0.26405415 0.18764021
0.38657898 -0.26075870 0.18718693
0.38332468 -0.28957501 0.17237280
0.38336438 -0.28856960 0.17365555
0.42621964 -0.21790238 0.20403469
0.38828242 -0.25897196 0.19083944
0.38742143 -0.25785530 0.19150048
0.39252874 -0.26019260 0.19389373
0.39257038 -0.25747654 0.19799565
0.39072511 -0.25621793 0.19773206
0.38991135 -0.24003972 0.20996489
0.41494292 -0.23086812 0.21047795
0.41407850 -0.23785730 0.20053360
0.38219488 -0.27137914 0.18468718
0.42044845 -0.22402178 0.19944467
0.43037030 -0.23676619 0.20527567
0.41976118 -0.24467152 0.20333605
0.37825903 -0.26710317 0.17834231
0.42579818 -0.24332964 0.20598820
0.42163339 -0.25609669 0.20470029
0.38160118 -0.26091233 0.19682607
0.38431576 -0.26034638 0.19885945
0.41728687 -0.22979982 0.21122745
0.42587090 -0.22327736 0.21019620
0.42649218 -0.22258288 0.20981055
0.41403398 -0.26066539 0.20378372
0.37335607 -0.28655905 0.15545465
0.38884124 -0.24120028 0.21327090
0.41149524 -0.25851387 0.20598231
0.39300793 -0.23761278 0.20567550
0.37716773 -0.25495243 0.19309697
0.38602024 -0.28401747 0.18725663
0.37628612 -0.26624179 0.17784038
0.37277499 -0.26986223 0.17441994
0.37175214 -0.27326491 0.17419182
0.37309191 -0.26852331 0.17452736
0.36454320 -0.26882455 0.17420392
0.38129738 -0.25194326 0.20639467
0.38122666 -0.25173196 0.20668788
0.38551638 -0.28524980 0.18214534
0.38181716 -0.27423829 0.17720114
0.42022133 -0.22432062 0.20507990
0.41509846 -0.23339984 0.20107439
0.36550239 -0.29309261 0.15105607
0.38238683 -0.26228973 0.18378709
0.38199973 -0.27485701 0.18114129
0.43101728 -0.21145777 0.20765597
0.43302569 -0.20783024 0.21070664
0.36491007 -0.27358884 0.16897890
0.36712345 -0.26661971 0.18083638
0.38745967 -0.26772526 0.19048485
0.38879240 -0.26666388 0.19145468
0.42094472 -0.22930682 0.20114024
0.36379963 -0.28933978 0.15703931
0.39344722 -0.26373681 0.19748820
0.39164957 -0.26525080 0.19541129
0.37736699 -0.25171596 0.19875076
0.36461413 -0.26734716 0.17818862
0.36995488 -0.26470312 0.17809601
0.41031966 -0.23032372 0.20386729
0.37174478 -0.28063616 0.16049483
0.38643396 -0.28328249 0.19038565
0.40917942 -0.23801470 0.20243481
0.36033028 -0.28026170 0.16495760
0.41007641 -0.24815403 0.20227620
0.37228176 -0.28619123 0.15522498
0.42388013 -0.24853620 0.20670626
0.36807606 -0.28643143 0.15443908
0.37238267 -0.29104561 0.15216850
0.38190201 -0.24774021 0.20526747
0.40165547 -0.24692047 0.20433228
0.41289124 -0.22748794 0.20137319
0.42406383 -0.21891961 0.20247260
0.42750672 -0.22407199 0.20438814
0.42908770 -0.22340038 0.20512971
0.36219728 -0.28364992 0.16177374
0.42892468 -0.23747973 0.20504995
0.39887634 -0.25006440 0.20536526
0.37202296 -0.29676294 0.15413944
0.36565071 -0.28443047 0.15814091
0.41386983 -0.24684326 0.20184492
0.38167781 -0.27446583 0.18507762
0.40200862 -0.25235924 0.20489497
0.39158350 -0.26940727 0.19792373
0.36270696 -0.27107647 0.18163861
0.41582745 -0.25136280 0.21100357
0.41294426 -0.25623646 0.21023907
0.40864137 -0.23073752 0.20741092
0.37840119 -0.27734351 0.16888981
0.37803674 -0.27657282 0.16936192
0.40399793 -0.23222858 0.20851485
0.40059179 -0.23291172 0.20944984
0.42908370 -0.21486595 0.20748001
0.40359202 -0.24702978 0.20406391
0.42097324 -0.25066108 0.20539410
0.41858563 -0.25138381 0.21124737
0.41378847 -0.25594971 0.21032979
0.37534454 -0.27660498 0.16889293
0.36759493 -0.26625052 0.17589076
0.39259830 -0.24039473 0.21488178
0.39766195 -0.24783368 0.20418166
0.38184428 -0.24654001 0.20350769
0.42092016 -0.24739231 0.20509382
0.38310173 -0.27593675 0.18980454
0.36708418 -0.29750299 0.15027356
0.36397988 -0.29444897 0.15150177
0.38287076 -0.28217927 0.18206267
0.39314950 -0.23461013 0.21178161
0.37889177 -0.25499016 0.20033175
0.37738159 -0.25590736 0.19892940
0.37758696 -0.25589126 0.19903348
0.39142162 -0.24546717 0.20689002
0.39794028 -0.24572696 0.20305605
0.42072621 -0.25982627 0.20584923
0.37078106 -0.28194600 0.15913484
0.40101451 -0.23381306 0.21138681
0.38315102 -0.26923946 0.18440346
0.42304838 -0.23253973 0.20313272
0.42599225 -0.23292546 0.20368609
0.41793713 -0.25915337 0.20838161
0.41860861 -0.26007792 0.20758389
0.42212117 -0.25857088 0.20754768
0.39972323 -0.24154744 0.21425156
0.42812976 -0.21776605 0.20657484
0.37658063 -0.29016069 0.15513679
0.40543509 -0.23984124 0.20228072
0.39119852 -0.27486312 0.19735326
0.37312636 -0.26477200 0.18643226
0.37436655 -0.26221469 0.18732496
0.37691414 -0.25455713 0.19900253
0.37775198 -0.26359078 0.19202805
0.37360898 -0.26287648 0.18526191
0.38251522 -0.25376576 0.19621187
0.38737053 -0.25439960 0.19554599
0.39157644 -0.24974285 0.20151976
0.43212861 -0.21164387 0.20724519
0.39396262 -0.25275776 0.20269665
0.38844380 -0.24776460 0.20353399
0.38657421 -0.25460649 0.19470645
0.38657945 -0.25406149 0.19525465
0.39939621 -0.24236451 0.20171189
0.42984286 -0.21714458 0.20705678
0.43100414 -0.22066355 0.20666592
0.39931861 -0.23618490 0.20405883
0.41215944 -0.24063882 0.20156953
0.42299119 -0.25485763 0.20816699
0.40906262 -0.26460466 0.20681754
0.38027421 -0.28479144 0.16961749
0.38133574 -0.28239039 0.16535936
0.37525779 -0.26065710 0.18387747
0.41859096 -0.23593760 0.20217076
0.42055511 -0.23412986 0.20279185
0.36249927 -0.27114719 0.17222066
0.36213174 -0.27191621 0.17153831
0.42393950 -0.23460025 0.20355453
0.41384742 -0.23739403 0.20057163
0.41085580 -0.23110728 0.19987133
0.42537278 -0.21851569 0.20322557
0.41617987 -0.26303190 0.20254076
0.41262123 -0.26220718 0.20828338
0.38384071 -0.25645179 0.19120789
0.38309455 -0.25724372 0.18920977
0.40911233 -0.23290038 0.21206339
0.38450763 -0.27090278 0.18917553
0.39473024 -0.23399468 0.20987643
0.36318588 -0.28618890 0.16193581
0.37126115 -0.29455724 0.15013333
0.37055135 -0.29519126 0.14968526
0.37872615 -0.26213205 0.18191832
0.39167202 -0.24044107 0.20454541
0.38083562 -0.28502494 0.17366630
0.39030221 -0.24174850 0.21073852
0.37166837 -0.26447994 0.17787817
0.41627729 -0.25930110 0.20363396
0.40799770 -0.25468972 0.20487125
0.42108905 -0.24991779 0.21165061
0.41045365 -0.26892707 0.20591038
0.45009768 -0.22954151 0.20863979
0.44082090 -0.24318299 0.21754371
0.48794645 -0.20098802 0.18951602
0.39344028 -0.26896551 0.20022483
0.43222681 -0.24569681 0.21006203
0.43149984 -0.24530199 0.20966592
0.42766967 -0.24734156 0.20933627
0.38988650 -0.26254043 0.19985850
0.38679999 -0.26448733 0.19748461
0.44665456 -0.23625365 0.21615759
0.49011385 -0.19237763 0.18241480
0.49097008 -0.19359459 0.19147575
0.49124014 -0.19260390 0.19061996
0.39854163 -0.25790629 0.20390558
0.47025526 -0.20841691 0.19954424
0.47403529 -0.20511070 0.19843255
0.43038067 -0.22711203 0.21376239
0.44457647 -0.22968298 0.20979103
0.50043380 -0.18856256 0.17698894
0.50106829 -0.18824364 0.17580253
0.49993956 -0.18388925 0.17945437
0.44104567 -0.23022297 0.21002907
0.39408752 -0.25661868 0.20666501
0.39059621 -0.25540778 0.20631166
0.38871017 -0.25157389 0.21077073
0.46675164 -0.21001706 0.20331566
0.45955777 -0.21536960 0.20727353
0.46174875 -0.21481223 0.20397349
0.49054655 -0.19318041 0.18573248
0.49078813 -0.18894982 0.18813676
0.49041611 -0.19180237 0.19038606
0.39963222 -0.25636047 0.20575824
0.43515280 -0.22683458 0.20722601
0.44609874 -0.23768778 0.21626464
0.43584448 -0.24598490 0.21164037
0.48740029 -0.19577324 0.19290622
0.47907203 -0.20122103 0.19673385
0.48580447 -0.20139056 0.19140948
0.44087273 -0.23927565 0.21214421
0.39357901 -0.27369019 0.20535825
0.40165272 -0.27435157 0.20793484
0.43687236 -0.23994389 0.21052623
0.44498521 -0.23764013 0.21424422
0.39746970 -0.24731143 0.21265985
0.39707428 -0.25315198 0.20861700
0.45399931 -0.22430748 0.20642443
0.45456195 -0.22139724 0.20578772
0.39509237 -0.27469066 0.19935840
0.39312798 -0.27199224 0.20436460
0.39642483 -0.27468076 0.19985548
0.40329668 -0.26786795 0.20448074
0.39989072 -0.26783285 0.20392871
0.39727330 -0.27628615 0.20090103
0.39703688 -0.27036354 0.20175676
0.43522471 -0.23930274 0.20936389
0.43391672 -0.23736082 0.20753764
0.39830974 -0.26376191 0.20456792
0.41012186 -0.26886353 0.20573799
0.38930318 -0.24712791 0.21310666
0.39298880 -0.24384069 0.21429834
0.38761362 -0.24571565 0.21344540
0.43254557 -0.23932146 0.21681722
0.41582754 -0.24105933 0.21209192
0.41932330 -0.23680930 0.21259250
0.41856977 -0.23221210 0.21289974
0.41680646 -0.23490377 0.21260598
0.41468051 -0.24494269 0.21195762
0.42060453 -0.24211754 0.21304461
0.39230976 -0.28061166 0.19690819
0.43893087 -0.22492260 0.21509163
0.42630410 -0.23909092 0.21409330
0.43100649 -0.23012781 0.21447060
0.42944518 -0.23001193 0.21405390
0.43799287 -0.22742380 0.20927648
0.44620189 -0.22340865 0.21413198
0.44124505 -0.22681352 0.21575736
0.44293383 -0.21410426 0.21408625
0.42612579 -0.24346142 0.21383280
0.42840135 -0.24387956 0.21456942
0.48177174 -0.19835371 0.19550943
0.39471701 -0.26415050 0.20007236
0.43586898 -0.24866417 0.21213818
0.40381667 -0.25316894 0.20764168
0.40871528 -0.24696095 0.21129303
0.40649423 -0.24816623 0.21076351
0.40166831 -0.25438324 0.20709558
0.40823597 -0.24902573 0.20991613
0.43381342 -0.22042218 0.21393290
0.43350497 -0.22082905 0.21389192
0.43159458 -0.22907315 0.21442494
0.44401452 -0.23761091 0.22069360
0.43279275 -0.24922973 0.21277463
0.43435150 -0.24939916 0.21246153
0.44110781 -0.23617323 0.22083215
0.43571484 -0.24528475 0.21745190
0.43297955 -0.23939778 0.21713026
0.43814293 -0.21865557 0.21430480
0.43694612 -0.21799378 0.21460102
0.41702038 -0.24647853 0.21190579
0.44148335 -0.24159266 0.22152674
0.43595347 -0.20464195 0.21324147
0.40052041 -0.27206752 0.20213164
0.43567392 -0.23157386 0.21587928
0.43353328 -0.23394430 0.21562958
0.44898081 -0.21672776 0.21267214
0.45086154 -0.21832122 0.21239345
0.44931391 -0.21197578 0.21317825
0.44042212 -0.24300493 0.21555051
0.44359386 -0.23106137 0.21784124
0.44053331 -0.23334867 0.21954635
0.42639202 -0.22340250 0.21041210
0.42339742 -0.23001274 0.21288183
0.39275369 -0.26712155 0.20198406
0.44581881 -0.20386942 0.21589898
0.44234326 -0.20439561 0.21509761
0.38901022 -0.26921013 0.19770159
0.38880512 -0.26652554 0.19810948
0.44070166 -0.20158540 0.21306932
0.45474824 -0.22449221 0.20828533
0.45158312 -0.23069195 0.20891792
0.45810071 -0.22014453 0.20553109
0.44559240 -0.20236349 0.21527481
0.44355908 -0.20821331 0.21496810
0.45570204 -0.21344194 0.21038868
0.45466688 -0.21038607 0.20993382
0.45905888 -0.20767751 0.20814849
0.43611041 -0.23141971 0.20836696
0.48933271 -0.19977319 0.18994194
0.49033582 -0.19444846 0.19186173
0.44903162 -0.20700334 0.21466692
0.44241640 -0.23354873 0.21919990
0.43984416 -0.20688738 0.21040419
0.43923807 -0.20639603 0.20967658
0.40998521 -0.26254556 0.20928891
0.43309736 -0.21663491 0.21225242
0.40596753 -0.26809448 0.20559689
0.45428452 -0.20798717 0.21171905
0.45268840 -0.21048908 0.21129313
0.38950247 -0.27264091 0.19955610
0.39058620 -0.27141953 0.20067443
0.40553278 -0.26826760 0.20940690
0.43030718 -0.24161687 0.20703328
0.39050362 -0.28197205 0.19760729
0.49794403 -0.19426383 0.18687296
0.49946961 -0.19345248 0.18527082
0.39718249 -0.27873009 0.20431615
0.45629334 -0.21891402 0.21026176
0.45732507 -0.21759787 0.20937841
0.44812417 -0.22935833 0.20907564
0.40050063 -0.26883522 0.20846169
0.42976016 -0.24706116 0.21510892
0.42873403 -0.24618764 0.21444409
0.38648182 -0.25351816 0.20716710
0.49248108 -0.19242416 0.17916425
0.47793359 -0.20552860 0.19382840
0.47609785 -0.20497030 0.19654424
0.49019605 -0.19906758 0.18750824
0.49082658 -0.19833082 0.18726416
0.44563547 -0.23423277 0.20999335
0.43212882 -0.24257761 0.20915334
0.39930466 -0.26298478 0.20616183
0.40733266 -0.26110509 0.20854531
0.40141395 -0.26054394 0.20626159
0.44913563 -0.23135388 0.21461906
0.44827607 -0.23250815 0.21582559
0.44507873 -0.20654039 0.21590441
0.45326933 -0.20520641 0.21498516
0.43698078 -0.21452256 0.21409507
0.43760726 -0.20856710 0.21397565
0.49945089 -0.18772675 0.18140955
0.50022185 -0.18933640 0.17904128
0.40730754 -0.24295782 0.21292886
0.41222590 -0.24322119 0.21192838
0.40902838 -0.23882431 0.21302566
0.40293631 -0.24427941 0.21365353
0.48602891 -0.19120884 0.19130684
0.48044863 -0.19435455 0.19499172
0.41285565 -0.23303542 0.21279003
0.40323249 -0.24091537 0.21391958
0.48446402 -0.18970874 0.19080499
0.47979459 -0.19422430 0.19526930
0.39512020 -0.27602535 0.20642887
0.40568516 -0.25499320 0.20815709
0.40992376 -0.25564986 0.20977628
0.40961236 -0.25614306 0.20961778
0.40809342 -0.25204751 0.20931947
0.39585483 -0.26419610 0.20469908
0.39605069 -0.26327685 0.20466018
0.51625645 -0.13751625 0.06751819
0.51397341 -0.13951661 0.06753335
0.51687914 -0.14455096 0.06573346
0.51886415 -0.14325967 0.06608527
0.52193069 -0.14532979 0.06427868
0.51898724 -0.12230112 0.07376858
0.52703154 -0.15687057 0.05977347
0.52236181 -0.13969274 0.06502844
0.52154839 -0.13657065 0.06529233
0.51547748 -0.12933722 0.07224515
0.51696265 -0.13308756 0.06946935
0.51922077 -0.13771681 0.06704123
0.53703326 -0.15398970 0.06466357
0.54124588 -0.15339439 0.06316610
0.51737732 -0.12416256 0.07345184
0.52290881 -0.12176421 0.07048851
0.52903229 -0.15365387 0.06271316
0.52344799 -0.15036540 0.06170499
0.53423607 -0.15531717 0.06296335
0.53463125 -0.15546273 0.06264948
0.53955841 -0.15697452 0.05931282
0.56059998 -0.12217183 0.15748481
0.54878640 -0.13629717 0.14335811
0.58283061 -0.10097463 0.17009538
0.58078969 -0.10107230 0.16952680
0.57407969 -0.10800225 0.16666122
0.54516566 -0.12978305 0.15283869
0.56813002 -0.11596019 0.16075863
0.58958429 -0.10124024 0.17475682
0.58706164 -0.10165887 0.17309418
0.57193625 -0.10017528 0.16498427
0.55211031 -0.12824823 0.15197061
0.58549225 -0.10335619 0.17228045
0.57689559 -0.10609026 0.16818158
0.57116878 -0.11342942 0.16376930
0.58766943 -0.10050007 0.17680207
0.58515978 -0.09722045 0.17123741
0.54280537 -0.13353372 0.14112802
0.54562384 -0.13609877 0.14290529
0.54390049 -0.13979506 0.13992639
0.57934976 -0.10677104 0.16909401
0.55626440 -0.12186284 0.15897241
0.55696493 -0.12120293 0.16158617
0.56131774 -0.11969789 0.16451108
0.58706844 -0.09638496 0.17197864
0.54071748 -0.13880700 0.13693714
0.56288284 -0.11894925 0.16559455
0.56242990 -0.11554764 0.16567005
0.54335344 -0.13043956 0.14390098
0.57110691 -0.10444708 0.17201856
0.56750184 -0.11927155 0.16535641
0.54666209 -0.13457586 0.14488246
0.59277272 -0.09916148 0.17641760
0.55410492 -0.12337092 0.15723269
0.54841882 -0.13052823 0.14974907
0.55453241 -0.12182036 0.15975553
0.57027453 -0.10876960 0.16251001
0.57675540 -0.10671636 0.17278489
0.53965092 -0.13844573 0.13631591
0.54143560 -0.14230640 0.13577709
0.53329474 -0.13915837 0.13222706
0.53638786 -0.14093147 0.13455383
0.54652047 -0.13496941 0.14806108
0.54715437 -0.13723865 0.14514937
0.53547436 -0.13727672 0.13625206
0.54002535 -0.13632683 0.14187095
0.53711623 -0.14531210 0.12945957
0.54541856 -0.14003493 0.14103784
0.53614193 -0.13877386 0.12738761
0.57701761 -0.09854244 0.16841207
0.54915559 -0.13446878 0.14905980
0.54174012 -0.13750657 0.14245187
0.55192453 -0.13251559 0.15233579
0.55527079 -0.12917966 0.15698184
0.57301319 -0.11371210 0.16589837
0.54194748 -0.14004746 0.13994080
0.54486239 -0.13251291 0.14470246
0.55189955 -0.12779151 0.15738106
0.54416597 -0.13378339 0.14299539
0.55248761 -0.13080260 0.14966434
0.53581500 -0.14664705 0.12835893
0.58001667 -0.10034817 0.17614545
0.58204013 -0.10019401 0.17675480
0.57710075 -0.10820861 0.17065080
0.58366299 -0.10309330 0.17477117
0.55482954 -0.13043025 0.15238962
0.56325769 -0.11427414 0.15943943
0.56114614 -0.11704828 0.15937564
0.56493515 -0.11970127 0.16602628
0.55076283 -0.13420443 0.14727664
0.56223398 -0.12343648 0.16228268
0.53852320 -0.14235961 0.13523160
0.57344103 -0.10962294 0.17075528
0.57202065 -0.11104979 0.17023879
0.56466007 -0.11270131 0.16736974
0.56699663 -0.11639955 0.16798851
0.53501081 -0.14336592 0.12282066
0.53440958 -0.14523093 0.11936293
0.54717588 -0.13775685 0.20916620
0.56606334 -0.13518828 0.23136486
0.53654188 -0.15455928 0.17738211
0.54956192 -0.13187063 0.22492267
0.57403368 -0.13250743 0.22721788
0.54606974 -0.13165128 0.22115520
0.54089636 -0.13180353 0.21586385
0.52734768 -0.13935691 0.20491509
0.52188796 -0.14476335 0.17578551
0.52575105 -0.14531164 0.17386603
0.52166802 -0.14720303 0.16742338
0.51899016 -0.14824380 0.16816707
0.52661771 -0.14521709 0.18676783
0.53360498 -0.14929092 0.18117628
0.53219992 -0.14845781 0.18075176
0.51449013 -0.14469916 0.18759088
0.51547933 -0.14421263 0.18404205
0.53575408 -0.15166326 0.17748366
0.53628206 -0.13978328 0.21049140
0.53484434 -0.14013381 0.20891832
0.53360945 -0.14934018 0.18096024
0.51488554 -0.14388913 0.19620663
0.51729906 -0.14320540 0.19681668
0.53290641 -0.15009870 0.17174311
0.52719760 -0.14562713 0.17473699
0.52679694 -0.14550516 0.17290226
0.53070140 -0.14658782 0.18655334
0.55165732 -0.14316531 0.20561831
0.53034633 -0.14856257 0.16364622
0.53078896 -0.14887191 0.16162303
0.55469686 -0.13692991 0.22091964
0.56974387 -0.13596413 0.23312052
0.56779373 -0.13088585 0.23202781
0.56143558 -0.13942669 0.22927539
0.54157007 -0.13182758 0.21632993
0.53616774 -0.13594680 0.21290711
0.56483018 -0.13090011 0.23104799
0.52525425 -0.14648820 0.15712145
0.55678785 -0.13715866 0.22002487
0.55964410 -0.14146027 0.21596727
0.52139413 -0.14454095 0.18111987
0.52379608 -0.14485741 0.18210821
0.52624059 -0.14566545 0.13493252
0.54491961 -0.15471184 0.19741051
0.50863039 -0.15508743 0.20994605
0.57467479 -0.13298412 0.22388066
0.54982108 -0.13085069 0.22328402
0.53764325 -0.13707837 0.20387278
0.52687627 -0.14348635 0.19872548
0.53211075 -0.14175291 0.20432927
0.53667235 -0.14778897 0.19300362
0.53498709 -0.14654024 0.19696361
0.53914303 -0.14561155 0.19978741
0.58055586 -0.13775328 0.22224301
0.54085016 -0.15191589 0.19079810
0.55504966 -0.14755885 0.20696345
0.51515812 -0.14907342 0.17615661
0.54383987 -0.13409129 0.21776894
0.53874218 -0.15009004 0.19385473
0.54086280 -0.14933458 0.19726178
0.53317457 -0.14619991 0.19609469
0.54009283 -0.15181458 0.18816416
0.51662368 -0.14145797 0.20146593
0.51889074 -0.14264870 0.19742757
0.51726943 -0.14157583 0.20083643
0.53228086 -0.15218273 0.15992634
0.52692765 -0.14490323 0.19428597
0.54223967 -0.15291999 0.19584186
0.53514498 -0.14415802 0.19964907
0.54088950 -0.14044774 0.20102456
0.52985018 -0.14480650 0.19686249
0.53513581 -0.15340276 0.17269410
0.53147238 -0.14708926 0.12834480
0.53374571 -0.13913421 0.20733465
0.54831100 -0.13116689 0.21903059
0.55227685 -0.13368088 0.22094360
0.52712840 -0.14728701 0.14723632
0.52412891 -0.14238349 0.19674335
0.53240681 -0.15366760 0.15940113
0.53323841 -0.15376109 0.16758071
0.53256875 -0.13855352 0.21008013
0.53307605 -0.14588813 0.19736955
0.58336800 -0.14494568 0.22037935
0.54570448 -0.13591456 0.21309404
0.54959905 -0.15707111 0.20610470
0.54533195 -0.13905837 0.20182140
0.53586608 -0.13848232 0.21206783
0.54400980 -0.14026155 0.21400020
0.51173741 -0.14405824 0.20712174
0.50923568 -0.14348468 0.21044348
0.50509441 -0.15343465 0.21908492
0.52366102 -0.14664671 0.14279914
0.50320792 -0.14974476 0.21804833
0.51952446 -0.14669299 0.14957938
0.52898544 -0.14792250 0.15459383
0.50826269 -0.15122662 0.20979480
0.55543476 -0.15400580 0.20807199
0.55616891 -0.15100260 0.20707783
0.52650106 -0.14678110 0.15693651
0.51349121 -0.14738518 0.19831365
0.56915337 -0.13873076 0.21300888
0.56666565 -0.13511102 0.21766068
0.55364418 -0.14132002 0.21005286
0.55125463 -0.14781845 0.20641880
0.54975390 -0.15050577 0.20709240
0.55797017 -0.14709131 0.20802657
0.59202623 -0.15787888 0.20838244
0.59343344 -0.16622467 0.21177898
0.59124291 -0.16347414 0.21335678
0.57658851 -0.13575445 0.23100773
0.56989199 -0.13030840 0.23038764
0.57876730 -0.13856670 0.21532775
0.58232737 -0.14373882 0.21177146
0.58202875 -0.14113693 0.21549504
0.55431652 -0.13021262 0.22206189
0.58167690 -0.13859120 0.22706531
0.53508174 -0.14246784 0.20478420
0.53988373 -0.14274409 0.20745702
0.53835446 -0.14233877 0.20724650
0.54642528 -0.15384376 0.20455036
0.55047405 -0.13737108 0.22018023
0.57540876 -0.14661831 0.21092890
0.57927769 -0.14648217 0.21042073
0.57923120 -0.14526188 0.20992573
0.51367337 -0.14538230 0.19931534
0.54393977 -0.14524227 0.20809321
0.54529518 -0.15247552 0.20466109
0.53889143 -0.14569767 0.20166528
0.54295272 -0.14699367 0.20567073
0.54770416 -0.15436889 0.20624830
0.56823969 -0.15072595 0.21043608
0.57026774 -0.14277589 0.20975451
0.59114861 -0.15613858 0.20902430
0.58592600 -0.15004671 0.21687683
0.51892638 -0.14525811 0.14263596
0.56830925 -0.14556022 0.23318715
0.57099408 -0.14112405 0.23375985
0.56349307 -0.14622369 0.23099542
0.56997371 -0.14167450 0.23336093
0.54178536 -0.13708010 0.20589463
0.53500491 -0.13814220 0.20596716
0.58370894 -0.14299262 0.21601748
0.54343057 -0.14972685 0.20212415
0.58781540 -0.15145561 0.21025704
0.58731639 -0.15015198 0.21349484
0.53806424 -0.13173370 0.20915516
0.58318645 -0.15743972 0.22305994
0.57765222 -0.15461035 0.22880277
0.58215171 -0.15157858 0.22421364
0.58456594 -0.15963030 0.22160612
0.58210957 -0.15213995 0.22424865
0.58527648 -0.15448990 0.21974468
0.58601362 -0.15749708 0.21896571
0.58326364 -0.14959016 0.22251806
0.58589447 -0.15689458 0.21906890
0.56168914 -0.14544639 0.21224244
0.56225067 -0.14828715 0.20950536
0.54421389 -0.15240359 0.20079416
0.54637337 -0.13721694 0.20537606
0.54284036 -0.13428655 0.21324867
0.58092046 -0.14503217 0.20981620
0.58031243 -0.14264773 0.21146764
0.54921973 -0.14316007 0.20381795
0.54839420 -0.14152317 0.20245081
0.56022990 -0.13767476 0.22846550
0.55785775 -0.13793266 0.22693050
0.55324715 -0.14210729 0.21548003
0.56752765 -0.13120252 0.22045478
0.56761956 -0.13411944 0.21825954
0.54131442 -0.15381451 0.18957672
0.52031845 -0.14819723 0.15807468
0.51877207 -0.14919138 0.16411105
0.57223344 -0.13200122 0.22069205
0.57384610 -0.13243431 0.22254547
0.54858744 -0.13927107 0.21667132
0.53694606 -0.15271591 0.17801286
0.50126672 -0.14872539 0.21992850
0.57405102 -0.14562920 0.23199746
0.57105410 -0.15331806 0.23557249
0.57166576 -0.14266825 0.23408498
0.57886446 -0.14968543 0.22762467
0.56562734 -0.14412662 0.21117237
0.56469768 -0.14392513 0.21183178
0.54106629 -0.13146994 0.21329333
0.55686814 -0.13498598 0.22608405
0.57972652 -0.13660283 0.22700620
0.51002842 -0.14831239 0.20924270
0.50771332 -0.14559153 0.21246077
0.56532675 -0.12913743 0.22865285
0.51196247 -0.14854777 0.20605882
0.51276904 -0.14989904 0.20153847
0.56899726 -0.14144106 0.21030810
0.56314933 -0.14033717 0.21483858
0.56023240 -0.13080293 0.22152050
0.55805540 -0.14148587 0.21619672
0.55054444 -0.13921817 0.20907167
0.56281394 -0.12925063 0.22739623
0.53143817 -0.15210405 0.15290323
0.52967358 -0.14822026 0.15457827
0.55777502 -0.14258954 0.21258886
0.54797471 -0.13852821 0.21272437
0.58154440 -0.13846451 0.21919090
0.54828846 -0.13651040 0.21905519
0.54535592 -0.13744572 0.20792384
0.52602422 -0.14580649 0.13878629
0.51482278 -0.14920917 0.18583338
0.52162522 -0.14430524 0.18983634
0.52030653 -0.14434108 0.18483682
0.53215933 -0.14376716 0.20015800
0.55501503 -0.15062447 0.20677747
0.57826471 -0.13943866 0.22995889
0.58102798 -0.14369507 0.22663033
0.57589573 -0.13963225 0.23130770
0.51511145 -0.14703673 0.18329297
0.51775551 -0.14680526 0.17567562
0.55457681 -0.13072804 0.22691765
0.52417326 -0.14702468 0.14637969
0.52921444 -0.14774394 0.13792542
0.52832520 -0.14691499 0.13281293
0.55837452 -0.12981878 0.22611523
0.52287412 -0.14739658 0.15329982
0.51342702 -0.15098999 0.19376116
0.51353383 -0.15072130 0.19315973
0.54799354 -0.14553411 0.20414215
0.52665949 -0.14010879 0.20315397
0.55330563 -0.14113575 0.20584773
0.53132176 -0.14911808 0.16895825
0.52695197 -0.14618377 0.16676620
0.53829741 -0.12062832 0.07359266
0.54017228 -0.12047804 0.07761262
0.53833538 -0.11709356 0.08117566
0.54578298 -0.10633679 0.09001412
0.54767948 -0.11034655 0.09006847
0.54345822 -0.11431978 0.08397660
0.54894513 -0.10342612 0.09500036
0.54229343 -0.10679712 0.08801030
0.54174614 -0.11149924 0.08541609
0.54960603 -0.09570933 0.09701661
0.54768282 -0.09912484 0.09215265
0.54772836 -0.13847923 0.06689536
0.54251987 -0.10902807 0.08107997
0.53922981 -0.12168310 0.07038104
0.54386836 -0.10468154 0.08619767
0.53631228 -0.13043314 0.06008564
0.53850800 -0.12590854 0.06364912
0.54121715 -0.12896691 0.06166710
0.54514420 -0.10525377 0.09044615
0.54817492 -0.10608989 0.08578269
0.53609979 -0.12495623 0.06277303
0.54370141 -0.10980093 0.08110887
0.54387492 -0.11554921 0.07712113
0.53999025 -0.12006504 0.07306558
0.54167175 -0.10585701 0.08823334
0.53998977 -0.11211058 0.07985823
0.53857028 -0.12160664 0.07455831
0.55023915 -0.10851511 0.09242673
0.55050778 -0.10416966 0.09527262
