0.452318 -0.18547 0.117984 0
0.438182 -0.190547 0.113915 0
0.409017 -0.199657 0.0993425 0
0.420422 -0.203775 0.103819 0
0.414288 -0.196142 0.104035 0
0.455384 -0.186492 0.119119 0
0.457479 -0.179263 0.121849 0
0.46184 -0.178974 0.119031 0
0.463127 -0.17873 0.119011 0
0.436395 -0.194928 0.113558 0
0.431414 -0.196351 0.108224 0
0.432766 -0.193833 0.108967 0
0.444755 -0.190963 0.118283 0
0.459664 -0.182119 0.117577 0
0.415803 -0.198827 0.105084 0
0.409126 -0.200273 0.0997372 0
0.41436 -0.198359 0.103943 0
0.418581 -0.195975 0.107323 0
0.40949 -0.202511 0.0930427 0
0.408852 -0.201908 0.0930731 0
0.434514 -0.191984 0.114974 0
0.415128 -0.194198 0.106455 0
0.436127 -0.195514 0.113723 0
0.430007 -0.196178 0.111587 0
0.425642 -0.201527 0.106344 0
0.418521 -0.203096 0.104689 0
0.415783 -0.192245 0.108142 0
0.417922 -0.191358 0.109679 0
0.425704 -0.193701 0.111935 0
0.42154 -0.193005 0.112163 0
0.458902 -0.182504 0.120518 0
0.494167 -0.161804 0.111766 0
0.48285 -0.171225 0.115043 0
0.486214 -0.166364 0.116804 0
0.475721 -0.172437 0.117207 0
0.487863 -0.167104 0.114287 0
0.460539 -0.178581 0.121904 0
0.486966 -0.170257 0.116117 0
0.440805 -0.187833 0.113986 0
0.468708 -0.174874 0.119654 0
0.451575 -0.18489 0.120112 0
0.454512 -0.181566 0.120235 0
0.43921 -0.186856 0.117133 0
0.488621 -0.165854 0.116056 0
0.481958 -0.176353 0.116129 0
0.503945 -0.162836 0.108651 0
0.426416 -0.189886 0.107435 0
0.43036 -0.188786 0.109672 0
0.449679 -0.17873 0.118972 0
0.430318 -0.192851 0.107662 0
0.431085 -0.192826 0.108046 0
0.465897 -0.177059 0.119267 0
0.464617 -0.179817 0.119484 0
0.419719 -0.18947 0.107432 0
0.424185 -0.187781 0.111042 0
0.453603 -0.181535 0.117862 0
0.420383 -0.195441 0.101815 0
0.449359 -0.187906 0.120277 0
0.445816 -0.188922 0.120513 0
0.475027 -0.175936 0.116698 0
0.450366 -0.181353 0.117482 0
0.442174 -0.180442 0.115745 0
0.482492 -0.170445 0.117423 0
0.444911 -0.182779 0.118365 0
0.424446 -0.188516 0.107476 0
0.417041 -0.195117 0.0997001 0
0.41807 -0.190001 0.104024 0
0.410096 -0.201121 0.0931823 0
0.410219 -0.200435 0.0932326 0
0.417781 -0.203632 0.101033 0
0.463815 -0.177041 0.120369 0
0.424091 -0.196505 0.103687 0
0.479611 -0.175674 0.117611 0
0.442207 -0.192346 0.117333 0
0.454281 -0.18331 0.118043 0
0.448056 -0.180958 0.11903 0
0.415232 -0.203072 0.098496 0
0.473598 -0.175645 0.11706 0
0.430614 -0.187743 0.113511 0
0.430068 -0.189923 0.114622 0
0.432843 -0.183601 0.112977 0
0.433002 -0.188646 0.114666 0
0.421593 -0.201188 0.103156 0
0.410883 -0.196704 0.100468 0
0.501835 -0.16101 0.108859 0
0.492739 -0.163454 0.113619 0
0.486476 -0.171444 0.113785 0
0.441872 -0.188981 0.119743 0
0.442654 -0.185952 0.118352 0
0.475724 -0.17842 0.117113 0
0.414159 -0.194303 0.100214 0
0.487692 -0.171364 0.116972 0
0.480331 -0.171951 0.117893 0
0.477876 -0.17297 0.118237 0
0.435101 -0.187367 0.112068 0
0.435337 -0.184344 0.113031 0
0.442529 -0.187394 0.115429 0
0.438011 -0.187431 0.112683 0
0.440042 -0.186409 0.113335 0
0.523231 -0.144322 0.196471 0
0.52277 -0.144931 0.193965 0
0.515311 -0.146982 0.212785 0
0.511606 -0.145829 0.216555 0
0.53365 -0.147725 0.175505 0
0.530259 -0.146762 0.184425 0
0.519473 -0.15539 0.196582 0
0.512889 -0.148665 0.212095 0
0.485774 -0.143525 0.254736 0
0.486374 -0.141614 0.257735 0
0.504995 -0.149981 0.222755 0
0.505533 -0.153193 0.220966 0
0.519911 -0.144202 0.204769 0
0.528081 -0.144498 0.195847 0
0.535823 -0.145972 0.19751 0
0.535522 -0.14579 0.198195 0
0.501679 -0.154655 0.225608 0
0.510626 -0.138782 0.225781 0
0.544666 -0.152441 0.203153 0
0.54071 -0.151173 0.195638 0
0.541459 -0.150986 0.19823 0
0.544443 -0.153323 0.200112 0
0.48839 -0.146162 0.24577 0
0.488027 -0.147474 0.239545 0
0.492904 -0.149775 0.241 0
0.491978 -0.149533 0.239995 0
0.489824 -0.148228 0.240018 0
0.516054 -0.143892 0.217412 0
0.521908 -0.144932 0.200157 0
0.521863 -0.146128 0.198254 0
0.510447 -0.139037 0.222328 0
0.516723 -0.146988 0.211996 0
0.517954 -0.142879 0.209917 0
0.520308 -0.140419 0.20633 0
0.477799 -0.139531 0.27042 0
0.484435 -0.139961 0.262716 0
0.495684 -0.146931 0.238995 0
0.495983 -0.146977 0.238529 0
0.498054 -0.14711 0.235496 0
0.494589 -0.138269 0.245391 0
0.490674 -0.13712 0.252327 0
0.516173 -0.141149 0.212424 0
0.517053 -0.154022 0.205533 0
0.51852 -0.150981 0.200573 0
0.536319 -0.15457 0.177368 0
0.536413 -0.152655 0.179821 0
0.537476 -0.156204 0.179721 0
0.511619 -0.156366 0.211406 0
0.509526 -0.156297 0.213393 0
0.507518 -0.143242 0.213372 0
0.523083 -0.140445 0.202664 0
0.512412 -0.141033 0.228527 0
0.514087 -0.141489 0.219886 0
0.501572 -0.153652 0.227488 0
0.503312 -0.152579 0.224988 0
0.524007 -0.147315 0.17779 0
0.52796 -0.146891 0.181698 0
0.509899 -0.140352 0.2324 0
0.508952 -0.140347 0.233185 0
0.521705 -0.150982 0.189126 0
0.478591 -0.140676 0.264691 0
0.502284 -0.141815 0.236592 0
0.503463 -0.142405 0.234238 0
0.515922 -0.154177 0.209034 0
0.513157 -0.151261 0.211504 0
0.521667 -0.153185 0.181759 0
0.522856 -0.147783 0.177008 0
0.523926 -0.147178 0.183085 0
0.487273 -0.147116 0.238867 0
0.483608 -0.144567 0.245919 0
0.541311 -0.157842 0.192912 0
0.538846 -0.15226 0.188706 0
0.541359 -0.153675 0.193481 0
0.515437 -0.145649 0.220859 0
0.515033 -0.139884 0.208229 0
0.52218 -0.149411 0.181285 0
0.521351 -0.151296 0.185649 0
0.514219 -0.153911 0.197448 0
0.491779 -0.14026 0.251615 0
0.489035 -0.138034 0.255363 0
0.520728 -0.150095 0.192023 0
0.51845 -0.155471 0.199168 0
0.51634 -0.15662 0.207533 0
0.538058 -0.158131 0.180881 0
0.538693 -0.156931 0.185152 0
0.513314 -0.145401 0.222006 0
0.493929 -0.148819 0.240684 0
0.499284 -0.152219 0.231699 0
0.49788 -0.152335 0.233811 0
0.523507 -0.146947 0.187822 0
0.527106 -0.145766 0.189068 0
0.507314 -0.146928 0.219768 0
0.507557 -0.145252 0.222548 0
0.507415 -0.144624 0.22565 0
0.487961 -0.141393 0.256712 0
0.489622 -0.142348 0.253081 0
0.487685 -0.145431 0.249217 0
0.485549 -0.144604 0.249881 0
0.481899 -0.143021 0.252736 0
0.51009 -0.153629 0.214596 0
0.522509 -0.154199 0.192137 0
0.480101 -0.137932 0.269961 0
0.506446 -0.143715 0.22888 0
0.499337 -0.141795 0.23968 0
0.501792 -0.147134 0.230329 0
0.473489 -0.137351 0.275292 0
0.521817 -0.155274 0.191846 0
0.516448 -0.154146 0.193351 0
0.516884 -0.155991 0.196779 0
0.51545 -0.153042 0.19247 0
0.51771 -0.153619 0.187908 0
0.516923 -0.152191 0.181853 0
0.520287 -0.154421 0.179426 0
0.513848 -0.156525 0.20689 0
0.515221 -0.156967 0.203774 0
0.536065 -0.148925 0.190639 0
0.537651 -0.149954 0.19068 0
0.385855 -0.281723 0.196142 0
0.384636 -0.282252 0.191933 0
0.383654 -0.283687 0.188051 0
0.366444 -0.280941 0.177135 0
0.369233 -0.280412 0.178446 0
0.38421 -0.286557 0.187449 0
0.383817 -0.286614 0.186735 0
0.379946 -0.285399 0.178762 0
0.381411 -0.285709 0.181508 0
0.377317 -0.280097 0.182721 0
0.380624 -0.277735 0.186604 0
0.3875 -0.274606 0.196612 0
0.383812 -0.280538 0.189966 0
0.381352 -0.288111 0.178726 0
0.381497 -0.289776 0.17378 0
0.359861 -0.27261 0.174156 0
0.357909 -0.274864 0.172309 0
0.380486 -0.283042 0.180965 0
0.375089 -0.281781 0.179582 0
0.388457 -0.286864 0.192212 0
0.389575 -0.283518 0.195888 0
0.362408 -0.28577 0.167773 0
0.364243 -0.281459 0.176621 0
0.36364 -0.283785 0.171709 0
0.370597 -0.289502 0.166998 0
0.361969 -0.285032 0.166904 0
0.357028 -0.281327 0.176167 0
0.358137 -0.278178 0.178074 0
0.353893 -0.280272 0.172385 0
0.371091 -0.284035 0.174166 0
0.383074 -0.289164 0.176164 0
0.383006 -0.288731 0.178437 0
0.367906 -0.29299 0.161421 0
0.370988 -0.292843 0.163382 0
0.371871 -0.290531 0.166331 0
0.38718 -0.288674 0.187703 0
0.376607 -0.292163 0.165693 0
0.360591 -0.28287 0.169019 0
0.387819 -0.286902 0.185648 0
0.377354 -0.293153 0.164436 0
0.368574 -0.295159 0.16079 0
0.378974 -0.292919 0.161296 0
0.366651 -0.294822 0.158411 0
0.360576 -0.282258 0.174539 0
0.358307 -0.283125 0.172628 0
0.380087 -0.269308 0.190919 0
0.382599 -0.268666 0.1928 0
0.374602 -0.274532 0.185807 0
0.375454 -0.271895 0.187482 0
0.370802 -0.269626 0.184379 0
0.372503 -0.269055 0.186254 0
0.364311 -0.294092 0.15393 0
0.381458 -0.273757 0.189722 0
0.368223 -0.270301 0.183142 0
0.362566 -0.272877 0.181575 0
0.374598 -0.279939 0.181059 0
0.376041 -0.274431 0.18639 0
0.366746 -0.276512 0.1817 0
0.366951 -0.276356 0.181859 0
0.379871 -0.286118 0.160231 0
0.379977 -0.287911 0.161366 0
0.374929 -0.284974 0.174236 0
0.385212 -0.268237 0.195098 0
0.384293 -0.26787 0.194351 0
0.354488 -0.278883 0.17636 0
0.354572 -0.279083 0.173889 0
0.367899 -0.288914 0.16584 0
0.547951 -0.114453 0.0856482 0
0.545939 -0.122129 0.0837291 0
0.542779 -0.12596 0.0745873 0
0.550873 -0.109253 0.0915881 0
0.547702 -0.113065 0.0831209 0
0.546815 -0.12014 0.0783567 0
0.544904 -0.124877 0.077336 0
0.543519 -0.127711 0.0704899 0
0.546993 -0.133319 0.0635028 0
0.546723 -0.13311 0.0638147 0
0.538086 -0.124704 0.0696314 0
0.541161 -0.132886 0.0659838 0
0.549345 -0.110146 0.0856304 0
0.545229 -0.120267 0.0836714 0
0.548235 -0.113367 0.0895105 0
0.54159 -0.127521 0.0645708 0
0.543028 -0.127751 0.0691416 0
0.544953 -0.115752 0.0776433 0
0.546052 -0.114033 0.0794655 0
0.544058 -0.130688 0.0617353 0
0.552078 -0.101754 0.0922572 0
0.552829 -0.101157 0.0938215 0
0.547635 -0.0997487 0.0899237 0
0.538593 -0.131721 0.0646499 0
0.541879 -0.128215 0.0689065 0
0.54296 -0.119162 0.0813151 0
0.541031 -0.123446 0.0762227 0
0.523619 -0.147539 0.083586 0
0.536029 -0.143053 0.0847924 0
0.528093 -0.142743 0.0794397 0
0.526819 -0.143969 0.0771982 0
0.532859 -0.141371 0.0930792 0
0.52454 -0.147153 0.0969263 0
0.527128 -0.144826 0.0911796 0
0.533561 -0.145934 0.104732 0
0.533568 -0.145568 0.101627 0
0.540844 -0.13987 0.0726037 0
0.542488 -0.139508 0.0709443 0
0.524452 -0.147319 0.0658048 0
0.52569 -0.14848 0.0746805 0
0.526518 -0.148654 0.0719665 0
0.529171 -0.148166 0.0742994 0
0.529234 -0.143641 0.115462 0
0.542688 -0.140845 0.0727371 0
0.523838 -0.146544 0.0880475 0
0.52288 -0.147426 0.0883078 0
0.53369 -0.143451 0.105991 0
0.533643 -0.140611 0.0844249 0
0.532571 -0.144028 0.117027 0
0.505314 -0.158354 0.104558 0
0.528754 -0.142477 0.102899 0
0.528477 -0.143784 0.113576 0
0.53011 -0.141898 0.0944767 0
0.526945 -0.144727 0.115518 0
0.52989 -0.141722 0.0686695 0
0.528055 -0.143428 0.0661966 0
0.531225 -0.140365 0.0742471 0
0.526799 -0.145161 0.105662 0
0.533552 -0.143621 0.0953021 0
0.526168 -0.14459 0.0763073 0
0.525752 -0.145653 0.0778401 0
0.535654 -0.138708 0.071758 0
0.538175 -0.137754 0.066199 0
0.505022 -0.158282 0.104911 0
0.522503 -0.144314 0.10618 0
0.518504 -0.150737 0.0963417 0
0.519297 -0.15009 0.0964544 0
0.524526 -0.146267 0.0903557 0
0.528213 -0.14353 0.0867323 0
0.527197 -0.14404 0.0856587 0
0.530058 -0.142076 0.0857923 0
0.526964 -0.145527 0.0992931 0
0.52967 -0.14317 0.118845 0
0.526777 -0.14404 0.122628 0
0.534375 -0.139213 0.0661983 0
0.532236 -0.140277 0.0670613 0
0.521101 -0.146821 0.10268 0
0.528485 -0.143049 0.105226 0
0.535782 -0.141534 0.0833682 0
0.5116 -0.156706 0.10069 0
0.52256 -0.151939 0.089888 0
0.502106 -0.160856 0.107602 0
0.514266 -0.15662 0.100293 0
0.531875 -0.14789 0.0773259 0
0.527561 -0.148835 0.0787203 0
0.513859 -0.156286 0.100488 0
0.532108 -0.149863 0.0709617 0
0.530843 -0.151088 0.0681308 0
0.498737 -0.161934 0.108978 0
0.524292 -0.150161 0.0833907 0
0.533503 -0.147401 0.0880087 0
0.534298 -0.145977 0.0808185 0
0.543663 -0.142812 0.0741446 0
0.522509 -0.152843 0.0911007 0
0.519911 -0.151043 0.0964398 0
0.497313 -0.165746 0.111137 0
0.529329 -0.151083 0.0664061 0
0.529986 -0.151864 0.0651725 0
0.506585 -0.160859 0.106933 0
0.491481 -0.168814 0.113637 0
0.522401 -0.149419 0.0940487 0
0.527498 -0.147374 0.0939728 0
0.524645 -0.14822 0.0930608 0
0.536754 -0.149102 0.0713493 0
0.534406 -0.15129 0.0697909 0
0.540688 -0.14959 0.0677625 0
0.528832 -0.150042 0.0865469 0
0.53304 -0.147736 0.0843386 0
0.532175 -0.148237 0.0914353 0
0.534958 -0.145429 0.0778707 0
0.477362 -0.135554 0.263048 0
0.48011 -0.135901 0.260481 0
0.502555 -0.138419 0.229292 0
0.487629 -0.137502 0.248673 0
0.484031 -0.137862 0.252039 0
0.481177 -0.141534 0.254878 0
0.501957 -0.137393 0.235849 0
0.508 -0.141288 0.218251 0
0.499281 -0.145645 0.22416 0
0.473959 -0.135936 0.277818 0
0.474491 -0.135421 0.279616 0
0.475943 -0.136483 0.278986 0
0.504445 -0.137379 0.23168 0
0.497375 -0.147032 0.230243 0
0.502629 -0.143575 0.220291 0
0.501876 -0.14281 0.221925 0
0.50161 -0.138213 0.23093 0
0.499062 -0.148744 0.225394 0
0.490964 -0.140068 0.240787 0
0.497793 -0.149162 0.230384 0
0.477364 -0.136216 0.263005 0
0.493256 -0.137091 0.243273 0
0.483688 -0.137397 0.253293 0
0.485806 -0.136953 0.251823 0
0.501985 -0.138137 0.238811 0
0.479433 -0.135522 0.264519 0
0.48198 -0.135762 0.265163 0
0.482428 -0.137853 0.253911 0
0.483809 -0.142274 0.247705 0
0.47715 -0.138819 0.2677 0
0.499021 -0.137598 0.239719 0
0.503998 -0.138519 0.227865 0
0.489357 -0.141577 0.24096 0
0.494288 -0.143345 0.232855 0
0.495457 -0.138234 0.239588 0
0.495262 -0.150161 0.232925 0
0.495918 -0.150626 0.232694 0
0.508365 -0.137367 0.228189 0
0.493559 -0.148508 0.233317 0
0.491953 -0.146628 0.234056 0
0.4993 -0.140857 0.229557 0
0.496122 -0.140754 0.234239 0
0.628728 -0.19529 0.131163 0
0.624972 -0.18898 0.141558 0
0.6147 -0.185099 0.153702 0
0.624813 -0.199348 0.129892 0
0.614838 -0.186993 0.148549 0
0.617885 -0.191538 0.151814 0
0.618325 -0.193541 0.144357 0
0.625109 -0.200065 0.129172 0
0.626638 -0.201935 0.131393 0
0.621805 -0.186173 0.149096 0
0.629815 -0.193187 0.137969 0
0.628871 -0.194628 0.135634 0
0.621229 -0.187082 0.14367 0
0.615651 -0.187475 0.148668 0
0.62372 -0.196861 0.137617 0
0.624917 -0.189394 0.144193 0
0.628071 -0.193783 0.144876 0
0.626276 -0.197424 0.129459 0
0.619763 -0.192598 0.141413 0
0.616864 -0.182924 0.157466 0
0.631033 -0.195028 0.137014 0
0.62609 -0.189964 0.13994 0
0.620013 -0.189319 0.14153 0
0.627651 -0.196318 0.129688 0
0.631768 -0.198781 0.132309 0
0.630003 -0.200147 0.140711 0
0.612123 -0.173164 0.17575 0
0.618415 -0.169761 0.171603 0
0.594103 -0.169196 0.209735 0
0.593822 -0.169018 0.210395 0
0.592863 -0.157484 0.204433 0
0.592385 -0.157279 0.206054 0
0.61132 -0.179978 0.171847 0
0.613675 -0.177041 0.170241 0
0.601788 -0.173411 0.192013 0
0.602399 -0.181061 0.178194 0
0.600487 -0.180568 0.182639 0
0.589535 -0.162549 0.207285 0
0.599312 -0.180542 0.19209 0
0.59959 -0.181015 0.18601 0
0.593038 -0.165589 0.204873 0
0.590212 -0.165594 0.215437 0
0.588714 -0.162684 0.214925 0
0.589554 -0.163736 0.213421 0
0.619921 -0.177357 0.170223 0
0.613854 -0.170363 0.173063 0
0.596178 -0.164596 0.194158 0
0.622564 -0.18614 0.149585 0
0.621031 -0.185135 0.159774 0
0.58644 -0.158846 0.209847 0
0.621492 -0.184097 0.158021 0
0.622965 -0.187748 0.155215 0
0.593471 -0.158113 0.20043 0
0.616658 -0.178667 0.173474 0
0.584783 -0.156184 0.218931 0
0.601486 -0.185792 0.185344 0
0.604596 -0.184386 0.182265 0
0.62076 -0.185079 0.155224 0
0.619952 -0.172226 0.167517 0
0.615337 -0.176776 0.164343 0
0.619385 -0.171148 0.173817 0
0.620239 -0.177918 0.160476 0
0.595643 -0.165261 0.196945 0
0.599261 -0.168156 0.193914 0
0.60656 -0.173387 0.181856 0
0.613722 -0.177817 0.168046 0
0.60074 -0.178258 0.184751 0
0.602086 -0.177211 0.184236 0
0.59092 -0.159954 0.202399 0
0.620452 -0.190281 0.154024 0
0.629429 -0.200106 0.140881 0
0.626294 -0.199218 0.139564 0
0.587086 -0.150954 0.206899 0
0.603318 -0.18182 0.175951 0
0.590419 -0.164215 0.209079 0
0.585861 -0.158489 0.216072 0
0.577052 -0.150424 0.212469 0
0.619636 -0.174448 0.163312 0
0.601458 -0.167522 0.187813 0
0.61518 -0.180643 0.161948 0
0.621924 -0.19217 0.150741 0
0.584511 -0.147678 0.209603 0
0.587025 -0.151232 0.208264 0
0.596797 -0.163015 0.193411 0
0.607749 -0.169886 0.179706 0
0.607362 -0.171993 0.180565 0
0.593364 -0.157256 0.19945 0
0.599612 -0.1793 0.189397 0
0.604649 -0.177249 0.178189 0
0.582828 -0.15184 0.213816 0
0.625411 -0.198625 0.140146 0
0.622233 -0.194999 0.146457 0
0.623504 -0.196004 0.14509 0
0.619696 -0.193162 0.147659 0
0.600739 -0.175447 0.194439 0
0.599958 -0.174674 0.197643 0
0.597776 -0.172987 0.206205 0
0.598608 -0.171839 0.202245 0
0.613504 -0.167129 0.17936 0
0.620387 -0.178469 0.167678 0
0.621006 -0.175464 0.162213 0
0.606015 -0.18079 0.16834 0
0.610222 -0.181336 0.168325 0
0.604937 -0.175938 0.180805 0
0.619747 -0.180636 0.167228 0
0.612086 -0.182315 0.162282 0
0.607088 -0.175117 0.179515 0
0.607812 -0.176896 0.176745 0
0.617375 -0.168805 0.175064 0
0.609972 -0.16724 0.179218 0
0.608997 -0.167301 0.178348 0
0.595595 -0.168021 0.204156 0
0.599847 -0.182866 0.186168 0
0.602062 -0.184029 0.179834 0
0.586166 -0.153896 0.2114 0
0.613349 -0.174044 0.174445 0
0.491399 -0.189156 0.176985 0
0.505853 -0.168519 0.158493 0
0.50144 -0.171905 0.167942 0
0.477619 -0.184557 0.183249 0
0.510969 -0.175345 0.159055 0
0.490493 -0.174933 0.171938 0
0.508382 -0.177768 0.162636 0
0.504957 -0.168027 0.160296 0
0.505347 -0.168083 0.159508 0
0.499351 -0.173486 0.16953 0
0.497158 -0.181924 0.172246 0
0.502059 -0.185988 0.170471 0
0.506074 -0.178625 0.166291 0
0.502432 -0.184212 0.169926 0
0.50137 -0.180686 0.170723 0
0.499525 -0.181442 0.173125 0
0.505062 -0.179379 0.162429 0
0.503438 -0.180023 0.164613 0
0.508595 -0.172817 0.163105 0
0.510272 -0.174763 0.159409 0
0.47598 -0.181955 0.183204 0
0.498123 -0.189087 0.176005 0
0.486562 -0.181775 0.174523 0
0.506999 -0.171001 0.161871 0
0.481255 -0.186122 0.180887 0
0.481611 -0.188956 0.1833 0
0.484093 -0.188719 0.181297 0
0.490753 -0.185758 0.174612 0
0.49357 -0.1829 0.172224 0
0.502509 -0.162269 0.16419 0
0.480639 -0.184113 0.180464 0
0.483879 -0.180072 0.175588 0
0.496039 -0.175263 0.171508 0
0.492772 -0.176923 0.171469 0
0.486373 -0.189251 0.180952 0
0.50157 -0.185744 0.174681 0
0.621576 -0.0667738 0.1728 0
0.62239 -0.0485257 0.169042 0
0.610049 -0.0587137 0.172977 0
0.60666 -0.063184 0.172554 0
0.591476 -0.0765555 0.171749 0
0.626268 -0.06186 0.176094 0
0.592918 -0.0835477 0.16928 0
0.620334 -0.0547983 0.165576 0
0.625733 -0.053459 0.166617 0
0.617189 -0.0618875 0.167178 0
0.60975 -0.0775812 0.17159 0
0.631001 -0.0626765 0.181212 0
0.609637 -0.0722507 0.17 0
0.592856 -0.0890198 0.172832 0
0.607476 -0.0764083 0.170166 0
0.603966 -0.0837391 0.171745 0
0.604968 -0.0791949 0.169819 0
0.623738 -0.0580438 0.167105 0
0.611794 -0.0739023 0.171553 0
0.602051 -0.0841295 0.171618 0
0.625832 -0.061051 0.168903 0
0.593666 -0.074087 0.170385 0
0.594754 -0.0731088 0.169774 0
0.593013 -0.0858797 0.171158 0
0.593016 -0.0910773 0.173518 0
0.600738 -0.0767889 0.168281 0
0.605907 -0.0749764 0.169092 0
0.636737 -0.0542025 0.175362 0
0.632528 -0.0594076 0.181335 0
0.631936 -0.0576698 0.170356 0
0.619261 -0.0617534 0.166984 0
0.637732 -0.0511206 0.172013 0
0.633585 -0.0580742 0.176219 0
0.591698 -0.0865703 0.171308 0
0.6133 -0.0588791 0.170714 0
0.628847 -0.0542282 0.167578 0
0.62003 -0.0567039 0.16582 0
0.63008 -0.0468591 0.164945 0
0.616751 -0.0526319 0.172502 0
0.616854 -0.0526848 0.168258 0
0.600745 -0.0905692 0.175363 0
0.597301 -0.0864106 0.172159 0
0.607632 -0.0693404 0.169219 0
0.597662 -0.0696532 0.169384 0
0.60007 -0.0685809 0.16956 0
0.599871 -0.0771544 0.168174 0
0.596097 -0.0727745 0.169122 0
0.611984 -0.0687356 0.170337 0
0.627113 -0.046666 0.168221 0
0.623991 -0.0479043 0.169032 0
0.609847 -0.067399 0.169027 0
0.632499 -0.058275 0.174597 0
0.611826 -0.0632033 0.168771 0
0.62575 -0.0470626 0.165952 0
0.606417 -0.0844014 0.176605 0
0.606506 -0.0848253 0.176245 0
0.631302 -0.0507658 0.166704 0
0.635871 -0.0445391 0.166618 0
0.615119 -0.0734983 0.174662 0
0.618059 -0.0509459 0.168482 0
0.627454 -0.0495578 0.173454 0
0.634996 -0.0446188 0.167432 0
0.628715 -0.0601488 0.173095 0
0.637636 -0.0535445 0.175425 0
0.633164 -0.0542588 0.170027 0
0.632903 -0.0543458 0.180383 0
0.61627 -0.0523422 0.169433 0
0.605898 -0.0846334 0.17353 0
0.64041 -0.0482177 0.17293 0
0.525633 -0.152678 0.122825 0
0.526161 -0.153403 0.125168 0
0.517444 -0.16398 0.153093 0
0.513339 -0.163646 0.154684 0
0.526114 -0.161507 0.164787 0
0.52815 -0.161193 0.162199 0
0.52381 -0.159076 0.149825 0
0.525324 -0.157485 0.148289 0
0.527581 -0.159687 0.142046 0
0.513127 -0.163201 0.149647 0
0.516229 -0.15057 0.170819 0
0.511475 -0.169947 0.159512 0
0.508827 -0.170354 0.16099 0
0.521178 -0.155469 0.130961 0
0.521497 -0.157363 0.133509 0
0.521825 -0.155005 0.129929 0
0.519238 -0.151316 0.1596 0
0.527656 -0.15334 0.122345 0
0.527361 -0.152647 0.11766 0
0.530716 -0.156033 0.156026 0
0.526854 -0.156381 0.151161 0
0.522998 -0.162068 0.142987 0
0.52428 -0.157209 0.133425 0
0.527519 -0.156942 0.134365 0
0.517759 -0.152573 0.178531 0
0.507216 -0.164481 0.159085 0
0.511503 -0.158202 0.154508 0
0.528238 -0.15456 0.127915 0
0.529121 -0.153298 0.130213 0
0.5141 -0.155682 0.145712 0
0.524748 -0.152121 0.172083 0
0.525649 -0.151357 0.171758 0
0.529595 -0.150137 0.109485 0
0.530702 -0.150342 0.118808 0
0.529123 -0.151998 0.12134 0
0.510321 -0.159858 0.15491 0
0.522033 -0.156793 0.173155 0
0.533863 -0.149493 0.174918 0
0.531077 -0.154015 0.170283 0
0.532146 -0.155647 0.171125 0
0.513816 -0.154338 0.148788 0
0.516038 -0.146814 0.143655 0
0.514813 -0.15252 0.146839 0
0.518244 -0.145183 0.140017 0
0.516233 -0.148452 0.142164 0
0.517062 -0.150505 0.13997 0
0.518936 -0.148627 0.136961 0
0.529824 -0.15781 0.138084 0
0.530316 -0.155449 0.138717 0
0.532453 -0.149428 0.128518 0
0.519325 -0.155208 0.171218 0
0.525281 -0.148624 0.175076 0
0.527485 -0.152123 0.17002 0
0.529095 -0.151937 0.169996 0
0.526715 -0.150499 0.104286 0
0.526708 -0.149998 0.102913 0
0.529612 -0.152504 0.144824 0
0.534874 -0.148176 0.125153 0
0.533028 -0.148223 0.116998 0
0.534989 -0.148029 0.12481 0
0.531546 -0.152707 0.152474 0
0.532699 -0.148036 0.0954677 0
0.532646 -0.148051 0.10074 0
0.533405 -0.147483 0.112849 0
0.509722 -0.168436 0.157258 0
0.515534 -0.156008 0.15338 0
0.525889 -0.157899 0.153476 0
0.520416 -0.147915 0.15333 0
0.516927 -0.144973 0.144147 0
0.530012 -0.152999 0.141904 0
0.50893 -0.165419 0.154661 0
0.522889 -0.156881 0.154893 0
0.514124 -0.170572 0.157043 0
0.515921 -0.169363 0.15529 0
0.528434 -0.155119 0.144323 0
0.510823 -0.159234 0.155571 0
0.518684 -0.15557 0.134821 0
0.517737 -0.153456 0.133427 0
0.51893 -0.153591 0.130636 0
0.525844 -0.144874 0.12048 0
0.516472 -0.153641 0.139243 0
0.520347 -0.149689 0.131681 0
0.525305 -0.145555 0.1268 0
0.519938 -0.15195 0.125839 0
0.521065 -0.15106 0.122655 0
0.522975 -0.149201 0.119263 0
0.518928 -0.155682 0.156688 0
0.519952 -0.160249 0.166375 0
0.518052 -0.161152 0.140887 0
0.515331 -0.162262 0.144007 0
0.525094 -0.155602 0.170765 0
0.528237 -0.160164 0.169817 0
0.517853 -0.166578 0.153847 0
0.518755 -0.155164 0.164228 0
0.518629 -0.157606 0.167121 0
0.52174 -0.148558 0.128911 0
0.520096 -0.151208 0.128003 0
0.525203 -0.150668 0.109468 0
0.51805 -0.15212 0.168123 0
0.5232 -0.149098 0.11227 0
0.516645 -0.156761 0.141101 0
0.518556 -0.152273 0.155869 0
0.523404 -0.146519 0.131949 0
0.516002 -0.163693 0.148867 0
0.529116 -0.154037 0.146429 0
0.521721 -0.159602 0.164011 0
0.523184 -0.16058 0.165036 0
0.522312 -0.160896 0.166129 0
0.525234 -0.15926 0.137806 0
0.534047 -0.159401 0.173796 0
0.532248 -0.15866 0.171869 0
0.513493 -0.158102 0.145343 0
0.520459 -0.162302 0.153062 0
0.527129 -0.160485 0.14127 0
0.508387 -0.175882 0.165368 0
0.516208 -0.168972 0.156222 0
0.521624 -0.15721 0.152917 0
0.676058 -0.0323957 0.161442 0
0.652816 -0.0343406 0.163068 0
0.680969 -0.0192661 0.15957 0
0.659968 -0.0358962 0.161271 0
0.659186 -0.0345782 0.15948 0
0.669862 -0.0267961 0.16114 0
0.657964 -0.0339297 0.160063 0
0.655866 -0.0323775 0.161707 0
0.655186 -0.0292024 0.165127 0
0.653676 -0.0329474 0.167059 0
0.653296 -0.0348598 0.168984 0
0.686888 -0.0201012 0.159592 0
0.687939 -0.0151495 0.161017 0
0.687145 -0.0209827 0.159893 0
0.667488 -0.0344644 0.159758 0
0.688982 -0.0232391 0.163075 0
0.676124 -0.0273632 0.161004 0
0.654949 -0.0312814 0.1701 0
0.666291 -0.027119 0.158999 0
0.665678 -0.0316234 0.158646 0
0.672226 -0.0295959 0.160099 0
0.672081 -0.0304482 0.165691 0
0.670202 -0.0326135 0.164442 0
0.667166 -0.0281675 0.158926 0
0.68052 -0.0208064 0.162337 0
0.647781 -0.0406785 0.171472 0
0.685507 -0.018582 0.1622 0
0.598628 -0.174914 0.216685 0
0.599333 -0.178094 0.208447 0
0.600112 -0.179448 0.205282 0
0.597896 -0.160471 0.194312 0
0.533181 -0.166903 0.186415 0
0.607437 -0.182641 0.165972 0
0.529748 -0.162963 0.168162 0
0.531317 -0.163598 0.17549 0
0.557276 -0.171125 0.214979 0
0.560375 -0.173268 0.215239 0
0.574972 -0.165689 0.229232 0
0.596558 -0.169274 0.213629 0
0.595726 -0.168781 0.213571 0
0.550254 -0.168305 0.203411 0
0.610952 -0.183728 0.157816 0
0.544481 -0.157375 0.199693 0
0.546469 -0.155964 0.203557 0
0.542313 -0.15845 0.195254 0
0.564135 -0.16049 0.234254 0
0.543859 -0.168816 0.197908 0
0.540109 -0.16794 0.193992 0
0.535835 -0.163953 0.186206 0
0.5353 -0.164744 0.18569 0
0.544905 -0.166631 0.203643 0
0.540068 -0.168929 0.200729 0
0.55496 -0.140005 0.223896 0
0.554152 -0.13997 0.222978 0
0.551439 -0.141224 0.219449 0
0.601578 -0.165418 0.196011 0
0.556324 -0.15147 0.221678 0
0.554726 -0.151815 0.21883 0
0.584774 -0.166959 0.228896 0
0.585369 -0.164779 0.227037 0
0.563368 -0.15594 0.22983 0
0.560765 -0.157694 0.229012 0
0.591308 -0.17211 0.219594 0
0.593677 -0.170718 0.214179 0
0.549127 -0.158702 0.204871 0
0.559486 -0.167975 0.222798 0
0.594432 -0.177205 0.218149 0
0.581785 -0.158849 0.22168 0
0.586575 -0.162659 0.222728 0
0.58425 -0.160683 0.22556 0
0.587045 -0.171168 0.226902 0
0.573688 -0.159443 0.214474 0
0.576253 -0.1581 0.217603 0
0.582053 -0.161337 0.227135 0
0.577761 -0.16584 0.22966 0
0.56856 -0.162148 0.211651 0
0.56124 -0.164937 0.21118 0
0.561163 -0.160385 0.210424 0
0.562009 -0.158325 0.210188 0
0.587938 -0.170684 0.224897 0
0.587248 -0.17029 0.225935 0
0.565277 -0.170229 0.215419 0
0.579483 -0.172775 0.230852 0
0.573961 -0.168134 0.228469 0
0.579047 -0.164153 0.229172 0
0.560588 -0.174114 0.212761 0
0.55602 -0.171056 0.206892 0
0.557057 -0.173314 0.209848 0
0.599545 -0.172497 0.214058 0
0.601228 -0.174699 0.208294 0
0.599666 -0.172576 0.216605 0
0.594146 -0.176853 0.221413 0
0.568601 -0.174549 0.226936 0
0.568966 -0.173262 0.225433 0
0.560332 -0.155209 0.225925 0
0.561303 -0.153654 0.226872 0
0.616571 -0.190618 0.154528 0
0.620004 -0.18589 0.160994 0
0.616741 -0.185325 0.165882 0
0.566671 -0.174472 0.222547 0
0.563827 -0.173489 0.215307 0
0.58386 -0.167495 0.227766 0
0.57353 -0.155673 0.233446 0
0.578075 -0.158176 0.228956 0
0.574581 -0.157645 0.233436 0
0.57326 -0.172919 0.235086 0
0.574879 -0.173019 0.235156 0
0.573408 -0.171696 0.238258 0
0.613195 -0.188174 0.161431 0
0.611974 -0.185892 0.167547 0
0.561203 -0.16198 0.231592 0
0.593549 -0.161123 0.208024 0
0.596397 -0.16387 0.204629 0
0.554087 -0.168289 0.205935 0
0.557508 -0.165255 0.208876 0
0.594254 -0.171579 0.222458 0
0.589583 -0.169558 0.224708 0
0.598119 -0.175468 0.203625 0
0.548814 -0.162688 0.203929 0
0.548119 -0.161335 0.203591 0
0.598593 -0.166604 0.202119 0
0.559716 -0.161614 0.228931 0
0.60054 -0.17374 0.213745 0
0.600877 -0.176971 0.205895 0
0.601056 -0.173191 0.201938 0
0.597665 -0.169358 0.206084 0
0.531981 -0.159194 0.168018 0
0.531676 -0.161919 0.170882 0
0.544974 -0.159685 0.200923 0
0.573823 -0.165096 0.223216 0
0.551297 -0.160965 0.211446 0
0.554666 -0.161204 0.218979 0
0.550363 -0.163344 0.208419 0
0.553536 -0.156534 0.216125 0
0.551081 -0.156525 0.212062 0
0.556646 -0.159134 0.222019 0
0.539479 -0.166456 0.197105 0
0.538122 -0.165325 0.193518 0
0.589497 -0.168556 0.222926 0
0.539585 -0.160835 0.192074 0
0.540449 -0.159012 0.19158 0
0.565263 -0.174572 0.230021 0
0.56396 -0.173598 0.229158 0
0.561596 -0.170753 0.223312 0
0.566994 -0.173266 0.234448 0
0.56551 -0.174089 0.2323 0
0.605157 -0.184806 0.172855 0
0.605801 -0.181476 0.169761 0
0.539366 -0.168386 0.1943 0
0.562006 -0.173228 0.218335 0
0.560679 -0.170565 0.220319 0
0.549239 -0.171179 0.202446 0
0.5539 -0.144094 0.221355 0
0.555361 -0.145327 0.22264 0
0.556897 -0.144868 0.224553 0
0.603992 -0.174926 0.197191 0
0.608584 -0.180503 0.185199 0
0.610546 -0.180796 0.180601 0
0.608478 -0.181064 0.184938 0
0.53005 -0.163877 0.171132 0
0.532191 -0.163526 0.176655 0
0.535376 -0.162159 0.182381 0
0.596529 -0.178765 0.212824 0
0.527323 -0.164527 0.175064 0
0.528858 -0.165499 0.179313 0
0.613888 -0.17758 0.17755 0
0.61443 -0.179669 0.17506 0
0.614467 -0.18414 0.170411 0
0.554023 -0.159344 0.208495 0
0.557983 -0.162356 0.209995 0
0.56664 -0.168116 0.237153 0
0.568766 -0.170552 0.237868 0
0.60058 -0.185783 0.191548 0
0.549443 -0.161464 0.207451 0
0.545052 -0.159934 0.202028 0
0.54673 -0.163602 0.203733 0
0.609634 -0.186607 0.166921 0
0.612467 -0.184831 0.17097 0
0.593656 -0.174275 0.223566 0
0.549054 -0.171357 0.203157 0
0.542558 -0.169926 0.201836 0
0.550832 -0.150697 0.213463 0
0.548655 -0.152431 0.20899 0
0.553507 -0.150315 0.217684 0
0.548492 -0.147708 0.212193 0
0.557117 -0.168559 0.217256 0
0.583629 -0.168423 0.228144 0
0.58265 -0.169633 0.228933 0
0.60362 -0.177513 0.198347 0
0.582623 -0.168233 0.229211 0
0.573373 -0.168403 0.238011 0
0.573763 -0.163752 0.236177 0
0.580614 -0.167995 0.231036 0
0.580904 -0.16553 0.229986 0
0.581238 -0.165941 0.229799 0
0.602966 -0.179348 0.199713 0
0.603038 -0.181637 0.199023 0
0.604204 -0.183508 0.190589 0
0.609359 -0.183408 0.159794 0
0.593059 -0.166917 0.213914 0
0.588316 -0.162816 0.217488 0
0.573263 -0.158693 0.212871 0
0.568141 -0.163009 0.237068 0
0.567445 -0.161472 0.236639 0
0.570063 -0.161156 0.237045 0
0.604074 -0.18604 0.177011 0
0.606777 -0.185289 0.176351 0
0.608708 -0.184527 0.176627 0
0.542016 -0.162914 0.196982 0
0.570269 -0.166733 0.217537 0
0.525639 -0.164456 0.176745 0
0.528504 -0.16569 0.179357 0
0.6007 -0.181812 0.198805 0
0.598762 -0.161827 0.189326 0
0.581602 -0.157476 0.219358 0
0.558345 -0.167017 0.220647 0
0.55476 -0.164071 0.217215 0
0.610661 -0.171494 0.183777 0
0.611846 -0.169905 0.182005 0
0.601153 -0.164721 0.187441 0
0.561384 -0.171855 0.233779 0
0.610187 -0.172899 0.184808 0
0.604624 -0.168713 0.192153 0
0.604428 -0.169501 0.192795 0
0.533039 -0.166883 0.183733 0
0.572011 -0.161206 0.213561 0
0.580122 -0.174645 0.231146 0
0.606959 -0.165155 0.18636 0
0.569505 -0.170071 0.220488 0
0.570509 -0.167943 0.218795 0
0.596998 -0.176419 0.217305 0
0.583616 -0.168975 0.22815 0
0.560178 -0.1703 0.225433 0
0.56053 -0.169633 0.229723 0
0.530266 -0.164952 0.176151 0
0.599334 -0.162352 0.198197 0
0.598906 -0.162834 0.199287 0
0.536021 -0.163016 0.187554 0
0.536729 -0.162302 0.188052 0
0.533253 -0.166152 0.183176 0
0.529154 -0.166085 0.175272 0
0.558946 -0.160103 0.227075 0
0.542612 -0.166397 0.197343 0
0.567692 -0.16783 0.215648 0
0.606319 -0.175819 0.193294 0
0.603768 -0.171855 0.194932 0
0.561375 -0.146633 0.228701 0
0.567905 -0.151371 0.233607 0
0.563815 -0.148223 0.230603 0
0.53487 -0.161956 0.181771 0
0.535448 -0.161815 0.183041 0
0.566131 -0.16093 0.210905 0
0.567616 -0.157577 0.210486 0
0.562328 -0.163514 0.211052 0
0.532956 -0.1656 0.185812 0
0.594671 -0.176791 0.215366 0
0.595866 -0.174593 0.211631 0
0.57036 -0.154872 0.210965 0
0.56825 -0.154033 0.210348 0
0.587091 -0.165581 0.222527 0
0.607869 -0.175753 0.190307 0
0.606792 -0.179987 0.189365 0
0.5335 -0.156776 0.169762 0
0.532345 -0.155284 0.159936 0
0.577551 -0.166948 0.229858 0
0.609358 -0.184383 0.161792 0
0.610036 -0.185308 0.158941 0
0.596872 -0.159861 0.195854 0
0.577307 -0.174516 0.230827 0
0.540944 -0.169394 0.201432 0
0.547111 -0.168305 0.205958 0
0.535782 -0.159598 0.181321 0
0.534184 -0.158908 0.175448 0
0.641213 -0.0426407 0.16791 0
0.670572 -0.022421 0.166809 0
0.65818 -0.0282556 0.169955 0
0.679898 -0.0280621 0.164333 0
0.680829 -0.0190616 0.164837 0
0.662409 -0.0258631 0.166383 0
0.660412 -0.0265405 0.167518 0
0.64499 -0.0408059 0.167203 0
0.65923 -0.0323563 0.17153 0
0.651436 -0.0367457 0.167244 0
0.646432 -0.0400949 0.167344 0
0.638586 -0.0436749 0.169983 0
0.64655 -0.0404913 0.165526 0
0.681651 -0.0283927 0.161453 0
0.67252 -0.02831 0.167279 0
0.678445 -0.0266397 0.160712 0
0.661861 -0.0291767 0.171294 0
0.667909 -0.0241901 0.168333 0
0.678743 -0.0313384 0.162644 0
0.665564 -0.0277047 0.16141 0
0.648003 -0.0389742 0.16829 0
0.645677 -0.0420285 0.168643 0
0.678913 -0.0285724 0.160697 0
0.666895 -0.0318295 0.168164 0
0.663417 -0.0280762 0.160607 0
0.676938 -0.0241215 0.166229 0
0.661242 -0.0357765 0.164849 0
0.64119 -0.0475528 0.174568 0
0.645531 -0.0428945 0.170706 0
0.64049 -0.0424361 0.168515 0
0.65206 -0.0374819 0.171896 0
0.638841 -0.0484268 0.174835 0
0.653019 -0.0380686 0.163209 0
0.656054 -0.0374319 0.164473 0
0.650799 -0.0398678 0.16846 0
0.683938 -0.0226591 0.164712 0
0.673486 -0.0267389 0.163258 0
0.671632 -0.0301105 0.166932 0
0.66524 -0.0329856 0.16761 0
0.665088 -0.0269355 0.162616 0
0.686287 -0.0212055 0.164032 0
0.677044 -0.0329963 0.162253 0
0.579865 -0.0866821 0.174395 0
0.598569 -0.0800034 0.17953 0
0.595105 -0.083399 0.179136 0
0.584522 -0.0906667 0.177886 0
0.618654 -0.0627597 0.178663 0
0.616467 -0.0639586 0.178745 0
0.626659 -0.0613466 0.181275 0
0.597918 -0.0940473 0.1766 0
0.601118 -0.0923196 0.177514 0
0.634218 -0.0473725 0.172605 0
0.566364 -0.10342 0.163214 0
0.62423 -0.0583888 0.17862 0
0.625552 -0.060549 0.180296 0
0.59448 -0.0706541 0.171446 0
0.59409 -0.0707551 0.172924 0
0.61649 -0.0621619 0.178932 0
0.584278 -0.0922799 0.170538 0
0.584196 -0.0930753 0.170976 0
0.530845 -0.140768 0.126506 0
0.529803 -0.142107 0.1241 0
0.596156 -0.0703507 0.178605 0
0.552247 -0.120832 0.163401 0
0.605592 -0.0595945 0.181707 0
0.573685 -0.0925709 0.175075 0
0.612603 -0.0694771 0.179397 0
0.613646 -0.072126 0.179798 0
0.595095 -0.100058 0.179557 0
0.579359 -0.0907935 0.169467 0
0.603828 -0.0682293 0.181389 0
0.582776 -0.085942 0.171886 0
0.590365 -0.0991805 0.179526 0
0.587611 -0.0808487 0.173814 0
0.609396 -0.070834 0.179424 0
0.60872 -0.0755372 0.179385 0
0.570341 -0.0945146 0.176696 0
0.574753 -0.0965386 0.176713 0
0.578714 -0.0960762 0.176206 0
0.568847 -0.0975609 0.174827 0
0.576111 -0.0893852 0.175128 0
0.565739 -0.101184 0.171691 0
0.600073 -0.0644641 0.179619 0
0.629395 -0.0653743 0.182687 0
0.54433 -0.127734 0.149248 0
0.624393 -0.0642862 0.175317 0
0.617582 -0.0724518 0.178767 0
0.620273 -0.0687173 0.180665 0
0.594066 -0.0980863 0.181416 0
0.591729 -0.0829042 0.179417 0
0.609587 -0.0559087 0.178795 0
0.609502 -0.0581529 0.175831 0
0.597803 -0.0899397 0.179919 0
0.556587 -0.119074 0.162422 0
0.558485 -0.114745 0.163283 0
0.558617 -0.113036 0.164872 0
0.616979 -0.0564599 0.179076 0
0.629427 -0.0536799 0.177572 0
0.62428 -0.057109 0.177934 0
0.569068 -0.0972125 0.170494 0
0.621478 -0.0709638 0.178868 0
0.616663 -0.0746715 0.177418 0
0.599714 -0.0941166 0.179279 0
0.530654 -0.141387 0.128323 0
0.580899 -0.0832578 0.177561 0
0.631365 -0.0507601 0.174407 0
0.633429 -0.0496631 0.174615 0
0.600099 -0.076473 0.179835 0
0.567474 -0.103908 0.1714 0
0.603508 -0.0673173 0.181448 0
0.547457 -0.124687 0.156104 0
0.607118 -0.0576767 0.178916 0
0.547241 -0.125596 0.154009 0
0.557032 -0.114709 0.166604 0
0.605985 -0.0824065 0.178323 0
0.600531 -0.0884436 0.178064 0
0.615431 -0.0518981 0.175311 0
0.538649 -0.132628 0.137547 0
0.591479 -0.0792362 0.179252 0
0.604289 -0.0717568 0.180677 0
0.610886 -0.0672948 0.179866 0
0.549352 -0.123363 0.15926 0
0.548967 -0.124789 0.154046 0
0.614532 -0.0535904 0.177533 0
0.613984 -0.0557855 0.17929 0
0.56668 -0.100048 0.166498 0
0.582207 -0.098019 0.177141 0
0.580827 -0.0993517 0.176606 0
0.594886 -0.0741377 0.179216 0
0.638154 -0.050016 0.17627 0
0.553521 -0.120621 0.160697 0
0.535508 -0.136799 0.129634 0
0.613507 -0.0616704 0.18011 0
0.601053 -0.063473 0.179997 0
0.606997 -0.0598939 0.180461 0
0.56306 -0.101214 0.169386 0
0.623447 -0.0562703 0.176831 0
0.625427 -0.0548196 0.176117 0
0.556834 -0.118006 0.163207 0
0.611601 -0.0560635 0.17435 0
0.539969 -0.131871 0.144852 0
0.543062 -0.131508 0.148454 0
0.570036 -0.100839 0.173629 0
0.623962 -0.0691224 0.180331 0
0.570222 -0.0998131 0.165061 0
0.576054 -0.096961 0.167777 0
0.578435 -0.086314 0.179841 0
0.59512 -0.0903684 0.179502 0
0.588516 -0.0956 0.178718 0
0.58952 -0.0760689 0.176467 0
0.538809 -0.131895 0.141157 0
0.586991 -0.0908933 0.178063 0
0.58486 -0.0920163 0.177681 0
0.580322 -0.0924103 0.1697 0
0.544146 -0.131343 0.14979 0
0.621947 -0.0721301 0.176882 0
0.590995 -0.0952573 0.179867 0
0.578775 -0.0916561 0.178415 0
0.577199 -0.0903129 0.171307 0
0.562715 -0.108449 0.162199 0
0.558216 -0.116669 0.162003 0
0.603833 -0.0625764 0.182672 0
0.598896 -0.0859591 0.179826 0
0.60216 -0.0821985 0.17969 0
0.565526 -0.107757 0.161405 0
0.628558 -0.0675701 0.181707 0
0.579959 -0.084264 0.176417 0
0.598472 -0.0669498 0.175486 0
0.564913 -0.104354 0.170836 0
0.592264 -0.0855815 0.178882 0
0.475912 -0.181686 0.194049 0
0.475991 -0.183935 0.198388 0
0.451746 -0.213773 0.206501 0
0.479479 -0.193078 0.193576 0
0.500241 -0.163325 0.165149 0
0.464955 -0.195604 0.214111 0
0.484832 -0.198012 0.193439 0
0.458111 -0.208233 0.207363 0
0.474446 -0.182545 0.189914 0
0.45531 -0.201389 0.217445 0
0.462589 -0.196105 0.216197 0
0.483997 -0.180109 0.188218 0
0.486327 -0.178885 0.185541 0
0.469568 -0.19032 0.206484 0
0.473967 -0.186704 0.199123 0
0.480263 -0.191871 0.191256 0
0.467917 -0.186343 0.199691 0
0.468763 -0.186012 0.199671 0
0.505714 -0.162161 0.159946 0
0.473653 -0.197883 0.198437 0
0.472788 -0.188526 0.20401 0
0.476867 -0.188652 0.199727 0
0.501165 -0.164104 0.165714 0
0.481191 -0.197401 0.193895 0
0.456913 -0.210286 0.206406 0
0.445824 -0.225363 0.20985 0
0.441952 -0.219274 0.209143 0
0.477109 -0.186654 0.189436 0
0.477355 -0.187566 0.18617 0
0.475164 -0.182537 0.185741 0
0.454508 -0.206776 0.211796 0
0.456638 -0.208321 0.209372 0
0.476742 -0.190799 0.193604 0
0.476804 -0.188634 0.195685 0
0.446357 -0.207414 0.214625 0
0.460319 -0.203326 0.210379 0
0.465234 -0.201072 0.208251 0
0.458166 -0.213088 0.203451 0
0.469523 -0.20713 0.192578 0
0.500636 -0.182534 0.177982 0
0.504412 -0.178146 0.170936 0
0.479717 -0.180425 0.181586 0
0.4801 -0.180232 0.181198 0
0.466874 -0.199282 0.205361 0
0.473977 -0.19547 0.200106 0
0.469048 -0.197479 0.204223 0
0.445806 -0.210201 0.213672 0
0.452693 -0.205703 0.21329 0
0.496459 -0.172015 0.174164 0
0.495668 -0.175158 0.176394 0
0.499429 -0.171516 0.171825 0
0.485502 -0.18486 0.189389 0
0.483757 -0.18348 0.190347 0
0.445424 -0.225546 0.210012 0
0.490974 -0.183241 0.183863 0
0.495237 -0.175758 0.177012 0
0.454319 -0.204081 0.215497 0
0.469587 -0.202792 0.199612 0
0.461201 -0.208634 0.204868 0
0.458083 -0.202724 0.211722 0
0.461281 -0.200342 0.211889 0
0.469236 -0.20138 0.201162 0
0.471127 -0.19728 0.202009 0
0.466712 -0.202152 0.203513 0
0.473231 -0.204059 0.197206 0
0.466661 -0.20816 0.194452 0
0.465505 -0.208645 0.192387 0
0.463058 -0.210831 0.201065 0
0.469719 -0.1928 0.20724 0
0.466915 -0.196067 0.208393 0
0.464853 -0.195277 0.211165 0
0.442469 -0.222487 0.208829 0
0.484855 -0.176055 0.172165 0
0.481895 -0.17969 0.183473 0
0.482816 -0.179754 0.183896 0
0.479319 -0.181768 0.193394 0
0.478414 -0.183226 0.195215 0
0.461875 -0.196867 0.215959 0
0.487408 -0.193573 0.192686 0
0.464378 -0.207583 0.20571 0
0.470282 -0.204915 0.201581 0
0.465039 -0.209458 0.205247 0
0.443667 -0.211846 0.213115 0
0.446183 -0.213813 0.211671 0
0.443627 -0.217435 0.209954 0
0.491896 -0.18362 0.183667 0
0.494154 -0.180608 0.180326 0
0.497069 -0.179556 0.178226 0
0.456281 -0.216444 0.2016 0
0.475871 -0.196883 0.198066 0
0.474973 -0.194855 0.19937 0
0.489441 -0.17583 0.17974 0
0.488034 -0.174654 0.176281 0
0.494986 -0.169855 0.172512 0
0.496932 -0.166941 0.168547 0
0.466957 -0.191551 0.212152 0
0.487448 -0.174095 0.173724 0
0.486338 -0.174818 0.173072 0
0.45532 -0.203444 0.213445 0
0.456577 -0.216478 0.201338 0
0.467246 -0.193604 0.21275 0
0.468095 -0.192474 0.211327 0
0.473551 -0.193713 0.201566 0
0.470371 -0.196129 0.205532 0
0.466319 -0.200599 0.206469 0
0.460206 -0.207062 0.205906 0
0.473112 -0.203384 0.199654 0
0.469616 -0.200777 0.202199 0
0.499776 -0.166622 0.166718 0
0.496442 -0.169101 0.16873 0
0.496463 -0.168545 0.168401 0
0.473648 -0.19149 0.202202 0
0.483719 -0.190493 0.185864 0
0.463623 -0.210872 0.20262 0
0.475281 -0.181811 0.185436 0
0.475623 -0.181583 0.186212 0
0.46354 -0.210174 0.19932 0
0.464806 -0.21128 0.19561 0
0.466322 -0.209845 0.19368 0
0.47198 -0.207595 0.192821 0
0.462958 -0.213263 0.198798 0
0.4742 -0.203575 0.19645 0
0.504599 -0.169425 0.164213 0
0.502888 -0.167358 0.165523 0
0.468927 -0.187021 0.202261 0
0.50636 -0.174874 0.16651 0
0.506184 -0.176098 0.167638 0
0.502956 -0.173235 0.168781 0
0.487442 -0.177515 0.182456 0
0.480724 -0.200366 0.194528 0
0.472528 -0.205399 0.197185 0
0.468982 -0.187643 0.201441 0
0.471963 -0.185417 0.198333 0
0.486202 -0.192119 0.189175 0
0.38167 -0.280816 0.168143 0
0.381899 -0.279892 0.170015 0
0.41526 -0.228642 0.200408 0
0.425344 -0.249195 0.21011 0
0.378178 -0.282388 0.161655 0
0.405771 -0.252536 0.20328 0
0.38336 -0.277984 0.181531 0
0.412954 -0.255172 0.205477 0
0.370265 -0.27863 0.16499 0
0.371359 -0.279602 0.161897 0
0.389081 -0.24788 0.213265 0
0.435804 -0.21146 0.20985 0
0.383593 -0.281384 0.174464 0
0.383077 -0.278181 0.173441 0
0.430627 -0.21222 0.209819 0
0.365311 -0.277352 0.164963 0
0.390144 -0.282375 0.195103 0
0.391358 -0.243992 0.205921 0
0.405491 -0.264576 0.206577 0
0.404439 -0.261622 0.206207 0
0.383897 -0.286444 0.177489 0
0.364413 -0.27041 0.172835 0
0.408921 -0.258913 0.20647 0
0.373891 -0.295745 0.159813 0
0.388649 -0.271155 0.194261 0
0.428216 -0.229115 0.203615 0
0.432852 -0.230642 0.205941 0
0.386866 -0.271895 0.192932 0
0.384003 -0.278805 0.19177 0
0.416442 -0.234654 0.201423 0
0.370421 -0.296516 0.150803 0
0.366773 -0.288918 0.151781 0
0.389137 -0.238721 0.212939 0
0.378469 -0.28739 0.157955 0
0.399428 -0.260905 0.20558 0
0.380837 -0.25617 0.19271 0
0.41593 -0.249728 0.203613 0
0.424401 -0.219844 0.202669 0
0.439366 -0.213534 0.2116 0
0.437848 -0.211718 0.211358 0
0.427523 -0.218627 0.205763 0
0.380019 -0.286814 0.167648 0
0.419049 -0.226192 0.205646 0
0.415335 -0.26581 0.205002 0
0.424422 -0.227258 0.201565 0
0.40108 -0.235712 0.203837 0
0.387148 -0.264054 0.18764 0
0.386579 -0.260759 0.187187 0
0.383325 -0.289575 0.172373 0
0.383364 -0.28857 0.173656 0
0.42622 -0.217902 0.204035 0
0.388282 -0.258972 0.190839 0
0.387421 -0.257855 0.1915 0
0.392529 -0.260193 0.193894 0
0.39257 -0.257477 0.197996 0
0.390725 -0.256218 0.197732 0
0.389911 -0.24004 0.209965 0
0.414943 -0.230868 0.210478 0
0.414079 -0.237857 0.200534 0
0.382195 -0.271379 0.184687 0
0.420448 -0.224022 0.199445 0
0.43037 -0.236766 0.205276 0
0.419761 -0.244672 0.203336 0
0.378259 -0.267103 0.178342 0
0.425798 -0.24333 0.205988 0
0.421633 -0.256097 0.2047 0
0.381601 -0.260912 0.196826 0
0.384316 -0.260346 0.198859 0
0.417287 -0.2298 0.211227 0
0.425871 -0.223277 0.210196 0
0.426492 -0.222583 0.209811 0
0.414034 -0.260665 0.203784 0
0.373356 -0.286559 0.155455 0
0.388841 -0.2412 0.213271 0
0.411495 -0.258514 0.205982 0
0.393008 -0.237613 0.205675 0
0.377168 -0.254952 0.193097 0
0.38602 -0.284017 0.187257 0
0.376286 -0.266242 0.17784 0
0.372775 -0.269862 0.17442 0
0.371752 -0.273265 0.174192 0
0.373092 -0.268523 0.174527 0
0.364543 -0.268825 0.174204 0
0.381297 -0.251943 0.206395 0
0.381227 -0.251732 0.206688 0
0.385516 -0.28525 0.182145 0
0.381817 -0.274238 0.177201 0
0.420221 -0.224321 0.20508 0
0.415098 -0.2334 0.201074 0
0.365502 -0.293093 0.151056 0
0.382387 -0.26229 0.183787 0
0.382 -0.274857 0.181141 0
0.431017 -0.211458 0.207656 0
0.433026 -0.20783 0.210707 0
0.36491 -0.273589 0.168979 0
0.367123 -0.26662 0.180836 0
0.38746 -0.267725 0.190485 0
0.388792 -0.266664 0.191455 0
0.420945 -0.229307 0.20114 0
0.3638 -0.28934 0.157039 0
0.393447 -0.263737 0.197488 0
0.39165 -0.265251 0.195411 0
0.377367 -0.251716 0.198751 0
0.364614 -0.267347 0.178189 0
0.369955 -0.264703 0.178096 0
0.41032 -0.230324 0.203867 0
0.371745 -0.280636 0.160495 0
0.386434 -0.283282 0.190386 0
0.409179 -0.238015 0.202435 0
0.36033 -0.280262 0.164958 0
0.410076 -0.248154 0.202276 0
0.372282 -0.286191 0.155225 0
0.42388 -0.248536 0.206706 0
0.368076 -0.286431 0.154439 0
0.372383 -0.291046 0.152168 0
0.381902 -0.24774 0.205267 0
0.401655 -0.24692 0.204332 0
0.412891 -0.227488 0.201373 0
0.424064 -0.21892 0.202473 0
0.427507 -0.224072 0.204388 0
0.429088 -0.2234 0.20513 0
0.362197 -0.28365 0.161774 0
0.428925 -0.23748 0.20505 0
0.398876 -0.250064 0.205365 0
0.372023 -0.296763 0.154139 0
0.365651 -0.28443 0.158141 0
0.41387 -0.246843 0.201845 0
0.381678 -0.274466 0.185078 0
0.402009 -0.252359 0.204895 0
0.391584 -0.269407 0.197924 0
0.362707 -0.271076 0.181639 0
0.415827 -0.251363 0.211004 0
0.412944 -0.256236 0.210239 0
0.408641 -0.230738 0.207411 0
0.378401 -0.277344 0.16889 0
0.378037 -0.276573 0.169362 0
0.403998 -0.232229 0.208515 0
0.400592 -0.232912 0.20945 0
0.429084 -0.214866 0.20748 0
0.403592 -0.24703 0.204064 0
0.420973 -0.250661 0.205394 0
0.418586 -0.251384 0.211247 0
0.413788 -0.25595 0.21033 0
0.375345 -0.276605 0.168893 0
0.367595 -0.266251 0.175891 0
0.392598 -0.240395 0.214882 0
0.397662 -0.247834 0.204182 0
0.381844 -0.24654 0.203508 0
0.42092 -0.247392 0.205094 0
0.383102 -0.275937 0.189805 0
0.367084 -0.297503 0.150274 0
0.36398 -0.294449 0.151502 0
0.382871 -0.282179 0.182063 0
0.393149 -0.23461 0.211782 0
0.378892 -0.25499 0.200332 0
0.377382 -0.255907 0.198929 0
0.377587 -0.255891 0.199033 0
0.391422 -0.245467 0.20689 0
0.39794 -0.245727 0.203056 0
0.420726 -0.259826 0.205849 0
0.370781 -0.281946 0.159135 0
0.401015 -0.233813 0.211387 0
0.383151 -0.269239 0.184403 0
0.423048 -0.23254 0.203133 0
0.425992 -0.232925 0.203686 0
0.417937 -0.259153 0.208382 0
0.418609 -0.260078 0.207584 0
0.422121 -0.258571 0.207548 0
0.399723 -0.241547 0.214252 0
0.42813 -0.217766 0.206575 0
0.376581 -0.290161 0.155137 0
0.405435 -0.239841 0.202281 0
0.391199 -0.274863 0.197353 0
0.373126 -0.264772 0.186432 0
0.374367 -0.262215 0.187325 0
0.376914 -0.254557 0.199003 0
0.377752 -0.263591 0.192028 0
0.373609 -0.262876 0.185262 0
0.382515 -0.253766 0.196212 0
0.387371 -0.2544 0.195546 0
0.391576 -0.249743 0.20152 0
0.432129 -0.211644 0.207245 0
0.393963 -0.252758 0.202697 0
0.388444 -0.247765 0.203534 0
0.386574 -0.254606 0.194706 0
0.386579 -0.254061 0.195255 0
0.399396 -0.242365 0.201712 0
0.429843 -0.217145 0.207057 0
0.431004 -0.220664 0.206666 0
0.399319 -0.236185 0.204059 0
0.412159 -0.240639 0.20157 0
0.422991 -0.254858 0.208167 0
0.409063 -0.264605 0.206818 0
0.380274 -0.284791 0.169617 0
0.381336 -0.28239 0.165359 0
0.375258 -0.260657 0.183877 0
0.418591 -0.235938 0.202171 0
0.420555 -0.23413 0.202792 0
0.362499 -0.271147 0.172221 0
0.362132 -0.271916 0.171538 0
0.423939 -0.2346 0.203555 0
0.413847 -0.237394 0.200572 0
0.410856 -0.231107 0.199871 0
0.425373 -0.218516 0.203226 0
0.41618 -0.263032 0.202541 0
0.412621 -0.262207 0.208283 0
0.383841 -0.256452 0.191208 0
0.383095 -0.257244 0.18921 0
0.409112 -0.2329 0.212063 0
0.384508 -0.270903 0.189176 0
0.39473 -0.233995 0.209876 0
0.363186 -0.286189 0.161936 0
0.371261 -0.294557 0.150133 0
0.370551 -0.295191 0.149685 0
0.378726 -0.262132 0.181918 0
0.391672 -0.240441 0.204545 0
0.380836 -0.285025 0.173666 0
0.390302 -0.241748 0.210739 0
0.371668 -0.26448 0.177878 0
0.416277 -0.259301 0.203634 0
0.407998 -0.25469 0.204871 0
0.421089 -0.249918 0.211651 0
0.410454 -0.268927 0.20591 0
0.450098 -0.229542 0.20864 0
0.440821 -0.243183 0.217544 0
0.487946 -0.200988 0.189516 0
0.39344 -0.268966 0.200225 0
0.432227 -0.245697 0.210062 0
0.4315 -0.245302 0.209666 0
0.42767 -0.247342 0.209336 0
0.389886 -0.26254 0.199859 0
0.3868 -0.264487 0.197485 0
0.446655 -0.236254 0.216158 0
0.490114 -0.192378 0.182415 0
0.49097 -0.193595 0.191476 0
0.49124 -0.192604 0.19062 0
0.398542 -0.257906 0.203906 0
0.470255 -0.208417 0.199544 0
0.474035 -0.205111 0.198433 0
0.430381 -0.227112 0.213762 0
0.444576 -0.229683 0.209791 0
0.500434 -0.188563 0.176989 0
0.501068 -0.188244 0.175803 0
0.49994 -0.183889 0.179454 0
0.441046 -0.230223 0.210029 0
0.394088 -0.256619 0.206665 0
0.390596 -0.255408 0.206312 0
0.38871 -0.251574 0.210771 0
0.466752 -0.210017 0.203316 0
0.459558 -0.21537 0.207274 0
0.461749 -0.214812 0.203973 0
0.490547 -0.19318 0.185732 0
0.490788 -0.18895 0.188137 0
0.490416 -0.191802 0.190386 0
0.399632 -0.25636 0.205758 0
0.435153 -0.226835 0.207226 0
0.446099 -0.237688 0.216265 0
0.435844 -0.245985 0.21164 0
0.4874 -0.195773 0.192906 0
0.479072 -0.201221 0.196734 0
0.485804 -0.201391 0.191409 0
0.440873 -0.239276 0.212144 0
0.393579 -0.27369 0.205358 0
0.401653 -0.274352 0.207935 0
0.436872 -0.239944 0.210526 0
0.444985 -0.23764 0.214244 0
0.39747 -0.247311 0.21266 0
0.397074 -0.253152 0.208617 0
0.453999 -0.224307 0.206424 0
0.454562 -0.221397 0.205788 0
0.395092 -0.274691 0.199358 0
0.393128 -0.271992 0.204365 0
0.396425 -0.274681 0.199855 0
0.403297 -0.267868 0.204481 0
0.399891 -0.267833 0.203929 0
0.397273 -0.276286 0.200901 0
0.397037 -0.270364 0.201757 0
0.435225 -0.239303 0.209364 0
0.433917 -0.237361 0.207538 0
0.39831 -0.263762 0.204568 0
0.410122 -0.268864 0.205738 0
0.389303 -0.247128 0.213107 0
0.392989 -0.243841 0.214298 0
0.387614 -0.245716 0.213445 0
0.432546 -0.239321 0.216817 0
0.415828 -0.241059 0.212092 0
0.419323 -0.236809 0.212592 0
0.41857 -0.232212 0.2129 0
0.416806 -0.234904 0.212606 0
0.414681 -0.244943 0.211958 0
0.420605 -0.242118 0.213045 0
0.39231 -0.280612 0.196908 0
0.438931 -0.224923 0.215092 0
0.426304 -0.239091 0.214093 0
0.431006 -0.230128 0.214471 0
0.429445 -0.230012 0.214054 0
0.437993 -0.227424 0.209276 0
0.446202 -0.223409 0.214132 0
0.441245 -0.226814 0.215757 0
0.442934 -0.214104 0.214086 0
0.426126 -0.243461 0.213833 0
0.428401 -0.24388 0.214569 0
0.481772 -0.198354 0.195509 0
0.394717 -0.264151 0.200072 0
0.435869 -0.248664 0.212138 0
0.403817 -0.253169 0.207642 0
0.408715 -0.246961 0.211293 0
0.406494 -0.248166 0.210764 0
0.401668 -0.254383 0.207096 0
0.408236 -0.249026 0.209916 0
0.433813 -0.220422 0.213933 0
0.433505 -0.220829 0.213892 0
0.431595 -0.229073 0.214425 0
0.444015 -0.237611 0.220694 0
0.432793 -0.24923 0.212775 0
0.434352 -0.249399 0.212462 0
0.441108 -0.236173 0.220832 0
0.435715 -0.245285 0.217452 0
0.43298 -0.239398 0.21713 0
0.438143 -0.218656 0.214305 0
0.436946 -0.217994 0.214601 0
0.41702 -0.246479 0.211906 0
0.441483 -0.241593 0.221527 0
0.435953 -0.204642 0.213241 0
0.40052 -0.272068 0.202132 0
0.435674 -0.231574 0.215879 0
0.433533 -0.233944 0.21563 0
0.448981 -0.216728 0.212672 0
0.450862 -0.218321 0.212393 0
0.449314 -0.211976 0.213178 0
0.440422 -0.243005 0.215551 0
0.443594 -0.231061 0.217841 0
0.440533 -0.233349 0.219546 0
0.426392 -0.223403 0.210412 0
0.423397 -0.230013 0.212882 0
0.392754 -0.267122 0.201984 0
0.445819 -0.203869 0.215899 0
0.442343 -0.204396 0.215098 0
0.38901 -0.26921 0.197702 0
0.388805 -0.266526 0.198109 0
0.440702 -0.201585 0.213069 0
0.454748 -0.224492 0.208285 0
0.451583 -0.230692 0.208918 0
0.458101 -0.220145 0.205531 0
0.445592 -0.202363 0.215275 0
0.443559 -0.208213 0.214968 0
0.455702 -0.213442 0.210389 0
0.454667 -0.210386 0.209934 0
0.459059 -0.207678 0.208148 0
0.43611 -0.23142 0.208367 0
0.489333 -0.199773 0.189942 0
0.490336 -0.194448 0.191862 0
0.449032 -0.207003 0.214667 0
0.442416 -0.233549 0.2192 0
0.439844 -0.206887 0.210404 0
0.439238 -0.206396 0.209677 0
0.409985 -0.262546 0.209289 0
0.433097 -0.216635 0.212252 0
0.405968 -0.268094 0.205597 0
0.454285 -0.207987 0.211719 0
0.452688 -0.210489 0.211293 0
0.389502 -0.272641 0.199556 0
0.390586 -0.27142 0.200674 0
0.405533 -0.268268 0.209407 0
0.430307 -0.241617 0.207033 0
0.390504 -0.281972 0.197607 0
0.497944 -0.194264 0.186873 0
0.49947 -0.193452 0.185271 0
0.397182 -0.27873 0.204316 0
0.456293 -0.218914 0.210262 0
0.457325 -0.217598 0.209378 0
0.448124 -0.229358 0.209076 0
0.400501 -0.268835 0.208462 0
0.42976 -0.247061 0.215109 0
0.428734 -0.246188 0.214444 0
0.386482 -0.253518 0.207167 0
0.492481 -0.192424 0.179164 0
0.477934 -0.205529 0.193828 0
0.476098 -0.20497 0.196544 0
0.490196 -0.199068 0.187508 0
0.490827 -0.198331 0.187264 0
0.445635 -0.234233 0.209993 0
0.432129 -0.242578 0.209153 0
0.399305 -0.262985 0.206162 0
0.407333 -0.261105 0.208545 0
0.401414 -0.260544 0.206262 0
0.449136 -0.231354 0.214619 0
0.448276 -0.232508 0.215826 0
0.445079 -0.20654 0.215904 0
0.453269 -0.205206 0.214985 0
0.436981 -0.214523 0.214095 0
0.437607 -0.208567 0.213976 0
0.499451 -0.187727 0.18141 0
0.500222 -0.189336 0.179041 0
0.407308 -0.242958 0.212929 0
0.412226 -0.243221 0.211928 0
0.409028 -0.238824 0.213026 0
0.402936 -0.244279 0.213654 0
0.486029 -0.191209 0.191307 0
0.480449 -0.194355 0.194992 0
0.412856 -0.233035 0.21279 0
0.403232 -0.240915 0.21392 0
0.484464 -0.189709 0.190805 0
0.479795 -0.194224 0.195269 0
0.39512 -0.276025 0.206429 0
0.405685 -0.254993 0.208157 0
0.409924 -0.25565 0.209776 0
0.409612 -0.256143 0.209618 0
0.408093 -0.252048 0.209319 0
0.395855 -0.264196 0.204699 0
0.396051 -0.263277 0.20466 0
0.516256 -0.137516 0.0675182 0
0.513973 -0.139517 0.0675334 0
0.516879 -0.144551 0.0657335 0
0.518864 -0.14326 0.0660853 0
0.521931 -0.14533 0.0642787 0
0.518987 -0.122301 0.0737686 0
0.527032 -0.156871 0.0597735 0
0.522362 -0.139693 0.0650284 0
0.521548 -0.136571 0.0652923 0
0.515477 -0.129337 0.0722452 0
0.516963 -0.133088 0.0694693 0
0.519221 -0.137717 0.0670412 0
0.537033 -0.15399 0.0646636 0
0.541246 -0.153394 0.0631661 0
0.517377 -0.124163 0.0734518 0
0.522909 -0.121764 0.0704885 0
0.529032 -0.153654 0.0627132 0
0.523448 -0.150365 0.061705 0
0.534236 -0.155317 0.0629634 0
0.534631 -0.155463 0.0626495 0
0.539558 -0.156975 0.0593128 0
0.5606 -0.122172 0.157485 0
0.548786 -0.136297 0.143358 0
0.582831 -0.100975 0.170095 0
0.58079 -0.101072 0.169527 0
0.57408 -0.108002 0.166661 0
0.545166 -0.129783 0.152839 0
0.56813 -0.11596 0.160759 0
0.589584 -0.10124 0.174757 0
0.587062 -0.101659 0.173094 0
0.571936 -0.100175 0.164984 0
0.55211 -0.128248 0.151971 0
0.585492 -0.103356 0.17228 0
0.576896 -0.10609 0.168182 0
0.571169 -0.113429 0.163769 0
0.587669 -0.1005 0.176802 0
0.58516 -0.0972205 0.171237 0
0.542805 -0.133534 0.141128 0
0.545624 -0.136099 0.142905 0
0.5439 -0.139795 0.139926 0
0.57935 -0.106771 0.169094 0
0.556264 -0.121863 0.158972 0
0.556965 -0.121203 0.161586 0
0.561318 -0.119698 0.164511 0
0.587068 -0.096385 0.171979 0
0.540717 -0.138807 0.136937 0
0.562883 -0.118949 0.165595 0
0.56243 -0.115548 0.16567 0
0.543353 -0.13044 0.143901 0
0.571107 -0.104447 0.172019 0
0.567502 -0.119272 0.165356 0
0.546662 -0.134576 0.144882 0
0.592773 -0.0991615 0.176418 0
0.554105 -0.123371 0.157233 0
0.548419 -0.130528 0.149749 0
0.554532 -0.12182 0.159756 0
0.570275 -0.10877 0.16251 0
0.576755 -0.106716 0.172785 0
0.539651 -0.138446 0.136316 0
0.541436 -0.142306 0.135777 0
0.533295 -0.139158 0.132227 0
0.536388 -0.140931 0.134554 0
0.54652 -0.134969 0.148061 0
0.547154 -0.137239 0.145149 0
0.535474 -0.137277 0.136252 0
0.540025 -0.136327 0.141871 0
0.537116 -0.145312 0.12946 0
0.545419 -0.140035 0.141038 0
0.536142 -0.138774 0.127388 0
0.577018 -0.0985424 0.168412 0
0.549156 -0.134469 0.14906 0
0.54174 -0.137507 0.142452 0
0.551925 -0.132516 0.152336 0
0.555271 -0.12918 0.156982 0
0.573013 -0.113712 0.165898 0
0.541947 -0.140047 0.139941 0
0.544862 -0.132513 0.144702 0
0.5519 -0.127792 0.157381 0
0.544166 -0.133783 0.142995 0
0.552488 -0.130803 0.149664 0
0.535815 -0.146647 0.128359 0
0.580017 -0.100348 0.176145 0
0.58204 -0.100194 0.176755 0
0.577101 -0.108209 0.170651 0
0.583663 -0.103093 0.174771 0
0.55483 -0.13043 0.15239 0
0.563258 -0.114274 0.159439 0
0.561146 -0.117048 0.159376 0
0.564935 -0.119701 0.166026 0
0.550763 -0.134204 0.147277 0
0.562234 -0.123436 0.162283 0
0.538523 -0.14236 0.135232 0
0.573441 -0.109623 0.170755 0
0.572021 -0.11105 0.170239 0
0.56466 -0.112701 0.16737 0
0.566997 -0.1164 0.167989 0
0.535011 -0.143366 0.122821 0
0.53441 -0.145231 0.119363 0
0.547176 -0.137757 0.209166 0
0.566063 -0.135188 0.231365 0
0.536542 -0.154559 0.177382 0
0.549562 -0.131871 0.224923 0
0.574034 -0.132507 0.227218 0
0.54607 -0.131651 0.221155 0
0.540896 -0.131804 0.215864 0
0.527348 -0.139357 0.204915 0
0.521888 -0.144763 0.175786 0
0.525751 -0.145312 0.173866 0
0.521668 -0.147203 0.167423 0
0.51899 -0.148244 0.168167 0
0.526618 -0.145217 0.186768 0
0.533605 -0.149291 0.181176 0
0.5322 -0.148458 0.180752 0
0.51449 -0.144699 0.187591 0
0.515479 -0.144213 0.184042 0
0.535754 -0.151663 0.177484 0
0.536282 -0.139783 0.210491 0
0.534844 -0.140134 0.208918 0
0.533609 -0.14934 0.18096 0
0.514886 -0.143889 0.196207 0
0.517299 -0.143205 0.196817 0
0.532906 -0.150099 0.171743 0
0.527198 -0.145627 0.174737 0
0.526797 -0.145505 0.172902 0
0.530701 -0.146588 0.186553 0
0.551657 -0.143165 0.205618 0
0.530346 -0.148563 0.163646 0
0.530789 -0.148872 0.161623 0
0.554697 -0.13693 0.22092 0
0.569744 -0.135964 0.233121 0
0.567794 -0.130886 0.232028 0
0.561436 -0.139427 0.229275 0
0.54157 -0.131828 0.21633 0
0.536168 -0.135947 0.212907 0
0.56483 -0.1309 0.231048 0
0.525254 -0.146488 0.157121 0
0.556788 -0.137159 0.220025 0
0.559644 -0.14146 0.215967 0
0.521394 -0.144541 0.18112 0
0.523796 -0.144857 0.182108 0
0.526241 -0.145665 0.134933 0
0.54492 -0.154712 0.197411 0
0.50863 -0.155087 0.209946 0
0.574675 -0.132984 0.223881 0
0.549821 -0.130851 0.223284 0
0.537643 -0.137078 0.203873 0
0.526876 -0.143486 0.198725 0
0.532111 -0.141753 0.204329 0
0.536672 -0.147789 0.193004 0
0.534987 -0.14654 0.196964 0
0.539143 -0.145612 0.199787 0
0.580556 -0.137753 0.222243 0
0.54085 -0.151916 0.190798 0
0.55505 -0.147559 0.206963 0
0.515158 -0.149073 0.176157 0
0.54384 -0.134091 0.217769 0
0.538742 -0.15009 0.193855 0
0.540863 -0.149335 0.197262 0
0.533175 -0.1462 0.196095 0
0.540093 -0.151815 0.188164 0
0.516624 -0.141458 0.201466 0
0.518891 -0.142649 0.197428 0
0.517269 -0.141576 0.200836 0
0.532281 -0.152183 0.159926 0
0.526928 -0.144903 0.194286 0
0.54224 -0.15292 0.195842 0
0.535145 -0.144158 0.199649 0
0.54089 -0.140448 0.201025 0
0.52985 -0.144807 0.196862 0
0.535136 -0.153403 0.172694 0
0.531472 -0.147089 0.128345 0
0.533746 -0.139134 0.207335 0
0.548311 -0.131167 0.219031 0
0.552277 -0.133681 0.220944 0
0.527128 -0.147287 0.147236 0
0.524129 -0.142383 0.196743 0
0.532407 -0.153668 0.159401 0
0.533238 -0.153761 0.167581 0
0.532569 -0.138554 0.21008 0
0.533076 -0.145888 0.19737 0
0.583368 -0.144946 0.220379 0
0.545704 -0.135915 0.213094 0
0.549599 -0.157071 0.206105 0
0.545332 -0.139058 0.201821 0
0.535866 -0.138482 0.212068 0
0.54401 -0.140262 0.214 0
0.511737 -0.144058 0.207122 0
0.509236 -0.143485 0.210443 0
0.505094 -0.153435 0.219085 0
0.523661 -0.146647 0.142799 0
0.503208 -0.149745 0.218048 0
0.519524 -0.146693 0.149579 0
0.528985 -0.147923 0.154594 0
0.508263 -0.151227 0.209795 0
0.555435 -0.154006 0.208072 0
0.556169 -0.151003 0.207078 0
0.526501 -0.146781 0.156937 0
0.513491 -0.147385 0.198314 0
0.569153 -0.138731 0.213009 0
0.566666 -0.135111 0.217661 0
0.553644 -0.14132 0.210053 0
0.551255 -0.147818 0.206419 0
0.549754 -0.150506 0.207092 0
0.55797 -0.147091 0.208027 0
0.592026 -0.157879 0.208382 0
0.593433 -0.166225 0.211779 0
0.591243 -0.163474 0.213357 0
0.576589 -0.135754 0.231008 0
0.569892 -0.130308 0.230388 0
0.578767 -0.138567 0.215328 0
0.582327 -0.143739 0.211771 0
0.582029 -0.141137 0.215495 0
0.554317 -0.130213 0.222062 0
0.581677 -0.138591 0.227065 0
0.535082 -0.142468 0.204784 0
0.539884 -0.142744 0.207457 0
0.538354 -0.142339 0.207246 0
0.546425 -0.153844 0.20455 0
0.550474 -0.137371 0.22018 0
0.575409 -0.146618 0.210929 0
0.579278 -0.146482 0.210421 0
0.579231 -0.145262 0.209926 0
0.513673 -0.145382 0.199315 0
0.54394 -0.145242 0.208093 0
0.545295 -0.152476 0.204661 0
0.538891 -0.145698 0.201665 0
0.542953 -0.146994 0.205671 0
0.547704 -0.154369 0.206248 0
0.56824 -0.150726 0.210436 0
0.570268 -0.142776 0.209755 0
0.591149 -0.156139 0.209024 0
0.585926 -0.150047 0.216877 0
0.518926 -0.145258 0.142636 0
0.568309 -0.14556 0.233187 0
0.570994 -0.141124 0.23376 0
0.563493 -0.146224 0.230995 0
0.569974 -0.141675 0.233361 0
0.541785 -0.13708 0.205895 0
0.535005 -0.138142 0.205967 0
0.583709 -0.142993 0.216017 0
0.543431 -0.149727 0.202124 0
0.587815 -0.151456 0.210257 0
0.587316 -0.150152 0.213495 0
0.538064 -0.131734 0.209155 0
0.583186 -0.15744 0.22306 0
0.577652 -0.15461 0.228803 0
0.582152 -0.151579 0.224214 0
0.584566 -0.15963 0.221606 0
0.58211 -0.15214 0.224249 0
0.585276 -0.15449 0.219745 0
0.586014 -0.157497 0.218966 0
0.583264 -0.14959 0.222518 0
0.585894 -0.156895 0.219069 0
0.561689 -0.145446 0.212242 0
0.562251 -0.148287 0.209505 0
0.544214 -0.152404 0.200794 0
0.546373 -0.137217 0.205376 0
0.54284 -0.134287 0.213249 0
0.58092 -0.145032 0.209816 0
0.580312 -0.142648 0.211468 0
0.54922 -0.14316 0.203818 0
0.548394 -0.141523 0.202451 0
0.56023 -0.137675 0.228465 0
0.557858 -0.137933 0.22693 0
0.553247 -0.142107 0.21548 0
0.567528 -0.131203 0.220455 0
0.56762 -0.134119 0.21826 0
0.541314 -0.153815 0.189577 0
0.520318 -0.148197 0.158075 0
0.518772 -0.149191 0.164111 0
0.572233 -0.132001 0.220692 0
0.573846 -0.132434 0.222545 0
0.548587 -0.139271 0.216671 0
0.536946 -0.152716 0.178013 0
0.501267 -0.148725 0.219929 0
0.574051 -0.145629 0.231997 0
0.571054 -0.153318 0.235572 0
0.571666 -0.142668 0.234085 0
0.578864 -0.149685 0.227625 0
0.565627 -0.144127 0.211172 0
0.564698 -0.143925 0.211832 0
0.541066 -0.13147 0.213293 0
0.556868 -0.134986 0.226084 0
0.579727 -0.136603 0.227006 0
0.510028 -0.148312 0.209243 0
0.507713 -0.145592 0.212461 0
0.565327 -0.129137 0.228653 0
0.511962 -0.148548 0.206059 0
0.512769 -0.149899 0.201538 0
0.568997 -0.141441 0.210308 0
0.563149 -0.140337 0.214839 0
0.560232 -0.130803 0.22152 0
0.558055 -0.141486 0.216197 0
0.550544 -0.139218 0.209072 0
0.562814 -0.129251 0.227396 0
0.531438 -0.152104 0.152903 0
0.529674 -0.14822 0.154578 0
0.557775 -0.14259 0.212589 0
0.547975 -0.138528 0.212724 0
0.581544 -0.138465 0.219191 0
0.548288 -0.13651 0.219055 0
0.545356 -0.137446 0.207924 0
0.526024 -0.145806 0.138786 0
0.514823 -0.149209 0.185833 0
0.521625 -0.144305 0.189836 0
0.520307 -0.144341 0.184837 0
0.532159 -0.143767 0.200158 0
0.555015 -0.150624 0.206777 0
0.578265 -0.139439 0.229959 0
0.581028 -0.143695 0.22663 0
0.575896 -0.139632 0.231308 0
0.515111 -0.147037 0.183293 0
0.517756 -0.146805 0.175676 0
0.554577 -0.130728 0.226918 0
0.524173 -0.147025 0.14638 0
0.529214 -0.147744 0.137925 0
0.528325 -0.146915 0.132813 0
0.558375 -0.129819 0.226115 0
0.522874 -0.147397 0.1533 0
0.513427 -0.15099 0.193761 0
0.513534 -0.150721 0.19316 0
0.547994 -0.145534 0.204142 0
0.526659 -0.140109 0.203154 0
0.553306 -0.141136 0.205848 0
0.531322 -0.149118 0.168958 0
0.526952 -0.146184 0.166766 0
0.538297 -0.120628 0.0735927 0
0.540172 -0.120478 0.0776126 0
0.538335 -0.117094 0.0811757 0
0.545783 -0.106337 0.0900141 0
0.547679 -0.110347 0.0900685 0
0.543458 -0.11432 0.0839766 0
0.548945 -0.103426 0.0950004 0
0.542293 -0.106797 0.0880103 0
0.541746 -0.111499 0.0854161 0
0.549606 -0.0957093 0.0970166 0
0.547683 -0.0991248 0.0921526 0
0.547728 -0.138479 0.0668954 0
0.54252 -0.109028 0.08108 0
0.53923 -0.121683 0.070381 0
0.543868 -0.104682 0.0861977 0
0.536312 -0.130433 0.0600856 0
0.538508 -0.125909 0.0636491 0
0.541217 -0.128967 0.0616671 0
0.545144 -0.105254 0.0904462 0
0.548175 -0.10609 0.0857827 0
0.5361 -0.124956 0.062773 0
0.543701 -0.109801 0.0811089 0
0.543875 -0.115549 0.0771211 0
0.53999 -0.120065 0.0730656 0
0.541672 -0.105857 0.0882333 0
0.53999 -0.112111 0.0798582 0
0.53857 -0.121607 0.0745583 0
0.550239 -0.108515 0.0924267 0
0.550508 -0.10417 0.0952726 0
