0.452318 -0.185470 0.117984 3
0.438182 -0.190547 0.113915 3
0.409017 -0.199657 0.099343 3
0.420422 -0.203775 0.103819 3
0.414288 -0.196142 0.104035 3
0.455384 -0.186492 0.119119 3
0.457479 -0.179263 0.121849 3
0.461840 -0.178974 0.119031 3
0.463127 -0.178730 0.119011 3
0.436395 -0.194928 0.113558 3
0.431414 -0.196351 0.108224 3
0.432766 -0.193833 0.108967 3
0.444755 -0.190963 0.118283 3
0.459664 -0.182119 0.117577 3
0.415803 -0.198827 0.105084 3
0.409126 -0.200273 0.099737 3
0.414360 -0.198359 0.103943 3
0.418581 -0.195975 0.107323 3
0.409490 -0.202511 0.093043 3
0.408852 -0.201908 0.093073 3
0.434514 -0.191984 0.114974 3
0.415128 -0.194198 0.106455 3
0.436127 -0.195514 0.113723 3
0.430007 -0.196178 0.111587 3
0.425642 -0.201527 0.106344 3
0.418521 -0.203096 0.104689 3
0.415783 -0.192245 0.108142 3
0.417922 -0.191358 0.109679 3
0.425704 -0.193701 0.111935 3
0.421540 -0.193005 0.112163 3
0.458902 -0.182504 0.120518 3
0.494167 -0.161804 0.111766 3
0.482850 -0.171225 0.115043 3
0.486214 -0.166364 0.116804 3
0.475721 -0.172437 0.117207 3
0.487863 -0.167104 0.114287 3
0.460539 -0.178581 0.121904 3
0.486966 -0.170257 0.116117 3
0.440805 -0.187833 0.113986 3
0.468708 -0.174874 0.119654 3
0.451575 -0.184890 0.120112 3
0.454512 -0.181566 0.120235 3
0.439210 -0.186856 0.117133 3
0.488621 -0.165854 0.116056 3
0.481958 -0.176353 0.116129 3
0.503945 -0.162836 0.108651 3
0.426416 -0.189886 0.107435 3
0.430360 -0.188786 0.109672 3
0.449679 -0.178730 0.118972 3
0.430318 -0.192851 0.107662 3
0.431085 -0.192826 0.108046 3
0.465897 -0.177059 0.119267 3
0.464617 -0.179817 0.119484 3
0.419719 -0.189470 0.107432 3
0.424185 -0.187781 0.111042 3
0.453603 -0.181535 0.117862 3
0.420383 -0.195441 0.101815 3
0.449359 -0.187906 0.120277 3
0.445816 -0.188922 0.120513 3
0.475027 -0.175936 0.116698 3
0.450366 -0.181353 0.117482 3
0.442174 -0.180442 0.115745 3
0.482492 -0.170445 0.117423 3
0.444911 -0.182779 0.118365 3
0.424446 -0.188516 0.107476 3
0.417041 -0.195117 0.099700 3
0.418070 -0.190001 0.104024 3
0.410096 -0.201121 0.093182 3
0.410219 -0.200435 0.093233 3
0.417781 -0.203632 0.101033 3
0.463815 -0.177041 0.120369 3
0.424091 -0.196505 0.103687 3
0.479611 -0.175674 0.117611 3
0.442207 -0.192346 0.117333 3
0.454281 -0.183310 0.118043 3
0.448056 -0.180958 0.119030 3
0.415232 -0.203072 0.098496 3
0.473598 -0.175645 0.117060 3
0.430614 -0.187743 0.113511 3
0.430068 -0.189923 0.114622 3
0.432843 -0.183601 0.112977 3
0.433002 -0.188646 0.114666 3
0.421593 -0.201188 0.103156 3
0.410883 -0.196704 0.100468 3
0.501835 -0.161010 0.108859 3
0.492739 -0.163454 0.113619 3
0.486476 -0.171444 0.113785 3
0.441872 -0.188981 0.119743 3
0.442654 -0.185952 0.118352 3
0.475724 -0.178420 0.117113 3
0.414159 -0.194303 0.100214 3
0.487692 -0.171364 0.116972 3
0.480331 -0.171951 0.117893 3
0.477876 -0.172970 0.118237 3
0.435101 -0.187367 0.112068 3
0.435337 -0.184344 0.113031 3
0.442529 -0.187394 0.115429 3
0.438011 -0.187431 0.112683 3
0.440042 -0.186409 0.113335 3
0.523231 -0.144322 0.196471 7
0.522770 -0.144931 0.193965 7
0.515311 -0.146982 0.212785 7
0.511606 -0.145829 0.216555 7
0.533650 -0.147725 0.175505 6
0.530259 -0.146762 0.184425 7
0.519473 -0.155390 0.196582 7
0.512889 -0.148665 0.212095 7
0.485774 -0.143525 0.254736 7
0.486374 -0.141614 0.257735 7
0.504995 -0.149981 0.222755 7
0.505533 -0.153193 0.220966 7
0.519911 -0.144202 0.204769 7
0.528081 -0.144498 0.195847 7
0.535823 -0.145972 0.197510 6
0.535522 -0.145790 0.198195 6
0.501679 -0.154655 0.225608 7
0.510626 -0.138782 0.225781 7
0.544666 -0.152441 0.203153 6
0.540710 -0.151173 0.195638 6
0.541459 -0.150986 0.198230 6
0.544443 -0.153323 0.200112 6
0.488390 -0.146162 0.245770 7
0.488027 -0.147474 0.239545 7
0.492904 -0.149775 0.241000 7
0.491978 -0.149533 0.239995 7
0.489824 -0.148228 0.240018 7
0.516054 -0.143892 0.217412 7
0.521908 -0.144932 0.200157 7
0.521863 -0.146128 0.198254 7
0.510447 -0.139037 0.222328 7
0.516723 -0.146988 0.211996 7
0.517954 -0.142879 0.209917 7
0.520308 -0.140419 0.206330 7
0.477799 -0.139531 0.270420 7
0.484435 -0.139961 0.262716 7
0.495684 -0.146931 0.238995 7
0.495983 -0.146977 0.238529 7
0.498054 -0.147110 0.235496 7
0.494589 -0.138269 0.245391 7
0.490674 -0.137120 0.252327 7
0.516173 -0.141149 0.212424 7
0.517053 -0.154022 0.205533 7
0.518520 -0.150981 0.200573 7
0.536319 -0.154570 0.177368 6
0.536413 -0.152655 0.179821 6
0.537476 -0.156204 0.179721 6
0.511619 -0.156366 0.211406 7
0.509526 -0.156297 0.213393 7
0.507518 -0.143242 0.213372 7
0.523083 -0.140445 0.202664 7
0.512412 -0.141033 0.228527 7
0.514087 -0.141489 0.219886 7
0.501572 -0.153652 0.227488 7
0.503312 -0.152579 0.224988 7
0.524007 -0.147315 0.177790 7
0.527960 -0.146891 0.181698 7
0.509899 -0.140352 0.232400 7
0.508952 -0.140347 0.233185 7
0.521705 -0.150982 0.189126 7
0.478591 -0.140676 0.264691 7
0.502284 -0.141815 0.236592 7
0.503463 -0.142405 0.234238 7
0.515922 -0.154177 0.209034 7
0.513157 -0.151261 0.211504 7
0.521667 -0.153185 0.181759 7
0.522856 -0.147783 0.177008 7
0.523926 -0.147178 0.183085 7
0.487273 -0.147116 0.238867 7
0.483608 -0.144567 0.245919 7
0.541311 -0.157842 0.192912 6
0.538846 -0.152260 0.188706 6
0.541359 -0.153675 0.193481 6
0.515437 -0.145649 0.220859 7
0.515033 -0.139884 0.208229 7
0.522180 -0.149411 0.181285 7
0.521351 -0.151296 0.185649 7
0.514219 -0.153911 0.197448 7
0.491779 -0.140260 0.251615 7
0.489035 -0.138034 0.255363 7
0.520728 -0.150095 0.192023 7
0.518450 -0.155471 0.199168 7
0.516340 -0.156620 0.207533 7
0.538058 -0.158131 0.180881 6
0.538693 -0.156931 0.185152 6
0.513314 -0.145401 0.222006 7
0.493929 -0.148819 0.240684 7
0.499284 -0.152219 0.231699 7
0.497880 -0.152335 0.233811 7
0.523507 -0.146947 0.187822 7
0.527106 -0.145766 0.189068 7
0.507314 -0.146928 0.219768 7
0.507557 -0.145252 0.222548 7
0.507415 -0.144624 0.225650 7
0.487961 -0.141393 0.256712 7
0.489622 -0.142348 0.253081 7
0.487685 -0.145431 0.249217 7
0.485549 -0.144604 0.249881 7
0.481899 -0.143021 0.252736 7
0.510090 -0.153629 0.214596 7
0.522509 -0.154199 0.192137 7
0.480101 -0.137932 0.269961 7
0.506446 -0.143715 0.228880 7
0.499337 -0.141795 0.239680 7
0.501792 -0.147134 0.230329 7
0.473489 -0.137351 0.275292 7
0.521817 -0.155274 0.191846 7
0.516448 -0.154146 0.193351 7
0.516884 -0.155991 0.196779 7
0.515450 -0.153042 0.192470 7
0.517710 -0.153619 0.187908 7
0.516923 -0.152191 0.181853 7
0.520287 -0.154421 0.179426 7
0.513848 -0.156525 0.206890 7
0.515221 -0.156967 0.203774 7
0.536065 -0.148925 0.190639 6
0.537651 -0.149954 0.190680 6
0.385855 -0.281723 0.196142 5
0.384636 -0.282252 0.191933 5
0.383654 -0.283687 0.188051 5
0.366444 -0.280941 0.177135 5
0.369233 -0.280412 0.178446 5
0.384210 -0.286557 0.187449 5
0.383817 -0.286614 0.186735 5
0.379946 -0.285399 0.178762 5
0.381411 -0.285709 0.181508 5
0.377317 -0.280097 0.182721 5
0.380624 -0.277735 0.186604 5
0.387500 -0.274606 0.196612 5
0.383812 -0.280538 0.189966 5
0.381352 -0.288111 0.178726 5
0.381497 -0.289776 0.173780 5
0.359861 -0.272610 0.174156 5
0.357909 -0.274864 0.172309 5
0.380486 -0.283042 0.180965 5
0.375089 -0.281781 0.179582 5
0.388457 -0.286864 0.192212 5
0.389575 -0.283518 0.195888 5
0.362408 -0.285770 0.167773 5
0.364243 -0.281459 0.176621 5
0.363640 -0.283785 0.171709 5
0.370597 -0.289502 0.166998 5
0.361969 -0.285032 0.166904 5
0.357028 -0.281327 0.176167 5
0.358137 -0.278178 0.178074 5
0.353893 -0.280272 0.172385 5
0.371091 -0.284035 0.174166 5
0.383074 -0.289164 0.176164 5
0.383006 -0.288731 0.178437 5
0.367906 -0.292990 0.161421 5
0.370988 -0.292843 0.163382 5
0.371871 -0.290531 0.166331 5
0.387180 -0.288674 0.187703 5
0.376607 -0.292163 0.165693 5
0.360591 -0.282870 0.169019 5
0.387819 -0.286902 0.185648 5
0.377354 -0.293153 0.164436 5
0.368574 -0.295159 0.160790 5
0.378974 -0.292919 0.161296 5
0.366651 -0.294822 0.158411 5
0.360576 -0.282258 0.174539 5
0.358307 -0.283125 0.172628 5
0.380087 -0.269308 0.190919 5
0.382599 -0.268666 0.192800 5
0.374602 -0.274532 0.185807 5
0.375454 -0.271895 0.187482 5
0.370802 -0.269626 0.184379 5
0.372503 -0.269055 0.186254 5
0.364311 -0.294092 0.153930 5
0.381458 -0.273757 0.189722 5
0.368223 -0.270301 0.183142 5
0.362566 -0.272877 0.181575 5
0.374598 -0.279939 0.181059 5
0.376041 -0.274431 0.186390 5
0.366746 -0.276512 0.181700 5
0.366951 -0.276356 0.181859 5
0.379871 -0.286118 0.160231 5
0.379977 -0.287911 0.161366 5
0.374929 -0.284974 0.174236 5
0.385212 -0.268237 0.195098 5
0.384293 -0.267870 0.194351 5
0.354488 -0.278882 0.176360 5
0.354572 -0.279083 0.173889 5
0.367899 -0.288914 0.165840 5
0.547951 -0.114453 0.085648 2
0.545939 -0.122129 0.083729 2
0.542779 -0.125960 0.074587 2
0.550873 -0.109253 0.091588 2
0.547702 -0.113065 0.083121 2
0.546815 -0.120140 0.078357 2
0.544904 -0.124877 0.077336 2
0.543519 -0.127711 0.070490 1
0.546993 -0.133319 0.063503 1
0.546723 -0.133110 0.063815 1
0.538086 -0.124704 0.069631 2
0.541161 -0.132886 0.065984 1
0.549345 -0.110146 0.085630 2
0.545229 -0.120267 0.083671 2
0.548235 -0.113367 0.089510 2
0.541590 -0.127521 0.064571 1
0.543028 -0.127751 0.069142 1
0.544953 -0.115752 0.077643 2
0.546052 -0.114033 0.079465 2
0.544058 -0.130688 0.061735 1
0.552078 -0.101754 0.092257 2
0.552829 -0.101157 0.093821 2
0.547635 -0.099749 0.089924 2
0.538593 -0.131721 0.064650 1
0.541879 -0.128215 0.068906 1
0.542960 -0.119162 0.081315 2
0.541031 -0.123446 0.076223 2
0.523619 -0.147539 0.083586 1
0.536029 -0.143053 0.084792 1
0.528093 -0.142743 0.079440 1
0.526819 -0.143969 0.077198 1
0.532859 -0.141371 0.093079 1
0.524540 -0.147153 0.096926 1
0.527127 -0.144826 0.091180 1
0.533561 -0.145934 0.104732 1
0.533568 -0.145568 0.101627 1
0.540844 -0.139870 0.072604 1
0.542488 -0.139508 0.070944 1
0.524452 -0.147319 0.065805 1
0.525690 -0.148480 0.074681 1
0.526518 -0.148654 0.071967 1
0.529171 -0.148166 0.074299 1
0.529234 -0.143641 0.115462 1
0.542688 -0.140845 0.072737 1
0.523838 -0.146544 0.088048 1
0.522880 -0.147426 0.088308 1
0.533690 -0.143451 0.105991 1
0.533643 -0.140611 0.084425 1
0.532571 -0.144028 0.117027 1
0.505314 -0.158354 0.104558 3
0.528754 -0.142477 0.102899 1
0.528477 -0.143784 0.113576 1
0.530110 -0.141898 0.094477 1
0.526945 -0.144727 0.115518 1
0.529890 -0.141722 0.068669 1
0.528055 -0.143428 0.066197 1
0.531225 -0.140365 0.074247 1
0.526799 -0.145161 0.105662 1
0.533552 -0.143621 0.095302 1
0.526168 -0.144590 0.076307 1
0.525752 -0.145653 0.077840 1
0.535654 -0.138708 0.071758 1
0.538175 -0.137754 0.066199 1
0.505022 -0.158282 0.104911 3
0.522503 -0.144314 0.106180 1
0.518504 -0.150737 0.096342 1
0.519297 -0.150090 0.096454 1
0.524526 -0.146267 0.090356 1
0.528213 -0.143530 0.086732 1
0.527197 -0.144040 0.085659 1
0.530058 -0.142076 0.085792 1
0.526964 -0.145527 0.099293 1
0.529670 -0.143170 0.118845 1
0.526777 -0.144040 0.122628 1
0.534375 -0.139213 0.066198 1
0.532236 -0.140277 0.067061 1
0.521101 -0.146821 0.102680 1
0.528485 -0.143049 0.105226 1
0.535782 -0.141534 0.083368 1
0.511600 -0.156706 0.100690 3
0.522560 -0.151939 0.089888 1
0.502106 -0.160856 0.107602 3
0.514266 -0.156620 0.100293 3
0.531875 -0.147890 0.077326 1
0.527561 -0.148835 0.078720 1
0.513859 -0.156286 0.100488 3
0.532108 -0.149863 0.070962 1
0.530843 -0.151088 0.068131 1
0.498737 -0.161934 0.108978 3
0.524292 -0.150161 0.083391 1
0.533503 -0.147401 0.088009 1
0.534298 -0.145977 0.080819 1
0.543663 -0.142812 0.074145 1
0.522509 -0.152843 0.091101 1
0.519911 -0.151043 0.096440 1
0.497313 -0.165746 0.111137 3
0.529329 -0.151083 0.066406 1
0.529986 -0.151864 0.065172 1
0.506585 -0.160859 0.106933 3
0.491481 -0.168814 0.113637 3
0.522401 -0.149419 0.094049 1
0.527498 -0.147374 0.093973 1
0.524645 -0.148220 0.093061 1
0.536754 -0.149102 0.071349 1
0.534406 -0.151290 0.069791 1
0.540688 -0.149590 0.067762 1
0.528832 -0.150042 0.086547 1
0.533040 -0.147736 0.084339 1
0.532175 -0.148237 0.091435 1
0.534958 -0.145429 0.077871 1
0.477362 -0.135554 0.263048 7
0.480110 -0.135901 0.260481 7
0.502555 -0.138419 0.229292 7
0.487629 -0.137502 0.248673 7
0.484031 -0.137862 0.252039 7
0.481177 -0.141534 0.254878 7
0.501957 -0.137393 0.235849 7
0.508000 -0.141288 0.218251 7
0.499281 -0.145645 0.224160 7
0.473959 -0.135936 0.277818 7
0.474491 -0.135421 0.279616 7
0.475943 -0.136483 0.278986 7
0.504445 -0.137379 0.231680 7
0.497375 -0.147032 0.230243 7
0.502629 -0.143575 0.220291 7
0.501876 -0.142810 0.221925 7
0.501610 -0.138213 0.230930 7
0.499062 -0.148744 0.225394 7
0.490964 -0.140068 0.240787 7
0.497793 -0.149162 0.230384 7
0.477364 -0.136216 0.263005 7
0.493256 -0.137091 0.243273 7
0.483688 -0.137397 0.253293 7
0.485806 -0.136953 0.251823 7
0.501985 -0.138137 0.238811 7
0.479433 -0.135522 0.264519 7
0.481980 -0.135762 0.265163 7
0.482428 -0.137853 0.253911 7
0.483809 -0.142274 0.247705 7
0.477150 -0.138819 0.267700 7
0.499021 -0.137598 0.239719 7
0.503998 -0.138519 0.227865 7
0.489357 -0.141577 0.240960 7
0.494288 -0.143345 0.232855 7
0.495457 -0.138234 0.239588 7
0.495262 -0.150161 0.232925 7
0.495918 -0.150626 0.232694 7
0.508365 -0.137367 0.228189 7
0.493559 -0.148508 0.233317 7
0.491953 -0.146628 0.234056 7
0.499300 -0.140857 0.229557 7
0.496122 -0.140754 0.234239 7
0.628728 -0.195290 0.131163 6
0.624972 -0.188980 0.141558 6
0.614700 -0.185099 0.153702 6
0.624813 -0.199348 0.129892 6
0.614838 -0.186993 0.148549 6
0.617885 -0.191538 0.151814 6
0.618325 -0.193541 0.144357 6
0.625109 -0.200065 0.129172 6
0.626638 -0.201935 0.131393 6
0.621805 -0.186173 0.149096 6
0.629815 -0.193187 0.137969 6
0.628871 -0.194628 0.135634 6
0.621229 -0.187082 0.143670 6
0.615651 -0.187475 0.148668 6
0.623720 -0.196861 0.137617 6
0.624917 -0.189394 0.144193 6
0.628071 -0.193783 0.144876 6
0.626276 -0.197424 0.129459 6
0.619763 -0.192598 0.141413 6
0.616864 -0.182924 0.157466 6
0.631033 -0.195028 0.137014 6
0.626090 -0.189964 0.139940 6
0.620013 -0.189319 0.141530 6
0.627651 -0.196318 0.129688 6
0.631768 -0.198781 0.132309 6
0.630003 -0.200147 0.140710 6
0.612123 -0.173164 0.175750 6
0.618415 -0.169761 0.171603 6
0.594103 -0.169196 0.209735 6
0.593822 -0.169018 0.210395 6
0.592863 -0.157484 0.204433 6
0.592385 -0.157279 0.206054 6
0.611320 -0.179978 0.171847 6
0.613675 -0.177041 0.170241 6
0.601788 -0.173411 0.192013 6
0.602399 -0.181061 0.178194 6
0.600487 -0.180568 0.182639 6
0.589535 -0.162549 0.207285 6
0.599312 -0.180542 0.192090 6
0.599590 -0.181015 0.186010 6
0.593038 -0.165589 0.204873 6
0.590212 -0.165594 0.215437 6
0.588714 -0.162684 0.214925 6
0.589554 -0.163736 0.213421 6
0.619921 -0.177357 0.170223 6
0.613854 -0.170363 0.173063 6
0.596178 -0.164596 0.194158 6
0.622564 -0.186140 0.149585 6
0.621031 -0.185135 0.159774 6
0.586440 -0.158847 0.209847 6
0.621492 -0.184097 0.158021 6
0.622965 -0.187748 0.155215 6
0.593471 -0.158113 0.200430 6
0.616658 -0.178667 0.173474 6
0.584783 -0.156184 0.218931 6
0.601486 -0.185792 0.185344 6
0.604596 -0.184386 0.182265 6
0.620760 -0.185079 0.155224 6
0.619952 -0.172226 0.167517 6
0.615337 -0.176776 0.164343 6
0.619385 -0.171148 0.173817 6
0.620239 -0.177918 0.160476 6
0.595643 -0.165261 0.196945 6
0.599261 -0.168156 0.193914 6
0.606560 -0.173387 0.181856 6
0.613722 -0.177817 0.168046 6
0.600740 -0.178258 0.184751 6
0.602086 -0.177211 0.184236 6
0.590920 -0.159954 0.202399 6
0.620452 -0.190281 0.154024 6
0.629429 -0.200106 0.140881 6
0.626294 -0.199218 0.139564 6
0.587086 -0.150954 0.206899 6
0.603318 -0.181820 0.175951 6
0.590419 -0.164215 0.209079 6
0.585861 -0.158489 0.216072 6
0.577052 -0.150424 0.212469 6
0.619636 -0.174448 0.163312 6
0.601458 -0.167522 0.187813 6
0.615180 -0.180643 0.161948 6
0.621924 -0.192170 0.150741 6
0.584511 -0.147678 0.209603 6
0.587025 -0.151232 0.208264 6
0.596797 -0.163015 0.193411 6
0.607749 -0.169886 0.179706 6
0.607362 -0.171993 0.180565 6
0.593364 -0.157256 0.199450 6
0.599612 -0.179300 0.189397 6
0.604649 -0.177249 0.178189 6
0.582828 -0.151840 0.213816 6
0.625411 -0.198625 0.140146 6
0.622233 -0.194999 0.146457 6
0.623504 -0.196004 0.145090 6
0.619696 -0.193162 0.147659 6
0.600739 -0.175447 0.194439 6
0.599958 -0.174674 0.197643 6
0.597776 -0.172987 0.206205 6
0.598608 -0.171839 0.202245 6
0.613504 -0.167129 0.179360 6
0.620387 -0.178469 0.167678 6
0.621006 -0.175464 0.162213 6
0.606015 -0.180790 0.168340 6
0.610222 -0.181336 0.168325 6
0.604937 -0.175938 0.180805 6
0.619747 -0.180636 0.167228 6
0.612086 -0.182315 0.162282 6
0.607088 -0.175117 0.179515 6
0.607812 -0.176896 0.176745 6
0.617375 -0.168805 0.175064 6
0.609972 -0.167240 0.179218 6
0.608997 -0.167301 0.178348 6
0.595595 -0.168021 0.204156 6
0.599847 -0.182866 0.186168 6
0.602062 -0.184029 0.179834 6
0.586166 -0.153896 0.211400 6
0.613349 -0.174044 0.174446 6
0.491399 -0.189156 0.176985 5
0.505853 -0.168519 0.158493 5
0.501440 -0.171905 0.167942 5
0.477619 -0.184557 0.183249 5
0.510969 -0.175345 0.159055 5
0.490493 -0.174933 0.171938 5
0.508382 -0.177768 0.162636 5
0.504957 -0.168027 0.160296 5
0.505347 -0.168083 0.159508 5
0.499351 -0.173486 0.169530 5
0.497158 -0.181924 0.172246 5
0.502059 -0.185988 0.170471 5
0.506074 -0.178625 0.166291 5
0.502432 -0.184212 0.169926 5
0.501370 -0.180686 0.170723 5
0.499525 -0.181442 0.173125 5
0.505062 -0.179379 0.162429 5
0.503438 -0.180023 0.164613 5
0.508595 -0.172817 0.163105 5
0.510272 -0.174763 0.159409 5
0.475980 -0.181955 0.183204 5
0.498123 -0.189087 0.176005 5
0.486562 -0.181775 0.174523 5
0.506999 -0.171001 0.161871 5
0.481255 -0.186122 0.180887 5
0.481611 -0.188957 0.183300 5
0.484093 -0.188719 0.181297 5
0.490753 -0.185758 0.174612 5
0.493570 -0.182900 0.172224 5
0.502509 -0.162269 0.164190 5
0.480639 -0.184113 0.180464 5
0.483879 -0.180072 0.175588 5
0.496039 -0.175263 0.171508 5
0.492772 -0.176923 0.171469 5
0.486373 -0.189251 0.180952 5
0.501570 -0.185744 0.174681 5
0.621576 -0.066774 0.172800 4
0.622390 -0.048526 0.169042 4
0.610049 -0.058714 0.172977 4
0.606660 -0.063184 0.172554 4
0.591476 -0.076556 0.171749 4
0.626268 -0.061860 0.176094 4
0.592918 -0.083548 0.169280 4
0.620334 -0.054798 0.165576 4
0.625733 -0.053459 0.166617 4
0.617189 -0.061888 0.167178 4
0.609750 -0.077581 0.171590 4
0.631001 -0.062676 0.181212 4
0.609637 -0.072251 0.170000 4
0.592856 -0.089020 0.172832 4
0.607476 -0.076408 0.170166 4
0.603966 -0.083739 0.171745 4
0.604968 -0.079195 0.169819 4
0.623738 -0.058044 0.167105 4
0.611794 -0.073902 0.171553 4
0.602051 -0.084129 0.171618 4
0.625832 -0.061051 0.168903 4
0.593666 -0.074087 0.170385 4
0.594754 -0.073109 0.169774 4
0.593013 -0.085880 0.171158 4
0.593016 -0.091077 0.173518 4
0.600738 -0.076789 0.168282 4
0.605907 -0.074976 0.169092 4
0.636737 -0.054202 0.175362 4
0.632528 -0.059408 0.181335 4
0.631936 -0.057670 0.170356 4
0.619261 -0.061753 0.166984 4
0.637732 -0.051121 0.172013 4
0.633585 -0.058074 0.176219 4
0.591698 -0.086570 0.171308 4
0.613300 -0.058879 0.170714 4
0.628847 -0.054228 0.167578 4
0.620030 -0.056704 0.165820 4
0.630080 -0.046859 0.164945 4
0.616751 -0.052632 0.172502 4
0.616854 -0.052685 0.168258 4
0.600745 -0.090569 0.175363 4
0.597301 -0.086411 0.172159 4
0.607631 -0.069340 0.169219 4
0.597662 -0.069653 0.169384 4
0.600070 -0.068581 0.169560 4
0.599871 -0.077154 0.168174 4
0.596097 -0.072775 0.169122 4
0.611984 -0.068736 0.170337 4
0.627113 -0.046666 0.168221 4
0.623991 -0.047904 0.169032 4
0.609847 -0.067399 0.169027 4
0.632499 -0.058275 0.174597 4
0.611826 -0.063203 0.168771 4
0.625750 -0.047063 0.165952 4
0.606417 -0.084401 0.176605 4
0.606506 -0.084825 0.176245 4
0.631302 -0.050766 0.166704 4
0.635871 -0.044539 0.166618 4
0.615119 -0.073498 0.174662 4
0.618059 -0.050946 0.168482 4
0.627454 -0.049558 0.173454 4
0.634996 -0.044619 0.167432 4
0.628715 -0.060149 0.173095 4
0.637636 -0.053544 0.175425 4
0.633164 -0.054259 0.170027 4
0.632903 -0.054346 0.180383 4
0.616270 -0.052342 0.169433 4
0.605898 -0.084633 0.173530 4
0.640410 -0.048218 0.172930 4
0.525633 -0.152678 0.122825 1
0.526161 -0.153403 0.125168 1
0.517444 -0.163980 0.153093 5
0.513339 -0.163646 0.154684 5
0.526114 -0.161507 0.164787 7
0.528150 -0.161193 0.162200 7
0.523810 -0.159076 0.149825 1
0.525324 -0.157485 0.148289 1
0.527581 -0.159687 0.142046 1
0.513127 -0.163201 0.149647 1
0.516229 -0.150570 0.170819 7
0.511475 -0.169947 0.159512 5
0.508827 -0.170354 0.160990 5
0.521178 -0.155469 0.130961 1
0.521497 -0.157363 0.133509 1
0.521825 -0.155005 0.129929 1
0.519238 -0.151316 0.159600 1
0.527656 -0.153340 0.122345 1
0.527361 -0.152647 0.117660 1
0.530716 -0.156033 0.156027 1
0.526854 -0.156381 0.151161 1
0.522998 -0.162068 0.142987 1
0.524280 -0.157209 0.133425 1
0.527519 -0.156942 0.134365 1
0.517759 -0.152573 0.178531 7
0.507216 -0.164481 0.159085 5
0.511503 -0.158202 0.154508 1
0.528238 -0.154560 0.127915 1
0.529121 -0.153298 0.130213 1
0.514100 -0.155682 0.145712 1
0.524748 -0.152121 0.172083 7
0.525649 -0.151357 0.171758 7
0.529595 -0.150137 0.109485 1
0.530702 -0.150342 0.118808 1
0.529123 -0.151998 0.121340 1
0.510321 -0.159858 0.154910 1
0.522033 -0.156793 0.173155 7
0.533863 -0.149493 0.174918 6
0.531077 -0.154015 0.170283 6
0.532146 -0.155647 0.171125 6
0.513816 -0.154338 0.148788 1
0.516038 -0.146814 0.143655 1
0.514813 -0.152520 0.146839 1
0.518244 -0.145183 0.140017 1
0.516233 -0.148452 0.142164 1
0.517062 -0.150505 0.139970 1
0.518936 -0.148627 0.136961 1
0.529824 -0.157810 0.138084 1
0.530316 -0.155449 0.138717 1
0.532453 -0.149428 0.128518 1
0.519325 -0.155208 0.171218 7
0.525281 -0.148624 0.175076 7
0.527485 -0.152123 0.170020 7
0.529095 -0.151937 0.169996 7
0.526715 -0.150499 0.104286 1
0.526708 -0.149998 0.102913 1
0.529612 -0.152504 0.144824 1
0.534874 -0.148176 0.125153 1
0.533028 -0.148223 0.116998 1
0.534989 -0.148029 0.124810 1
0.531546 -0.152707 0.152474 1
0.532699 -0.148036 0.095468 1
0.532646 -0.148051 0.100740 1
0.533405 -0.147483 0.112849 1
0.509722 -0.168436 0.157258 5
0.515534 -0.156008 0.153380 1
0.525889 -0.157899 0.153476 1
0.520416 -0.147915 0.153330 1
0.516927 -0.144973 0.144147 1
0.530012 -0.152999 0.141904 1
0.508930 -0.165419 0.154661 5
0.522889 -0.156881 0.154893 1
0.514124 -0.170572 0.157043 5
0.515921 -0.169363 0.155290 5
0.528434 -0.155119 0.144323 1
0.510823 -0.159234 0.155571 1
0.518684 -0.155570 0.134821 1
0.517737 -0.153456 0.133427 1
0.518930 -0.153591 0.130636 1
0.525844 -0.144874 0.120480 1
0.516472 -0.153641 0.139243 1
0.520347 -0.149689 0.131681 1
0.525305 -0.145556 0.126800 1
0.519938 -0.151950 0.125839 1
0.521065 -0.151060 0.122655 1
0.522975 -0.149201 0.119263 1
0.518928 -0.155682 0.156688 1
0.519952 -0.160249 0.166375 7
0.518052 -0.161152 0.140887 1
0.515331 -0.162262 0.144007 1
0.525094 -0.155602 0.170765 7
0.528237 -0.160164 0.169817 6
0.517853 -0.166578 0.153847 5
0.518755 -0.155164 0.164228 7
0.518629 -0.157606 0.167121 7
0.521740 -0.148558 0.128911 1
0.520096 -0.151208 0.128003 1
0.525203 -0.150668 0.109468 1
0.518050 -0.152120 0.168123 7
0.523200 -0.149098 0.112270 1
0.516645 -0.156761 0.141101 1
0.518556 -0.152273 0.155869 1
0.523404 -0.146519 0.131949 1
0.516002 -0.163693 0.148867 1
0.529116 -0.154037 0.146429 1
0.521721 -0.159602 0.164011 7
0.523184 -0.160580 0.165036 7
0.522312 -0.160896 0.166129 7
0.525234 -0.159260 0.137806 1
0.534047 -0.159401 0.173796 6
0.532248 -0.158660 0.171869 6
0.513493 -0.158102 0.145343 1
0.520459 -0.162302 0.153062 5
0.527129 -0.160485 0.141270 1
0.508387 -0.175882 0.165368 5
0.516208 -0.168972 0.156222 5
0.521624 -0.157210 0.152917 1
0.676058 -0.032396 0.161442 4
0.652816 -0.034341 0.163068 4
0.680969 -0.019266 0.159570 4
0.659968 -0.035896 0.161271 4
0.659186 -0.034578 0.159480 4
0.669862 -0.026796 0.161140 4
0.657964 -0.033930 0.160063 4
0.655866 -0.032378 0.161707 4
0.655186 -0.029202 0.165127 4
0.653676 -0.032947 0.167059 4
0.653296 -0.034860 0.168984 4
0.686888 -0.020101 0.159592 4
0.687939 -0.015150 0.161017 4
0.687145 -0.020983 0.159893 4
0.667488 -0.034464 0.159758 4
0.688982 -0.023239 0.163075 4
0.676124 -0.027363 0.161004 4
0.654949 -0.031281 0.170100 4
0.666291 -0.027119 0.158999 4
0.665678 -0.031623 0.158646 4
0.672226 -0.029596 0.160099 4
0.672081 -0.030448 0.165691 4
0.670202 -0.032613 0.164442 4
0.667166 -0.028168 0.158926 4
0.680520 -0.020806 0.162337 4
0.647781 -0.040679 0.171472 4
0.685507 -0.018582 0.162200 4
0.598628 -0.174914 0.216685 6
0.599333 -0.178094 0.208447 6
0.600112 -0.179448 0.205282 6
0.597896 -0.160471 0.194312 6
0.533181 -0.166903 0.186415 6
0.607437 -0.182641 0.165972 6
0.529748 -0.162963 0.168162 6
0.531317 -0.163598 0.175490 6
0.557276 -0.171125 0.214979 6
0.560375 -0.173268 0.215239 6
0.574972 -0.165689 0.229232 6
0.596558 -0.169274 0.213629 6
0.595726 -0.168781 0.213571 6
0.550254 -0.168305 0.203411 6
0.610952 -0.183728 0.157816 6
0.544481 -0.157375 0.199693 6
0.546469 -0.155964 0.203557 6
0.542313 -0.158450 0.195254 6
0.564135 -0.160490 0.234254 6
0.543859 -0.168816 0.197908 6
0.540109 -0.167940 0.193992 6
0.535835 -0.163953 0.186206 6
0.535300 -0.164744 0.185690 6
0.544905 -0.166631 0.203643 6
0.540068 -0.168929 0.200729 6
0.554960 -0.140005 0.223896 6
0.554152 -0.139970 0.222978 6
0.551439 -0.141224 0.219449 6
0.601578 -0.165418 0.196011 6
0.556324 -0.151470 0.221678 6
0.554726 -0.151815 0.218830 6
0.584774 -0.166959 0.228896 6
0.585369 -0.164779 0.227037 6
0.563368 -0.155940 0.229830 6
0.560765 -0.157694 0.229012 6
0.591308 -0.172110 0.219594 6
0.593677 -0.170718 0.214179 6
0.549127 -0.158702 0.204871 6
0.559486 -0.167975 0.222798 6
0.594432 -0.177205 0.218149 6
0.581785 -0.158849 0.221680 6
0.586575 -0.162659 0.222728 6
0.584250 -0.160683 0.225560 6
0.587045 -0.171168 0.226902 6
0.573688 -0.159443 0.214474 6
0.576253 -0.158100 0.217603 6
0.582053 -0.161337 0.227135 6
0.577761 -0.165840 0.229660 6
0.568560 -0.162148 0.211651 6
0.561240 -0.164937 0.211180 6
0.561163 -0.160385 0.210424 6
0.562009 -0.158325 0.210188 6
0.587938 -0.170684 0.224897 6
0.587248 -0.170290 0.225935 6
0.565277 -0.170229 0.215419 6
0.579483 -0.172775 0.230852 6
0.573961 -0.168134 0.228469 6
0.579047 -0.164153 0.229172 6
0.560588 -0.174114 0.212761 6
0.556021 -0.171056 0.206892 6
0.557057 -0.173314 0.209848 6
0.599545 -0.172497 0.214058 6
0.601228 -0.174699 0.208294 6
0.599666 -0.172576 0.216605 6
0.594146 -0.176853 0.221413 6
0.568601 -0.174549 0.226936 6
0.568966 -0.173262 0.225433 6
0.560332 -0.155209 0.225925 6
0.561303 -0.153654 0.226872 6
0.616571 -0.190618 0.154528 6
0.620004 -0.185890 0.160994 6
0.616741 -0.185325 0.165882 6
0.566671 -0.174472 0.222547 6
0.563827 -0.173489 0.215307 6
0.583860 -0.167495 0.227766 6
0.573530 -0.155673 0.233446 6
0.578075 -0.158176 0.228956 6
0.574581 -0.157645 0.233436 6
0.573260 -0.172919 0.235086 6
0.574879 -0.173019 0.235156 6
0.573408 -0.171696 0.238258 6
0.613195 -0.188174 0.161431 6
0.611974 -0.185892 0.167547 6
0.561203 -0.161980 0.231592 6
0.593549 -0.161123 0.208024 6
0.596397 -0.163870 0.204629 6
0.554087 -0.168289 0.205935 6
0.557508 -0.165255 0.208876 6
0.594254 -0.171579 0.222458 6
0.589583 -0.169558 0.224708 6
0.598120 -0.175468 0.203625 6
0.548814 -0.162688 0.203929 6
0.548119 -0.161335 0.203591 6
0.598593 -0.166604 0.202119 6
0.559716 -0.161614 0.228931 6
0.600540 -0.173740 0.213745 6
0.600877 -0.176971 0.205895 6
0.601056 -0.173191 0.201938 6
0.597665 -0.169358 0.206084 6
0.531981 -0.159194 0.168018 6
0.531676 -0.161919 0.170882 6
0.544974 -0.159685 0.200923 6
0.573823 -0.165096 0.223216 6
0.551297 -0.160965 0.211446 6
0.554666 -0.161204 0.218979 6
0.550363 -0.163344 0.208419 6
0.553536 -0.156534 0.216125 6
0.551081 -0.156525 0.212062 6
0.556646 -0.159134 0.222019 6
0.539479 -0.166456 0.197105 6
0.538122 -0.165325 0.193518 6
0.589497 -0.168556 0.222926 6
0.539585 -0.160835 0.192074 6
0.540449 -0.159012 0.191580 6
0.565263 -0.174572 0.230021 6
0.563960 -0.173598 0.229158 6
0.561596 -0.170753 0.223312 6
0.566994 -0.173266 0.234448 6
0.565510 -0.174089 0.232300 6
0.605157 -0.184806 0.172855 6
0.605801 -0.181476 0.169761 6
0.539366 -0.168386 0.194300 6
0.562006 -0.173228 0.218335 6
0.560679 -0.170565 0.220319 6
0.549239 -0.171179 0.202446 6
0.553900 -0.144094 0.221355 6
0.555361 -0.145327 0.222640 6
0.556897 -0.144868 0.224553 6
0.603992 -0.174926 0.197191 6
0.608584 -0.180503 0.185199 6
0.610546 -0.180796 0.180601 6
0.608478 -0.181064 0.184938 6
0.530050 -0.163877 0.171132 6
0.532191 -0.163526 0.176655 6
0.535376 -0.162159 0.182381 6
0.596529 -0.178765 0.212824 6
0.527323 -0.164527 0.175064 6
0.528858 -0.165499 0.179313 6
0.613888 -0.177580 0.177550 6
0.614430 -0.179669 0.175060 6
0.614467 -0.184140 0.170411 6
0.554023 -0.159344 0.208495 6
0.557983 -0.162356 0.209995 6
0.566640 -0.168116 0.237153 6
0.568766 -0.170552 0.237868 6
0.600580 -0.185783 0.191548 6
0.549443 -0.161464 0.207451 6
0.545052 -0.159934 0.202028 6
0.546730 -0.163602 0.203733 6
0.609634 -0.186607 0.166921 6
0.612467 -0.184831 0.170970 6
0.593656 -0.174275 0.223566 6
0.549054 -0.171357 0.203157 6
0.542558 -0.169926 0.201836 6
0.550832 -0.150697 0.213463 6
0.548655 -0.152431 0.208990 6
0.553507 -0.150315 0.217684 6
0.548492 -0.147708 0.212193 6
0.557117 -0.168559 0.217256 6
0.583629 -0.168423 0.228144 6
0.582650 -0.169633 0.228933 6
0.603620 -0.177513 0.198347 6
0.582623 -0.168233 0.229211 6
0.573373 -0.168403 0.238011 6
0.573763 -0.163752 0.236177 6
0.580614 -0.167995 0.231036 6
0.580904 -0.165530 0.229986 6
0.581238 -0.165941 0.229799 6
0.602966 -0.179348 0.199713 6
0.603038 -0.181637 0.199023 6
0.604204 -0.183508 0.190589 6
0.609359 -0.183409 0.159794 6
0.593059 -0.166917 0.213914 6
0.588316 -0.162816 0.217488 6
0.573263 -0.158693 0.212871 6
0.568141 -0.163009 0.237068 6
0.567445 -0.161472 0.236639 6
0.570063 -0.161156 0.237045 6
0.604074 -0.186040 0.177011 6
0.606777 -0.185289 0.176351 6
0.608708 -0.184527 0.176627 6
0.542016 -0.162914 0.196982 6
0.570269 -0.166733 0.217537 6
0.525639 -0.164456 0.176745 6
0.528504 -0.165690 0.179357 6
0.600700 -0.181812 0.198805 6
0.598762 -0.161827 0.189326 6
0.581602 -0.157476 0.219358 6
0.558345 -0.167017 0.220647 6
0.554760 -0.164071 0.217215 6
0.610661 -0.171494 0.183777 6
0.611846 -0.169905 0.182005 6
0.601153 -0.164721 0.187441 6
0.561384 -0.171855 0.233779 6
0.610187 -0.172899 0.184808 6
0.604624 -0.168713 0.192153 6
0.604428 -0.169501 0.192795 6
0.533039 -0.166883 0.183733 6
0.572011 -0.161206 0.213561 6
0.580122 -0.174645 0.231146 6
0.606959 -0.165155 0.186360 6
0.569505 -0.170071 0.220488 6
0.570509 -0.167943 0.218795 6
0.596998 -0.176419 0.217305 6
0.583616 -0.168975 0.228150 6
0.560178 -0.170300 0.225433 6
0.560530 -0.169633 0.229723 6
0.530266 -0.164952 0.176151 6
0.599334 -0.162352 0.198197 6
0.598906 -0.162834 0.199287 6
0.536021 -0.163016 0.187554 6
0.536729 -0.162302 0.188052 6
0.533253 -0.166152 0.183176 6
0.529154 -0.166085 0.175272 6
0.558946 -0.160103 0.227075 6
0.542612 -0.166397 0.197343 6
0.567692 -0.167830 0.215648 6
0.606319 -0.175819 0.193294 6
0.603768 -0.171855 0.194932 6
0.561375 -0.146633 0.228701 6
0.567905 -0.151371 0.233607 6
0.563815 -0.148223 0.230603 6
0.534870 -0.161956 0.181771 6
0.535448 -0.161815 0.183041 6
0.566131 -0.160930 0.210905 6
0.567616 -0.157577 0.210486 6
0.562328 -0.163514 0.211052 6
0.532956 -0.165600 0.185812 6
0.594671 -0.176791 0.215366 6
0.595866 -0.174593 0.211631 6
0.570360 -0.154872 0.210965 6
0.568250 -0.154033 0.210348 6
0.587091 -0.165581 0.222527 6
0.607869 -0.175753 0.190307 6
0.606792 -0.179987 0.189365 6
0.533500 -0.156776 0.169762 6
0.532345 -0.155284 0.159936 1
0.577551 -0.166948 0.229858 6
0.609358 -0.184383 0.161792 6
0.610036 -0.185308 0.158941 6
0.596872 -0.159861 0.195854 6
0.577307 -0.174516 0.230827 6
0.540944 -0.169394 0.201432 6
0.547111 -0.168305 0.205958 6
0.535782 -0.159598 0.181321 6
0.534184 -0.158908 0.175448 6
0.641213 -0.042641 0.167910 4
0.670572 -0.022421 0.166809 4
0.658180 -0.028256 0.169955 4
0.679898 -0.028062 0.164333 4
0.680829 -0.019062 0.164837 4
0.662409 -0.025863 0.166383 4
0.660412 -0.026541 0.167518 4
0.644990 -0.040806 0.167203 4
0.659230 -0.032356 0.171530 4
0.651436 -0.036746 0.167244 4
0.646432 -0.040095 0.167344 4
0.638586 -0.043675 0.169983 4
0.646550 -0.040491 0.165526 4
0.681651 -0.028393 0.161453 4
0.672520 -0.028310 0.167279 4
0.678445 -0.026640 0.160712 4
0.661861 -0.029177 0.171294 4
0.667909 -0.024190 0.168333 4
0.678743 -0.031338 0.162644 4
0.665564 -0.027705 0.161410 4
0.648003 -0.038974 0.168290 4
0.645677 -0.042028 0.168643 4
0.678913 -0.028572 0.160697 4
0.666895 -0.031830 0.168164 4
0.663417 -0.028076 0.160607 4
0.676938 -0.024121 0.166229 4
0.661242 -0.035776 0.164849 4
0.641190 -0.047553 0.174568 4
0.645531 -0.042895 0.170706 4
0.640490 -0.042436 0.168515 4
0.652060 -0.037482 0.171896 4
0.638841 -0.048427 0.174835 4
0.653019 -0.038069 0.163209 4
0.656054 -0.037432 0.164473 4
0.650799 -0.039868 0.168460 4
0.683938 -0.022659 0.164712 4
0.673486 -0.026739 0.163258 4
0.671632 -0.030110 0.166932 4
0.665240 -0.032986 0.167610 4
0.665088 -0.026936 0.162616 4
0.686287 -0.021205 0.164032 4
0.677044 -0.032996 0.162253 4
0.579865 -0.086682 0.174395 4
0.598569 -0.080003 0.179530 4
0.595105 -0.083399 0.179136 4
0.584522 -0.090667 0.177886 4
0.618654 -0.062760 0.178663 4
0.616467 -0.063959 0.178745 4
0.626659 -0.061347 0.181275 4
0.597918 -0.094047 0.176600 4
0.601118 -0.092320 0.177514 4
0.634218 -0.047372 0.172605 4
0.566364 -0.103420 0.163214 4
0.624230 -0.058389 0.178620 4
0.625552 -0.060549 0.180296 4
0.594480 -0.070654 0.171446 4
0.594090 -0.070755 0.172924 4
0.616490 -0.062162 0.178932 4
0.584278 -0.092280 0.170538 4
0.584196 -0.093075 0.170976 4
0.530845 -0.140768 0.126506 1
0.529803 -0.142107 0.124100 1
0.596156 -0.070351 0.178605 4
0.552247 -0.120832 0.163401 4
0.605592 -0.059594 0.181707 4
0.573685 -0.092571 0.175075 4
0.612603 -0.069477 0.179397 4
0.613646 -0.072126 0.179798 4
0.595095 -0.100058 0.179557 4
0.579359 -0.090793 0.169467 4
0.603828 -0.068229 0.181389 4
0.582776 -0.085942 0.171886 4
0.590365 -0.099180 0.179526 4
0.587611 -0.080849 0.173814 4
0.609396 -0.070834 0.179424 4
0.608720 -0.075537 0.179385 4
0.570341 -0.094515 0.176696 4
0.574753 -0.096539 0.176714 4
0.578714 -0.096076 0.176206 4
0.568847 -0.097561 0.174827 4
0.576111 -0.089385 0.175128 4
0.565739 -0.101184 0.171691 4
0.600073 -0.064464 0.179619 4
0.629395 -0.065374 0.182687 4
0.544330 -0.127734 0.149248 4
0.624393 -0.064286 0.175317 4
0.617582 -0.072452 0.178767 4
0.620273 -0.068717 0.180665 4
0.594066 -0.098086 0.181416 4
0.591729 -0.082904 0.179417 4
0.609587 -0.055909 0.178795 4
0.609502 -0.058153 0.175831 4
0.597803 -0.089940 0.179919 4
0.556587 -0.119074 0.162422 4
0.558485 -0.114745 0.163283 4
0.558617 -0.113036 0.164872 4
0.616979 -0.056460 0.179076 4
0.629427 -0.053680 0.177572 4
0.624280 -0.057109 0.177934 4
0.569068 -0.097212 0.170494 4
0.621479 -0.070964 0.178868 4
0.616663 -0.074672 0.177418 4
0.599714 -0.094117 0.179279 4
0.530654 -0.141387 0.128323 1
0.580899 -0.083258 0.177561 4
0.631365 -0.050760 0.174407 4
0.633429 -0.049663 0.174615 4
0.600099 -0.076473 0.179835 4
0.567474 -0.103908 0.171400 4
0.603508 -0.067317 0.181448 4
0.547457 -0.124687 0.156104 4
0.607118 -0.057677 0.178916 4
0.547241 -0.125596 0.154009 4
0.557032 -0.114709 0.166604 4
0.605985 -0.082406 0.178323 4
0.600531 -0.088444 0.178064 4
0.615431 -0.051898 0.175311 4
0.538649 -0.132628 0.137547 4
0.591479 -0.079236 0.179252 4
0.604289 -0.071757 0.180677 4
0.610886 -0.067295 0.179866 4
0.549352 -0.123363 0.159260 4
0.548967 -0.124789 0.154046 4
0.614532 -0.053590 0.177533 4
0.613984 -0.055785 0.179290 4
0.566680 -0.100048 0.166498 4
0.582207 -0.098019 0.177141 4
0.580827 -0.099352 0.176606 4
0.594886 -0.074138 0.179216 4
0.638154 -0.050016 0.176270 4
0.553521 -0.120621 0.160697 4
0.535508 -0.136799 0.129634 1
0.613507 -0.061670 0.180110 4
0.601053 -0.063473 0.179997 4
0.606997 -0.059894 0.180461 4
0.563060 -0.101214 0.169386 4
0.623447 -0.056270 0.176831 4
0.625427 -0.054820 0.176117 4
0.556834 -0.118006 0.163207 4
0.611601 -0.056064 0.174350 4
0.539969 -0.131871 0.144852 4
0.543062 -0.131508 0.148454 4
0.570036 -0.100839 0.173629 4
0.623962 -0.069122 0.180331 4
0.570222 -0.099813 0.165061 4
0.576054 -0.096961 0.167777 4
0.578435 -0.086314 0.179841 4
0.595120 -0.090368 0.179502 4
0.588516 -0.095600 0.178718 4
0.589520 -0.076069 0.176467 4
0.538809 -0.131895 0.141157 4
0.586991 -0.090893 0.178063 4
0.584860 -0.092016 0.177681 4
0.580322 -0.092410 0.169700 4
0.544146 -0.131343 0.149790 4
0.621947 -0.072130 0.176882 4
0.590995 -0.095257 0.179867 4
0.578775 -0.091656 0.178415 4
0.577199 -0.090313 0.171307 4
0.562715 -0.108449 0.162199 4
0.558216 -0.116669 0.162003 4
0.603833 -0.062576 0.182672 4
0.598896 -0.085959 0.179826 4
0.602160 -0.082199 0.179690 4
0.565526 -0.107757 0.161405 4
0.628558 -0.067570 0.181707 4
0.579959 -0.084264 0.176417 4
0.598472 -0.066950 0.175486 4
0.564913 -0.104354 0.170836 4
0.592264 -0.085581 0.178882 4
0.475912 -0.181686 0.194049 5
0.475991 -0.183935 0.198388 5
0.451746 -0.213773 0.206501 5
0.479479 -0.193078 0.193576 5
0.500241 -0.163325 0.165149 5
0.464955 -0.195604 0.214111 5
0.484832 -0.198012 0.193439 5
0.458111 -0.208233 0.207363 5
0.474446 -0.182545 0.189914 5
0.455310 -0.201389 0.217445 5
0.462589 -0.196105 0.216197 5
0.483997 -0.180109 0.188218 5
0.486327 -0.178885 0.185541 5
0.469568 -0.190320 0.206484 5
0.473967 -0.186704 0.199123 5
0.480263 -0.191871 0.191256 5
0.467917 -0.186343 0.199691 5
0.468763 -0.186012 0.199671 5
0.505714 -0.162161 0.159946 5
0.473653 -0.197883 0.198437 5
0.472788 -0.188526 0.204010 5
0.476867 -0.188652 0.199727 5
0.501165 -0.164104 0.165714 5
0.481191 -0.197401 0.193895 5
0.456913 -0.210286 0.206406 5
0.445824 -0.225363 0.209850 5
0.441952 -0.219274 0.209143 5
0.477109 -0.186654 0.189436 5
0.477355 -0.187566 0.186170 5
0.475164 -0.182537 0.185741 5
0.454508 -0.206776 0.211796 5
0.456638 -0.208321 0.209372 5
0.476742 -0.190799 0.193604 5
0.476804 -0.188634 0.195685 5
0.446357 -0.207414 0.214625 5
0.460319 -0.203326 0.210379 5
0.465234 -0.201072 0.208251 5
0.458166 -0.213088 0.203451 5
0.469523 -0.207130 0.192578 5
0.500636 -0.182534 0.177982 5
0.504412 -0.178146 0.170936 5
0.479717 -0.180425 0.181586 5
0.480100 -0.180232 0.181198 5
0.466874 -0.199282 0.205361 5
0.473977 -0.195470 0.200106 5
0.469048 -0.197479 0.204223 5
0.445806 -0.210201 0.213672 5
0.452693 -0.205703 0.213290 5
0.496459 -0.172015 0.174164 5
0.495668 -0.175158 0.176394 5
0.499429 -0.171516 0.171825 5
0.485502 -0.184860 0.189389 5
0.483757 -0.183480 0.190347 5
0.445424 -0.225546 0.210012 5
0.490974 -0.183241 0.183863 5
0.495237 -0.175758 0.177012 5
0.454319 -0.204081 0.215497 5
0.469587 -0.202792 0.199612 5
0.461201 -0.208634 0.204868 5
0.458083 -0.202724 0.211722 5
0.461281 -0.200342 0.211889 5
0.469236 -0.201380 0.201162 5
0.471127 -0.197280 0.202009 5
0.466712 -0.202152 0.203513 5
0.473231 -0.204059 0.197206 5
0.466661 -0.208160 0.194452 5
0.465505 -0.208645 0.192387 5
0.463058 -0.210831 0.201065 5
0.469719 -0.192800 0.207240 5
0.466915 -0.196067 0.208393 5
0.464853 -0.195277 0.211165 5
0.442469 -0.222487 0.208829 5
0.484855 -0.176055 0.172165 5
0.481895 -0.179690 0.183473 5
0.482816 -0.179754 0.183896 5
0.479319 -0.181768 0.193394 5
0.478414 -0.183226 0.195215 5
0.461875 -0.196867 0.215959 5
0.487408 -0.193573 0.192686 5
0.464378 -0.207583 0.205710 5
0.470282 -0.204915 0.201581 5
0.465039 -0.209458 0.205247 5
0.443667 -0.211846 0.213115 5
0.446183 -0.213813 0.211671 5
0.443627 -0.217435 0.209953 5
0.491896 -0.183620 0.183667 5
0.494154 -0.180608 0.180326 5
0.497069 -0.179556 0.178226 5
0.456281 -0.216444 0.201600 5
0.475871 -0.196883 0.198066 5
0.474973 -0.194855 0.199370 5
0.489441 -0.175830 0.179740 5
0.488034 -0.174654 0.176281 5
0.494986 -0.169855 0.172512 5
0.496932 -0.166941 0.168547 5
0.466957 -0.191551 0.212152 5
0.487448 -0.174095 0.173724 5
0.486338 -0.174818 0.173072 5
0.455320 -0.203444 0.213445 5
0.456577 -0.216478 0.201338 5
0.467246 -0.193604 0.212750 5
0.468095 -0.192474 0.211327 5
0.473551 -0.193713 0.201566 5
0.470371 -0.196129 0.205532 5
0.466319 -0.200599 0.206469 5
0.460206 -0.207062 0.205906 5
0.473112 -0.203384 0.199654 5
0.469616 -0.200777 0.202199 5
0.499776 -0.166622 0.166718 5
0.496442 -0.169101 0.168730 5
0.496463 -0.168545 0.168401 5
0.473648 -0.191490 0.202202 5
0.483719 -0.190493 0.185864 5
0.463623 -0.210872 0.202620 5
0.475281 -0.181811 0.185436 5
0.475623 -0.181583 0.186212 5
0.463540 -0.210174 0.199320 5
0.464806 -0.211280 0.195610 5
0.466322 -0.209845 0.193680 5
0.471980 -0.207595 0.192821 5
0.462958 -0.213263 0.198798 5
0.474200 -0.203575 0.196450 5
0.504599 -0.169425 0.164213 5
0.502888 -0.167358 0.165523 5
0.468927 -0.187021 0.202261 5
0.506360 -0.174874 0.166510 5
0.506184 -0.176098 0.167638 5
0.502956 -0.173235 0.168781 5
0.487442 -0.177515 0.182456 5
0.480724 -0.200366 0.194528 5
0.472528 -0.205399 0.197185 5
0.468982 -0.187643 0.201441 5
0.471963 -0.185417 0.198333 5
0.486202 -0.192119 0.189175 5
0.381670 -0.280816 0.168143 5
0.381899 -0.279892 0.170015 5
0.415260 -0.228642 0.200408 5
0.425344 -0.249195 0.210110 5
0.378178 -0.282388 0.161655 5
0.405771 -0.252536 0.203280 5
0.383360 -0.277984 0.181531 5
0.412954 -0.255172 0.205477 5
0.370265 -0.278630 0.164990 5
0.371359 -0.279602 0.161897 5
0.389081 -0.247880 0.213265 5
0.435804 -0.211460 0.209850 5
0.383593 -0.281384 0.174464 5
0.383077 -0.278181 0.173441 5
0.430627 -0.212220 0.209819 5
0.365311 -0.277352 0.164963 5
0.390144 -0.282375 0.195103 5
0.391358 -0.243992 0.205921 5
0.405491 -0.264576 0.206577 5
0.404439 -0.261622 0.206207 5
0.383897 -0.286444 0.177489 5
0.364413 -0.270410 0.172835 5
0.408921 -0.258913 0.206470 5
0.373891 -0.295745 0.159813 5
0.388649 -0.271155 0.194261 5
0.428216 -0.229115 0.203615 5
0.432852 -0.230642 0.205941 5
0.386866 -0.271895 0.192932 5
0.384003 -0.278805 0.191770 5
0.416442 -0.234654 0.201423 5
0.370421 -0.296516 0.150803 5
0.366773 -0.288918 0.151781 5
0.389137 -0.238721 0.212939 5
0.378469 -0.287390 0.157955 5
0.399428 -0.260905 0.205580 5
0.380837 -0.256170 0.192710 5
0.415930 -0.249728 0.203613 5
0.424401 -0.219844 0.202669 5
0.439366 -0.213534 0.211600 5
0.437848 -0.211718 0.211358 5
0.427523 -0.218627 0.205763 5
0.380019 -0.286814 0.167648 5
0.419049 -0.226192 0.205646 5
0.415335 -0.265810 0.205002 5
0.424422 -0.227258 0.201565 5
0.401080 -0.235712 0.203837 5
0.387148 -0.264054 0.187640 5
0.386579 -0.260759 0.187187 5
0.383325 -0.289575 0.172373 5
0.383364 -0.288570 0.173656 5
0.426220 -0.217902 0.204035 5
0.388282 -0.258972 0.190839 5
0.387421 -0.257855 0.191500 5
0.392529 -0.260193 0.193894 5
0.392570 -0.257477 0.197996 5
0.390725 -0.256218 0.197732 5
0.389911 -0.240040 0.209965 5
0.414943 -0.230868 0.210478 5
0.414079 -0.237857 0.200534 5
0.382195 -0.271379 0.184687 5
0.420448 -0.224022 0.199445 5
0.430370 -0.236766 0.205276 5
0.419761 -0.244672 0.203336 5
0.378259 -0.267103 0.178342 5
0.425798 -0.243330 0.205988 5
0.421633 -0.256097 0.204700 5
0.381601 -0.260912 0.196826 5
0.384316 -0.260346 0.198859 5
0.417287 -0.229800 0.211227 5
0.425871 -0.223277 0.210196 5
0.426492 -0.222583 0.209811 5
0.414034 -0.260665 0.203784 5
0.373356 -0.286559 0.155455 5
0.388841 -0.241200 0.213271 5
0.411495 -0.258514 0.205982 5
0.393008 -0.237613 0.205676 5
0.377168 -0.254952 0.193097 5
0.386020 -0.284017 0.187257 5
0.376286 -0.266242 0.177840 5
0.372775 -0.269862 0.174420 5
0.371752 -0.273265 0.174192 5
0.373092 -0.268523 0.174527 5
0.364543 -0.268825 0.174204 5
0.381297 -0.251943 0.206395 5
0.381227 -0.251732 0.206688 5
0.385516 -0.285250 0.182145 5
0.381817 -0.274238 0.177201 5
0.420221 -0.224321 0.205080 5
0.415098 -0.233400 0.201074 5
0.365502 -0.293093 0.151056 5
0.382387 -0.262290 0.183787 5
0.382000 -0.274857 0.181141 5
0.431017 -0.211458 0.207656 5
0.433026 -0.207830 0.210707 5
0.364910 -0.273589 0.168979 5
0.367123 -0.266620 0.180836 5
0.387460 -0.267725 0.190485 5
0.388792 -0.266664 0.191455 5
0.420945 -0.229307 0.201140 5
0.363800 -0.289340 0.157039 5
0.393447 -0.263737 0.197488 5
0.391650 -0.265251 0.195411 5
0.377367 -0.251716 0.198751 5
0.364614 -0.267347 0.178189 5
0.369955 -0.264703 0.178096 5
0.410320 -0.230324 0.203867 5
0.371745 -0.280636 0.160495 5
0.386434 -0.283282 0.190386 5
0.409179 -0.238015 0.202435 5
0.360330 -0.280262 0.164958 5
0.410076 -0.248154 0.202276 5
0.372282 -0.286191 0.155225 5
0.423880 -0.248536 0.206706 5
0.368076 -0.286431 0.154439 5
0.372383 -0.291046 0.152169 5
0.381902 -0.247740 0.205267 5
0.401655 -0.246920 0.204332 5
0.412891 -0.227488 0.201373 5
0.424064 -0.218920 0.202473 5
0.427507 -0.224072 0.204388 5
0.429088 -0.223400 0.205130 5
0.362197 -0.283650 0.161774 5
0.428925 -0.237480 0.205050 5
0.398876 -0.250064 0.205365 5
0.372023 -0.296763 0.154139 5
0.365651 -0.284430 0.158141 5
0.413870 -0.246843 0.201845 5
0.381678 -0.274466 0.185078 5
0.402009 -0.252359 0.204895 5
0.391583 -0.269407 0.197924 5
0.362707 -0.271076 0.181639 5
0.415827 -0.251363 0.211004 5
0.412944 -0.256236 0.210239 5
0.408641 -0.230738 0.207411 5
0.378401 -0.277344 0.168890 5
0.378037 -0.276573 0.169362 5
0.403998 -0.232229 0.208515 5
0.400592 -0.232912 0.209450 5
0.429084 -0.214866 0.207480 5
0.403592 -0.247030 0.204064 5
0.420973 -0.250661 0.205394 5
0.418586 -0.251384 0.211247 5
0.413788 -0.255950 0.210330 5
0.375345 -0.276605 0.168893 5
0.367595 -0.266251 0.175891 5
0.392598 -0.240395 0.214882 5
0.397662 -0.247834 0.204182 5
0.381844 -0.246540 0.203508 5
0.420920 -0.247392 0.205094 5
0.383102 -0.275937 0.189805 5
0.367084 -0.297503 0.150274 5
0.363980 -0.294449 0.151502 5
0.382871 -0.282179 0.182063 5
0.393149 -0.234610 0.211782 5
0.378892 -0.254990 0.200332 5
0.377382 -0.255907 0.198929 5
0.377587 -0.255891 0.199033 5
0.391422 -0.245467 0.206890 5
0.397940 -0.245727 0.203056 5
0.420726 -0.259826 0.205849 5
0.370781 -0.281946 0.159135 5
0.401015 -0.233813 0.211387 5
0.383151 -0.269239 0.184403 5
0.423048 -0.232540 0.203133 5
0.425992 -0.232925 0.203686 5
0.417937 -0.259153 0.208382 5
0.418609 -0.260078 0.207584 5
0.422121 -0.258571 0.207548 5
0.399723 -0.241547 0.214252 5
0.428130 -0.217766 0.206575 5
0.376581 -0.290161 0.155137 5
0.405435 -0.239841 0.202281 5
0.391199 -0.274863 0.197353 5
0.373126 -0.264772 0.186432 5
0.374367 -0.262215 0.187325 5
0.376914 -0.254557 0.199003 5
0.377752 -0.263591 0.192028 5
0.373609 -0.262876 0.185262 5
0.382515 -0.253766 0.196212 5
0.387371 -0.254400 0.195546 5
0.391576 -0.249743 0.201520 5
0.432129 -0.211644 0.207245 5
0.393963 -0.252758 0.202697 5
0.388444 -0.247765 0.203534 5
0.386574 -0.254606 0.194706 5
0.386579 -0.254061 0.195255 5
0.399396 -0.242365 0.201712 5
0.429843 -0.217145 0.207057 5
0.431004 -0.220664 0.206666 5
0.399319 -0.236185 0.204059 5
0.412159 -0.240639 0.201570 5
0.422991 -0.254858 0.208167 5
0.409063 -0.264605 0.206818 5
0.380274 -0.284791 0.169617 5
0.381336 -0.282390 0.165359 5
0.375258 -0.260657 0.183877 5
0.418591 -0.235938 0.202171 5
0.420555 -0.234130 0.202792 5
0.362499 -0.271147 0.172221 5
0.362132 -0.271916 0.171538 5
0.423940 -0.234600 0.203555 5
0.413847 -0.237394 0.200572 5
0.410856 -0.231107 0.199871 5
0.425373 -0.218516 0.203226 5
0.416180 -0.263032 0.202541 5
0.412621 -0.262207 0.208283 5
0.383841 -0.256452 0.191208 5
0.383095 -0.257244 0.189210 5
0.409112 -0.232900 0.212063 5
0.384508 -0.270903 0.189176 5
0.394730 -0.233995 0.209876 5
0.363186 -0.286189 0.161936 5
0.371261 -0.294557 0.150133 5
0.370551 -0.295191 0.149685 5
0.378726 -0.262132 0.181918 5
0.391672 -0.240441 0.204545 5
0.380836 -0.285025 0.173666 5
0.390302 -0.241749 0.210739 5
0.371668 -0.264480 0.177878 5
0.416277 -0.259301 0.203634 5
0.407998 -0.254690 0.204871 5
0.421089 -0.249918 0.211651 5
0.410454 -0.268927 0.205910 5
0.450098 -0.229542 0.208640 5
0.440821 -0.243183 0.217544 5
0.487946 -0.200988 0.189516 5
0.393440 -0.268966 0.200225 5
0.432227 -0.245697 0.210062 5
0.431500 -0.245302 0.209666 5
0.427670 -0.247342 0.209336 5
0.389887 -0.262540 0.199858 5
0.386800 -0.264487 0.197485 5
0.446655 -0.236254 0.216158 5
0.490114 -0.192378 0.182415 5
0.490970 -0.193595 0.191476 5
0.491240 -0.192604 0.190620 5
0.398542 -0.257906 0.203906 5
0.470255 -0.208417 0.199544 5
0.474035 -0.205111 0.198433 5
0.430381 -0.227112 0.213762 5
0.444576 -0.229683 0.209791 5
0.500434 -0.188563 0.176989 5
0.501068 -0.188244 0.175803 5
0.499940 -0.183889 0.179454 5
0.441046 -0.230223 0.210029 5
0.394088 -0.256619 0.206665 5
0.390596 -0.255408 0.206312 5
0.388710 -0.251574 0.210771 5
0.466752 -0.210017 0.203316 5
0.459558 -0.215370 0.207274 5
0.461749 -0.214812 0.203973 5
0.490547 -0.193180 0.185732 5
0.490788 -0.188950 0.188137 5
0.490416 -0.191802 0.190386 5
0.399632 -0.256360 0.205758 5
0.435153 -0.226835 0.207226 5
0.446099 -0.237688 0.216265 5
0.435844 -0.245985 0.211640 5
0.487400 -0.195773 0.192906 5
0.479072 -0.201221 0.196734 5
0.485804 -0.201391 0.191409 5
0.440873 -0.239276 0.212144 5
0.393579 -0.273690 0.205358 5
0.401653 -0.274352 0.207935 5
0.436872 -0.239944 0.210526 5
0.444985 -0.237640 0.214244 5
0.397470 -0.247311 0.212660 5
0.397074 -0.253152 0.208617 5
0.453999 -0.224307 0.206424 5
0.454562 -0.221397 0.205788 5
0.395092 -0.274691 0.199358 5
0.393128 -0.271992 0.204365 5
0.396425 -0.274681 0.199855 5
0.403297 -0.267868 0.204481 5
0.399891 -0.267833 0.203929 5
0.397273 -0.276286 0.200901 5
0.397037 -0.270364 0.201757 5
0.435225 -0.239303 0.209364 5
0.433917 -0.237361 0.207538 5
0.398310 -0.263762 0.204568 5
0.410122 -0.268864 0.205738 5
0.389303 -0.247128 0.213107 5
0.392989 -0.243841 0.214298 5
0.387614 -0.245716 0.213445 5
0.432546 -0.239321 0.216817 5
0.415828 -0.241059 0.212092 5
0.419323 -0.236809 0.212592 5
0.418570 -0.232212 0.212900 5
0.416806 -0.234904 0.212606 5
0.414681 -0.244943 0.211958 5
0.420605 -0.242118 0.213045 5
0.392310 -0.280612 0.196908 5
0.438931 -0.224923 0.215092 5
0.426304 -0.239091 0.214093 5
0.431006 -0.230128 0.214471 5
0.429445 -0.230012 0.214054 5
0.437993 -0.227424 0.209276 5
0.446202 -0.223409 0.214132 5
0.441245 -0.226814 0.215757 5
0.442934 -0.214104 0.214086 5
0.426126 -0.243461 0.213833 5
0.428401 -0.243880 0.214569 5
0.481772 -0.198354 0.195509 5
0.394717 -0.264151 0.200072 5
0.435869 -0.248664 0.212138 5
0.403817 -0.253169 0.207642 5
0.408715 -0.246961 0.211293 5
0.406494 -0.248166 0.210764 5
0.401668 -0.254383 0.207096 5
0.408236 -0.249026 0.209916 5
0.433813 -0.220422 0.213933 5
0.433505 -0.220829 0.213892 5
0.431595 -0.229073 0.214425 5
0.444015 -0.237611 0.220694 5
0.432793 -0.249230 0.212775 5
0.434352 -0.249399 0.212462 5
0.441108 -0.236173 0.220832 5
0.435715 -0.245285 0.217452 5
0.432980 -0.239398 0.217130 5
0.438143 -0.218656 0.214305 5
0.436946 -0.217994 0.214601 5
0.417020 -0.246479 0.211906 5
0.441483 -0.241593 0.221527 5
0.435953 -0.204642 0.213241 5
0.400520 -0.272068 0.202132 5
0.435674 -0.231574 0.215879 5
0.433533 -0.233944 0.215630 5
0.448981 -0.216728 0.212672 5
0.450862 -0.218321 0.212393 5
0.449314 -0.211976 0.213178 5
0.440422 -0.243005 0.215551 5
0.443594 -0.231061 0.217841 5
0.440533 -0.233349 0.219546 5
0.426392 -0.223403 0.210412 5
0.423397 -0.230013 0.212882 5
0.392754 -0.267122 0.201984 5
0.445819 -0.203869 0.215899 5
0.442343 -0.204396 0.215098 5
0.389010 -0.269210 0.197702 5
0.388805 -0.266526 0.198109 5
0.440702 -0.201585 0.213069 5
0.454748 -0.224492 0.208285 5
0.451583 -0.230692 0.208918 5
0.458101 -0.220145 0.205531 5
0.445592 -0.202363 0.215275 5
0.443559 -0.208213 0.214968 5
0.455702 -0.213442 0.210389 5
0.454667 -0.210386 0.209934 5
0.459059 -0.207678 0.208148 5
0.436110 -0.231420 0.208367 5
0.489333 -0.199773 0.189942 5
0.490336 -0.194448 0.191862 5
0.449032 -0.207003 0.214667 5
0.442416 -0.233549 0.219200 5
0.439844 -0.206887 0.210404 5
0.439238 -0.206396 0.209677 5
0.409985 -0.262546 0.209289 5
0.433097 -0.216635 0.212252 5
0.405968 -0.268094 0.205597 5
0.454285 -0.207987 0.211719 5
0.452688 -0.210489 0.211293 5
0.389502 -0.272641 0.199556 5
0.390586 -0.271420 0.200674 5
0.405533 -0.268268 0.209407 5
0.430307 -0.241617 0.207033 5
0.390504 -0.281972 0.197607 5
0.497944 -0.194264 0.186873 5
0.499470 -0.193452 0.185271 5
0.397182 -0.278730 0.204316 5
0.456293 -0.218914 0.210262 5
0.457325 -0.217598 0.209378 5
0.448124 -0.229358 0.209076 5
0.400501 -0.268835 0.208462 5
0.429760 -0.247061 0.215109 5
0.428734 -0.246188 0.214444 5
0.386482 -0.253518 0.207167 5
0.492481 -0.192424 0.179164 5
0.477934 -0.205529 0.193828 5
0.476098 -0.204970 0.196544 5
0.490196 -0.199068 0.187508 5
0.490827 -0.198331 0.187264 5
0.445635 -0.234233 0.209993 5
0.432129 -0.242578 0.209153 5
0.399305 -0.262985 0.206162 5
0.407333 -0.261105 0.208545 5
0.401414 -0.260544 0.206262 5
0.449136 -0.231354 0.214619 5
0.448276 -0.232508 0.215826 5
0.445079 -0.206540 0.215904 5
0.453269 -0.205206 0.214985 5
0.436981 -0.214523 0.214095 5
0.437607 -0.208567 0.213976 5
0.499451 -0.187727 0.181410 5
0.500222 -0.189336 0.179041 5
0.407308 -0.242958 0.212929 5
0.412226 -0.243221 0.211928 5
0.409028 -0.238824 0.213026 5
0.402936 -0.244279 0.213654 5
0.486029 -0.191209 0.191307 5
0.480449 -0.194355 0.194992 5
0.412856 -0.233035 0.212790 5
0.403232 -0.240915 0.213920 5
0.484464 -0.189709 0.190805 5
0.479795 -0.194224 0.195269 5
0.395120 -0.276025 0.206429 5
0.405685 -0.254993 0.208157 5
0.409924 -0.255650 0.209776 5
0.409612 -0.256143 0.209618 5
0.408093 -0.252048 0.209319 5
0.395855 -0.264196 0.204699 5
0.396051 -0.263277 0.204660 5
0.516256 -0.137516 0.067518 1
0.513973 -0.139517 0.067533 1
0.516879 -0.144551 0.065733 1
0.518864 -0.143260 0.066085 1
0.521931 -0.145330 0.064279 1
0.518987 -0.122301 0.073769 1
0.527032 -0.156871 0.059773 1
0.522362 -0.139693 0.065028 1
0.521548 -0.136571 0.065292 1
0.515477 -0.129337 0.072245 1
0.516963 -0.133088 0.069469 1
0.519221 -0.137717 0.067041 1
0.537033 -0.153990 0.064664 1
0.541246 -0.153394 0.063166 1
0.517377 -0.124163 0.073452 1
0.522909 -0.121764 0.070489 1
0.529032 -0.153654 0.062713 1
0.523448 -0.150365 0.061705 1
0.534236 -0.155317 0.062963 1
0.534631 -0.155463 0.062649 1
0.539558 -0.156975 0.059313 1
0.560600 -0.122172 0.157485 4
0.548786 -0.136297 0.143358 4
0.582831 -0.100975 0.170095 4
0.580790 -0.101072 0.169527 4
0.574080 -0.108002 0.166661 4
0.545166 -0.129783 0.152839 4
0.568130 -0.115960 0.160759 4
0.589584 -0.101240 0.174757 4
0.587062 -0.101659 0.173094 4
0.571936 -0.100175 0.164984 4
0.552110 -0.128248 0.151971 4
0.585492 -0.103356 0.172280 4
0.576896 -0.106090 0.168182 4
0.571169 -0.113429 0.163769 4
0.587669 -0.100500 0.176802 4
0.585160 -0.097220 0.171237 4
0.542805 -0.133534 0.141128 4
0.545624 -0.136099 0.142905 4
0.543900 -0.139795 0.139926 4
0.579350 -0.106771 0.169094 4
0.556264 -0.121863 0.158972 4
0.556965 -0.121203 0.161586 4
0.561318 -0.119698 0.164511 4
0.587068 -0.096385 0.171979 4
0.540717 -0.138807 0.136937 4
0.562883 -0.118949 0.165595 4
0.562430 -0.115548 0.165670 4
0.543353 -0.130440 0.143901 4
0.571107 -0.104447 0.172019 4
0.567502 -0.119272 0.165356 4
0.546662 -0.134576 0.144882 4
0.592773 -0.099161 0.176418 4
0.554105 -0.123371 0.157233 4
0.548419 -0.130528 0.149749 4
0.554532 -0.121820 0.159756 4
0.570275 -0.108770 0.162510 4
0.576755 -0.106716 0.172785 4
0.539651 -0.138446 0.136316 4
0.541436 -0.142306 0.135777 4
0.533295 -0.139158 0.132227 1
0.536388 -0.140931 0.134554 4
0.546520 -0.134969 0.148061 4
0.547154 -0.137239 0.145149 4
0.535474 -0.137277 0.136252 1
0.540025 -0.136327 0.141871 4
0.537116 -0.145312 0.129460 1
0.545419 -0.140035 0.141038 4
0.536142 -0.138774 0.127388 1
0.577018 -0.098542 0.168412 4
0.549156 -0.134469 0.149060 4
0.541740 -0.137507 0.142452 4
0.551925 -0.132516 0.152336 4
0.555271 -0.129180 0.156982 4
0.573013 -0.113712 0.165898 4
0.541947 -0.140047 0.139941 4
0.544862 -0.132513 0.144702 4
0.551900 -0.127792 0.157381 4
0.544166 -0.133783 0.142995 4
0.552488 -0.130803 0.149664 4
0.535815 -0.146647 0.128359 1
0.580017 -0.100348 0.176145 4
0.582040 -0.100194 0.176755 4
0.577101 -0.108209 0.170651 4
0.583663 -0.103093 0.174771 4
0.554830 -0.130430 0.152390 4
0.563258 -0.114274 0.159439 4
0.561146 -0.117048 0.159376 4
0.564935 -0.119701 0.166026 4
0.550763 -0.134204 0.147277 4
0.562234 -0.123436 0.162283 4
0.538523 -0.142360 0.135232 4
0.573441 -0.109623 0.170755 4
0.572021 -0.111050 0.170239 4
0.564660 -0.112701 0.167370 4
0.566997 -0.116400 0.167989 4
0.535011 -0.143366 0.122821 1
0.534410 -0.145231 0.119363 1
0.547176 -0.137757 0.209166 6
0.566063 -0.135188 0.231365 6
0.536542 -0.154559 0.177382 6
0.549562 -0.131871 0.224923 6
0.574034 -0.132507 0.227218 6
0.546070 -0.131651 0.221155 6
0.540896 -0.131804 0.215864 6
0.527348 -0.139357 0.204915 7
0.521888 -0.144763 0.175786 7
0.525751 -0.145312 0.173866 7
0.521668 -0.147203 0.167423 7
0.518990 -0.148244 0.168167 7
0.526618 -0.145217 0.186768 7
0.533605 -0.149291 0.181176 7
0.532200 -0.148458 0.180752 7
0.514490 -0.144699 0.187591 7
0.515479 -0.144213 0.184042 7
0.535754 -0.151663 0.177484 6
0.536282 -0.139783 0.210491 6
0.534844 -0.140134 0.208918 6
0.533609 -0.149340 0.180960 7
0.514886 -0.143889 0.196207 7
0.517299 -0.143205 0.196817 7
0.532906 -0.150099 0.171743 6
0.527198 -0.145627 0.174737 7
0.526797 -0.145505 0.172902 7
0.530701 -0.146588 0.186553 7
0.551657 -0.143165 0.205618 6
0.530346 -0.148563 0.163646 7
0.530789 -0.148872 0.161623 7
0.554697 -0.136930 0.220920 6
0.569744 -0.135964 0.233121 6
0.567794 -0.130886 0.232028 6
0.561436 -0.139427 0.229275 6
0.541570 -0.131828 0.216330 6
0.536168 -0.135947 0.212907 6
0.564830 -0.130900 0.231048 6
0.525254 -0.146488 0.157121 1
0.556788 -0.137159 0.220025 6
0.559644 -0.141460 0.215967 6
0.521394 -0.144541 0.181120 7
0.523796 -0.144857 0.182108 7
0.526241 -0.145665 0.134933 1
0.544920 -0.154712 0.197411 6
0.508630 -0.155087 0.209946 7
0.574675 -0.132984 0.223881 6
0.549821 -0.130851 0.223284 6
0.537643 -0.137078 0.203873 6
0.526876 -0.143486 0.198725 7
0.532111 -0.141753 0.204329 6
0.536672 -0.147789 0.193004 6
0.534987 -0.146540 0.196964 6
0.539143 -0.145612 0.199787 6
0.580556 -0.137753 0.222243 6
0.540850 -0.151916 0.190798 6
0.555050 -0.147559 0.206963 6
0.515158 -0.149073 0.176157 7
0.543840 -0.134091 0.217769 6
0.538742 -0.150090 0.193855 6
0.540863 -0.149335 0.197262 6
0.533175 -0.146200 0.196095 6
0.540093 -0.151815 0.188164 6
0.516624 -0.141458 0.201466 7
0.518891 -0.142649 0.197428 7
0.517269 -0.141576 0.200836 7
0.532281 -0.152183 0.159926 1
0.526928 -0.144903 0.194286 7
0.542240 -0.152920 0.195842 6
0.535145 -0.144158 0.199649 6
0.540890 -0.140448 0.201025 6
0.529850 -0.144807 0.196862 7
0.535136 -0.153403 0.172694 6
0.531472 -0.147089 0.128345 1
0.533746 -0.139134 0.207335 6
0.548311 -0.131167 0.219031 6
0.552277 -0.133681 0.220944 6
0.527128 -0.147287 0.147236 1
0.524129 -0.142383 0.196743 7
0.532407 -0.153668 0.159401 1
0.533238 -0.153761 0.167581 6
0.532569 -0.138554 0.210080 6
0.533076 -0.145888 0.197370 6
0.583368 -0.144946 0.220379 6
0.545704 -0.135915 0.213094 6
0.549599 -0.157071 0.206105 6
0.545332 -0.139058 0.201821 6
0.535866 -0.138482 0.212068 6
0.544010 -0.140262 0.214000 6
0.511737 -0.144058 0.207122 7
0.509236 -0.143485 0.210443 7
0.505094 -0.153435 0.219085 7
0.523661 -0.146647 0.142799 1
0.503208 -0.149745 0.218048 7
0.519524 -0.146693 0.149579 1
0.528985 -0.147923 0.154594 1
0.508263 -0.151227 0.209795 7
0.555435 -0.154006 0.208072 6
0.556169 -0.151003 0.207078 6
0.526501 -0.146781 0.156937 1
0.513491 -0.147385 0.198314 7
0.569153 -0.138731 0.213009 6
0.566666 -0.135111 0.217661 6
0.553644 -0.141320 0.210053 6
0.551255 -0.147818 0.206419 6
0.549754 -0.150506 0.207092 6
0.557970 -0.147091 0.208027 6
0.592026 -0.157879 0.208382 6
0.593433 -0.166225 0.211779 6
0.591243 -0.163474 0.213357 6
0.576589 -0.135754 0.231008 6
0.569892 -0.130308 0.230388 6
0.578767 -0.138567 0.215328 6
0.582327 -0.143739 0.211771 6
0.582029 -0.141137 0.215495 6
0.554317 -0.130213 0.222062 6
0.581677 -0.138591 0.227065 6
0.535082 -0.142468 0.204784 6
0.539884 -0.142744 0.207457 6
0.538354 -0.142339 0.207247 6
0.546425 -0.153844 0.204550 6
0.550474 -0.137371 0.220180 6
0.575409 -0.146618 0.210929 6
0.579278 -0.146482 0.210421 6
0.579231 -0.145262 0.209926 6
0.513673 -0.145382 0.199315 7
0.543940 -0.145242 0.208093 6
0.545295 -0.152476 0.204661 6
0.538891 -0.145698 0.201665 6
0.542953 -0.146994 0.205671 6
0.547704 -0.154369 0.206248 6
0.568240 -0.150726 0.210436 6
0.570268 -0.142776 0.209755 6
0.591149 -0.156139 0.209024 6
0.585926 -0.150047 0.216877 6
0.518926 -0.145258 0.142636 1
0.568309 -0.145560 0.233187 6
0.570994 -0.141124 0.233760 6
0.563493 -0.146224 0.230995 6
0.569974 -0.141675 0.233361 6
0.541785 -0.137080 0.205895 6
0.535005 -0.138142 0.205967 6
0.583709 -0.142993 0.216017 6
0.543431 -0.149727 0.202124 6
0.587815 -0.151456 0.210257 6
0.587316 -0.150152 0.213495 6
0.538064 -0.131734 0.209155 6
0.583186 -0.157440 0.223060 6
0.577652 -0.154610 0.228803 6
0.582152 -0.151579 0.224214 6
0.584566 -0.159630 0.221606 6
0.582110 -0.152140 0.224249 6
0.585276 -0.154490 0.219745 6
0.586014 -0.157497 0.218966 6
0.583264 -0.149590 0.222518 6
0.585894 -0.156895 0.219069 6
0.561689 -0.145446 0.212242 6
0.562251 -0.148287 0.209505 6
0.544214 -0.152404 0.200794 6
0.546373 -0.137217 0.205376 6
0.542840 -0.134287 0.213249 6
0.580920 -0.145032 0.209816 6
0.580312 -0.142648 0.211468 6
0.549220 -0.143160 0.203818 6
0.548394 -0.141523 0.202451 6
0.560230 -0.137675 0.228465 6
0.557858 -0.137933 0.226931 6
0.553247 -0.142107 0.215480 6
0.567528 -0.131203 0.220455 6
0.567620 -0.134119 0.218260 6
0.541314 -0.153815 0.189577 6
0.520318 -0.148197 0.158075 1
0.518772 -0.149191 0.164111 7
0.572233 -0.132001 0.220692 6
0.573846 -0.132434 0.222545 6
0.548587 -0.139271 0.216671 6
0.536946 -0.152716 0.178013 6
0.501267 -0.148725 0.219929 7
0.574051 -0.145629 0.231997 6
0.571054 -0.153318 0.235572 6
0.571666 -0.142668 0.234085 6
0.578864 -0.149685 0.227625 6
0.565627 -0.144127 0.211172 6
0.564698 -0.143925 0.211832 6
0.541066 -0.131470 0.213293 6
0.556868 -0.134986 0.226084 6
0.579727 -0.136603 0.227006 6
0.510028 -0.148312 0.209243 7
0.507713 -0.145592 0.212461 7
0.565327 -0.129137 0.228653 6
0.511962 -0.148548 0.206059 7
0.512769 -0.149899 0.201538 7
0.568997 -0.141441 0.210308 6
0.563149 -0.140337 0.214839 6
0.560232 -0.130803 0.221521 6
0.558055 -0.141486 0.216197 6
0.550544 -0.139218 0.209072 6
0.562814 -0.129251 0.227396 6
0.531438 -0.152104 0.152903 1
0.529674 -0.148220 0.154578 1
0.557775 -0.142590 0.212589 6
0.547975 -0.138528 0.212724 6
0.581544 -0.138465 0.219191 6
0.548288 -0.136510 0.219055 6
0.545356 -0.137446 0.207924 6
0.526024 -0.145806 0.138786 1
0.514823 -0.149209 0.185833 7
0.521625 -0.144305 0.189836 7
0.520307 -0.144341 0.184837 7
0.532159 -0.143767 0.200158 6
0.555015 -0.150624 0.206777 6
0.578265 -0.139439 0.229959 6
0.581028 -0.143695 0.226630 6
0.575896 -0.139632 0.231308 6
0.515111 -0.147037 0.183293 7
0.517756 -0.146805 0.175676 7
0.554577 -0.130728 0.226918 6
0.524173 -0.147025 0.146380 1
0.529214 -0.147744 0.137925 1
0.528325 -0.146915 0.132813 1
0.558375 -0.129819 0.226115 6
0.522874 -0.147397 0.153300 1
0.513427 -0.150990 0.193761 7
0.513534 -0.150721 0.193160 7
0.547994 -0.145534 0.204142 6
0.526659 -0.140109 0.203154 7
0.553306 -0.141136 0.205848 6
0.531322 -0.149118 0.168958 6
0.526952 -0.146184 0.166766 7
0.538297 -0.120628 0.073593 2
0.540172 -0.120478 0.077613 2
0.538335 -0.117094 0.081176 2
0.545783 -0.106337 0.090014 2
0.547679 -0.110347 0.090068 2
0.543458 -0.114320 0.083977 2
0.548945 -0.103426 0.095000 2
0.542293 -0.106797 0.088010 2
0.541746 -0.111499 0.085416 2
0.549606 -0.095709 0.097017 2
0.547683 -0.099125 0.092153 2
0.547728 -0.138479 0.066895 1
0.542520 -0.109028 0.081080 2
0.539230 -0.121683 0.070381 2
0.543868 -0.104682 0.086198 2
0.536312 -0.130433 0.060086 1
0.538508 -0.125909 0.063649 1
0.541217 -0.128967 0.061667 1
0.545144 -0.105254 0.090446 2
0.548175 -0.106090 0.085783 2
0.536100 -0.124956 0.062773 1
0.543701 -0.109801 0.081109 2
0.543875 -0.115549 0.077121 2
0.539990 -0.120065 0.073066 2
0.541672 -0.105857 0.088233 2
0.539990 -0.112111 0.079858 2
0.538570 -0.121607 0.074558 2
0.550239 -0.108515 0.092427 2
0.550508 -0.104170 0.095273 2
