0.67192858 -0.10959373 -0.36866659
0.67210293 -0.10226854 -0.34229347
0.67469102 -0.09537587 -0.33032769
0.67221695 -0.11113718 -0.37722057
0.67094648 -0.10645433 -0.35120517
0.67065281 -0.10523348 -0.36099342
0.67304760 -0.09616084 -0.33215407
0.67012578 -0.10267913 -0.35995623
0.67228156 -0.09614787 -0.33457464
0.67117661 -0.09878159 -0.34419623
0.67545295 -0.11358687 -0.38298032
0.67138773 -0.09814712 -0.35056877
0.67290550 -0.11001711 -0.38365436
0.67300135 -0.10894046 -0.37783989
0.67041522 -0.10799800 -0.37460500
0.67441392 -0.10998833 -0.39339128
0.67318743 -0.10613275 -0.39281294
0.59675658 -0.22644870 -0.30297989
0.59398973 -0.23097229 -0.30029321
0.62476766 -0.19879499 -0.30927137
0.60890806 -0.21858633 -0.30574527
0.60291791 -0.22366343 -0.30492628
0.60380667 -0.22473995 -0.30423221
0.59625101 -0.23010579 -0.30159345
0.59839290 -0.23025744 -0.29858521
0.59750187 -0.23179759 -0.30084890
0.61794639 -0.20988351 -0.30485326
0.67197818 -0.11647786 -0.37617925
0.66367930 -0.13526379 -0.34331244
0.66037363 -0.14315403 -0.33459488
0.65282995 -0.16007656 -0.32685235
0.65640402 -0.13881309 -0.33836132
0.66812307 -0.12741710 -0.35414168
0.67001963 -0.12234946 -0.36458093
0.66139966 -0.13954972 -0.33943042
0.66246516 -0.13657375 -0.34139147
0.65433514 -0.15085585 -0.33096471
0.65110081 -0.16815847 -0.32256544
0.65968895 -0.14457408 -0.33430284
0.65180415 -0.14697161 -0.33189058
0.65229666 -0.15059592 -0.33199289
0.64221376 -0.18114941 -0.31758928
0.65967256 -0.13533130 -0.34426925
0.66007942 -0.13773644 -0.34206346
0.64558119 -0.16314335 -0.32375011
0.66494936 -0.12870313 -0.35357794
0.64916039 -0.15485874 -0.33050022
0.64525813 -0.16866203 -0.32190976
0.65644461 -0.14595418 -0.33455390
0.65001029 -0.15822531 -0.32484192
0.65426487 -0.14063409 -0.33547553
0.64203846 -0.17558794 -0.31694657
0.66529262 -0.12695523 -0.35527578
0.65516633 -0.15568645 -0.32928550
0.63868976 -0.18072355 -0.31602928
0.64768010 -0.15018880 -0.33443904
0.64637226 -0.15614390 -0.33003891
0.65177035 -0.16224019 -0.32542273
0.67859548 -0.06500582 -0.28370818
0.68074852 -0.05970800 -0.27273157
0.65675247 -0.09333224 -0.33827901
0.66358989 -0.08436341 -0.32828104
0.66836667 -0.08269203 -0.31764701
0.67023075 -0.07176562 -0.29047689
0.67028266 -0.10277624 -0.34670839
0.67956096 -0.06150429 -0.27710745
0.67725140 -0.07067723 -0.29236037
0.66457570 -0.10797089 -0.35419935
0.66400588 -0.08113433 -0.32535383
0.67503619 -0.08357712 -0.31501359
0.67770630 -0.08180692 -0.31028950
0.65398079 -0.09580742 -0.34043202
0.67632723 -0.09779438 -0.32571816
0.66519815 -0.09093459 -0.33840531
0.66434497 -0.09231708 -0.34234887
0.67313111 -0.07948870 -0.30775857
0.67413688 -0.07436801 -0.29685265
0.68170643 -0.09127488 -0.32415098
0.66786528 -0.09328488 -0.33428556
0.66823661 -0.08817410 -0.32620174
0.67800134 -0.08569904 -0.31596231
0.67424119 -0.08571155 -0.31761608
0.65770382 -0.08290960 -0.33234227
0.67182124 -0.09258763 -0.32578224
0.67240745 -0.09690011 -0.32939383
0.67841136 -0.07346638 -0.29665756
0.67605913 -0.06975141 -0.29074845
0.67999274 -0.08649361 -0.31850398
0.67085403 -0.10317374 -0.33823073
0.66834676 -0.07302064 -0.29325613
0.66979355 -0.10877535 -0.35732919
0.67167038 -0.10147499 -0.33282763
0.66841185 -0.09551182 -0.33773988
0.66785771 -0.07448709 -0.30240789
0.67507845 -0.06763011 -0.28625715
0.67112815 -0.10234571 -0.34193113
0.66943032 -0.10837269 -0.36610705
0.64817578 -0.16771941 -0.32305872
0.60995144 -0.20940655 -0.30635297
0.62275690 -0.20157756 -0.31054959
0.61584532 -0.20605537 -0.30852586
0.63293135 -0.18910719 -0.31309539
0.64823806 -0.17498569 -0.32086554
0.64195681 -0.17736377 -0.31840923
0.60037810 -0.22152157 -0.30060852
0.60908598 -0.20971034 -0.30630058
0.62442648 -0.20174320 -0.30997935
0.63516510 -0.18806876 -0.31511319
0.64563066 -0.18029554 -0.31934991
0.61708272 -0.02851589 -0.37233809
0.62035316 -0.03783900 -0.36642331
0.64875275 -0.07220137 -0.36719155
0.65347874 -0.08056493 -0.37219253
0.63694543 -0.06114503 -0.36642617
0.61669761 -0.03256562 -0.37003246
0.64975840 -0.07917905 -0.37407401
0.64561445 -0.07640073 -0.37107822
0.65111595 -0.07324738 -0.36860889
0.63835472 -0.05749482 -0.36451769
0.65132099 -0.07153355 -0.37055692
0.62243897 -0.03391827 -0.36654428
0.64298946 -0.06322486 -0.36407778
0.63600034 -0.05606613 -0.36400485
0.63323337 -0.04822081 -0.36235622
0.65189737 -0.07972506 -0.37344930
0.67709792 -0.11291746 -0.39718106
0.67728370 -0.10848861 -0.39654335
0.67333716 -0.11593618 -0.37271789
0.75409240 -0.15870956 -0.39843252
0.66461509 -0.09312336 -0.38324118
0.67297542 -0.10483429 -0.39293990
0.66864544 -0.10143646 -0.38791588
0.66875494 -0.10096902 -0.39061791
0.63845146 -0.05629905 -0.36792263
0.62706912 -0.04212433 -0.36481848
0.61533546 -0.02480268 -0.37326348
0.61991411 -0.02994186 -0.36926091
0.64867973 -0.06904042 -0.37093371
0.63792109 -0.06514712 -0.37051257
0.63765073 -0.05310287 -0.36526135
0.63322246 -0.04843063 -0.36576843
0.65590400 -0.08242886 -0.37521467
0.64210439 -0.05887334 -0.36699295
0.65950584 -0.08782642 -0.37878585
0.63798261 -0.06404634 -0.37041169
0.61283189 -0.02577329 -0.37133935
0.61975604 -0.03263055 -0.36687848
0.64330018 -0.07427236 -0.37082711
0.67647499 -0.08300659 -0.31774893
0.66318291 -0.08412702 -0.33642277
0.66530687 -0.08347878 -0.33055612
0.66116786 -0.09015986 -0.34327516
0.68038744 -0.07715590 -0.31182399
0.66737866 -0.08818812 -0.33211529
0.65979826 -0.09756253 -0.34833571
0.66278368 -0.10071855 -0.35367367
0.65870619 -0.08697128 -0.33907774
0.66572601 -0.10095929 -0.35610446
0.66824478 -0.09238327 -0.34187570
0.67575806 -0.07782304 -0.31201902
0.66505289 -0.09567580 -0.34525022
0.65963095 -0.10356609 -0.34640223
0.66845834 -0.07105289 -0.30374590
0.66099709 -0.10418390 -0.34901619
0.65904981 -0.09867584 -0.34373081
0.66453952 -0.10459913 -0.35093305
0.67114115 -0.07819062 -0.31030613
0.66894156 -0.07064041 -0.28987220
0.67882252 -0.07590920 -0.30574378
0.66573346 -0.10638658 -0.36275476
0.67620337 -0.06137037 -0.27796936
0.65828854 -0.08839349 -0.34054077
0.67715180 -0.06814519 -0.28881192
0.66988480 -0.07114401 -0.30687055
0.67517066 -0.07094559 -0.29815876
0.67040330 -0.07410537 -0.30748266
0.66690594 -0.07724557 -0.31373930
0.67122918 -0.08548113 -0.32473582
0.67705148 -0.08639131 -0.32177529
0.68086994 -0.07942360 -0.31238821
0.67321581 -0.08722110 -0.32562754
0.66689473 -0.07380230 -0.30750716
0.66974866 -0.08931449 -0.33303228
0.66183001 -0.09437691 -0.34721994
0.66882849 -0.09950483 -0.35472172
0.66747582 -0.07283965 -0.29268056
0.67515737 -0.07391405 -0.30568179
0.66672027 -0.09797972 -0.34844518
