0.29136762 -0.09033193 0.23913838
0.29228094 -0.09415026 0.24252895
0.28312504 -0.09000782 0.24057811
0.29606715 -0.08426191 0.23713928
0.28002703 -0.09029426 0.23796450
0.27987912 -0.09114293 0.24012066
0.28320843 -0.08924434 0.23645744
0.28240639 -0.09105689 0.23666404
0.32927385 -0.04820132 0.21528447
0.28740525 -0.08939938 0.23936890
0.27578962 -0.10708620 0.24369667
0.27294648 -0.11331342 0.24428849
0.33191928 -0.05194039 0.21808748
0.30410656 -0.07652211 0.23438515
0.31158656 -0.06769877 0.23259561
0.30960563 -0.07040945 0.23371644
0.28984335 -0.08791871 0.23850060
0.32685208 -0.05017696 0.21592769
0.30770567 -0.06951954 0.23507343
0.31047878 -0.06698871 0.22918017
0.31425768 -0.06340980 0.22495489
0.30662844 -0.07097557 0.23532970
0.27280387 -0.10701969 0.24257559
0.31215248 -0.06573540 0.23040594
0.30671388 -0.07649243 0.23574144
0.30678117 -0.07371999 0.23592581
0.33055615 -0.05210794 0.21874470
0.32693666 -0.05985220 0.21972458
0.32537663 -0.05724213 0.22083706
0.26973873 -0.10753918 0.23964845
0.26973179 -0.10713388 0.24012487
0.32196274 -0.05901144 0.22351471
0.31489861 -0.06708964 0.22796609
0.27755576 -0.09411731 0.23893149
0.32185405 -0.05863601 0.22325963
0.28617722 -0.10206576 0.24569431
0.27215537 -0.10299903 0.23995700
0.28528020 -0.09563113 0.24160659
0.28635418 -0.10049023 0.24452502
0.29800254 -0.08857866 0.24156593
0.28016832 -0.10273924 0.24318223
0.27925274 -0.09742504 0.24201810
0.31236315 -0.06750918 0.22569308
0.27740970 -0.11376648 0.24679177
0.27300668 -0.11536611 0.24537796
0.28701159 -0.09930608 0.24403097
0.29854292 -0.08356885 0.23836650
0.29712260 -0.08757626 0.24030425
0.27890727 -0.09989951 0.24291614
0.32772723 -0.05589113 0.22024697
0.29057530 -0.09825632 0.24436103
0.33069563 -0.05202487 0.21319751
0.32792306 -0.05643666 0.21673244
0.32546136 -0.05874467 0.21841991
0.31787759 -0.06121452 0.22218968
0.32529235 -0.05412657 0.21508250
0.32236075 -0.05736250 0.22028413
0.32115367 -0.05768903 0.21944241
0.20158570 -0.21368092 0.25659567
0.20127718 -0.21193200 0.25482526
0.20153689 -0.21405058 0.25556001
0.19461727 -0.20346855 0.26964393
0.19186585 -0.20670904 0.26001835
0.19098392 -0.20659542 0.25605583
0.20428839 -0.19833323 0.28974015
0.19319293 -0.20428646 0.25777200
0.20766659 -0.19414848 0.32375878
0.20803192 -0.19654670 0.31429398
0.20124254 -0.21559466 0.25901687
0.20016894 -0.21833216 0.26302367
0.19958588 -0.21979336 0.26255217
0.20929866 -0.19427104 0.31301674
0.20763096 -0.19516180 0.32366908
0.19521356 -0.20247138 0.27252743
0.20447302 -0.19854301 0.29134861
0.20018001 -0.20561218 0.26833183
0.20032941 -0.20505434 0.27295688
0.19921279 -0.20681453 0.25429729
0.19832717 -0.20641187 0.25117227
0.19850636 -0.20672646 0.24913245
0.20049998 -0.20492733 0.27393454
0.19796634 -0.20104602 0.27526900
0.19223788 -0.20510963 0.26804760
0.19270025 -0.20524576 0.26335648
0.20631091 -0.19739127 0.32468376
0.20750019 -0.20439874 0.29475811
0.20889826 -0.19587454 0.30950058
0.20576055 -0.19832410 0.29179654
0.19530283 -0.20360875 0.27439818
0.19724770 -0.20383906 0.26885691
0.20102564 -0.20101424 0.28475818
0.20118955 -0.20307775 0.28086746
0.20028479 -0.20245554 0.27648789
0.20610778 -0.19793235 0.29696983
0.20757580 -0.19714174 0.30923921
0.20642322 -0.19493876 0.32651147
0.19304635 -0.20430985 0.25513849
0.19481982 -0.20387837 0.25666732
0.20864731 -0.20169811 0.30567193
0.20843394 -0.20187658 0.30284834
0.19896334 -0.20597595 0.26809871
0.20172593 -0.20980428 0.26799452
0.20171371 -0.21034716 0.26353341
0.20176059 -0.21066658 0.26263565
0.18512098 -0.20868696 0.22533017
0.18314321 -0.22126316 0.23632698
0.18100300 -0.22321425 0.24152604
0.18004920 -0.21784493 0.23848152
0.17636338 -0.20321235 0.24239630
0.19165376 -0.21300071 0.21559350
0.15839742 -0.21991053 0.25663045
0.16063452 -0.22375289 0.25552002
0.17181519 -0.23408321 0.25245908
0.17479832 -0.23344815 0.25433692
0.20372131 -0.21397601 0.21902664
0.20032598 -0.21326973 0.22598137
0.18789953 -0.21043460 0.22317345
0.16342269 -0.21805030 0.25160879
0.16198416 -0.21856412 0.25305042
0.16524842 -0.22100744 0.25070691
0.16796207 -0.23036072 0.25009906
0.15332238 -0.23440699 0.26091194
0.15445305 -0.23305014 0.26049745
0.16499820 -0.22579286 0.25199181
0.17809343 -0.20739318 0.24125910
0.19248766 -0.21909967 0.25110981
0.18463133 -0.22722013 0.23729430
0.18554299 -0.22395998 0.23377207
0.18171169 -0.20643494 0.23951174
0.18185164 -0.20659547 0.23864420
0.17115864 -0.22225492 0.25051987
0.17875536 -0.22269563 0.24408093
0.17513210 -0.21942748 0.24477343
0.16974014 -0.22074340 0.25075617
0.17270294 -0.21516776 0.24403258
0.16535057 -0.21638599 0.25206700
0.16916662 -0.21850663 0.24978428
0.16968969 -0.21865882 0.24937645
0.17880686 -0.23107013 0.24671918
0.18256991 -0.22696057 0.24049054
0.17164662 -0.20860310 0.24251807
0.15790457 -0.23587617 0.26043382
0.15344861 -0.23595910 0.26087797
0.20121752 -0.21378681 0.20016742
0.19827229 -0.21461472 0.20273997
0.16021170 -0.20882094 0.25018585
0.17989364 -0.20542499 0.23710415
0.16673429 -0.23381351 0.25393605
0.17143275 -0.23142754 0.24717416
0.17128459 -0.21881965 0.24324787
0.16727781 -0.22140202 0.24868335
0.18595406 -0.22900526 0.23372294
0.18586338 -0.21645999 0.22967464
0.17908962 -0.22602326 0.23918095
0.19405390 -0.20838028 0.23521645
0.19439696 -0.20741853 0.23900396
0.16010582 -0.20734364 0.25008497
0.16659340 -0.21161655 0.24694209
0.20120296 -0.22033705 0.22269495
0.20425461 -0.21537583 0.21802010
0.20227236 -0.21687883 0.22212084
0.17177193 -0.23199072 0.24810523
0.17016897 -0.23366520 0.25135997
0.19366105 -0.20671155 0.24236050
0.18994407 -0.20593640 0.24790075
0.20147142 -0.20997861 0.24790373
0.20172362 -0.21229659 0.24416174
0.20227817 -0.20923375 0.23996009
0.16826101 -0.22402023 0.24843599
0.20146684 -0.21037795 0.22295716
0.20210832 -0.20972417 0.23302223
0.20065108 -0.21222438 0.22762667
0.18734530 -0.22436221 0.23257524
0.19329964 -0.22561975 0.22885437
0.16867115 -0.22792304 0.24862812
0.18073454 -0.22784944 0.23478602
0.18310599 -0.22214627 0.23065355
0.19023845 -0.22264761 0.22646552
0.17586808 -0.21922150 0.23845676
0.17916429 -0.21521299 0.23696822
0.19340502 -0.21779090 0.21826530
0.18395929 -0.22347391 0.23041315
0.19227050 -0.22059268 0.22789709
0.19178203 -0.22467014 0.23019831
0.19343455 -0.22715838 0.23084894
0.17839208 -0.22253595 0.23893039
0.17376629 -0.22280067 0.24306220
0.16157828 -0.23285612 0.25532719
0.20306405 -0.21431436 0.20392244
0.19018124 -0.21934153 0.22302224
0.20305553 -0.21473347 0.21311876
0.19495164 -0.22109628 0.22276492
0.19783621 -0.20814769 0.23117374
0.19800648 -0.20683682 0.23930432
0.19196418 -0.22918953 0.23266339
0.18665247 -0.22882749 0.23435600
0.18400937 -0.21892758 0.22825925
0.19823612 -0.22149250 0.22372246
0.17937143 -0.23142584 0.24139924
0.16284169 -0.23567937 0.25833771
0.16729218 -0.23499821 0.25446618
0.17930481 -0.22426356 0.23776354
0.19614992 -0.21598369 0.23223871
0.16017012 -0.23534977 0.26200458
0.15816787 -0.23479165 0.26320267
0.18007247 -0.22954220 0.23747166
0.19537899 -0.21309143 0.20469396
0.19669926 -0.21378589 0.20341133
0.19684567 -0.21314994 0.19911231
0.17818443 -0.20826139 0.23669794
0.15571153 -0.23708931 0.26374450
0.17498404 -0.20119411 0.24277738
0.19096552 -0.21491969 0.24407816
0.15516643 -0.21551874 0.25477672
0.16175368 -0.23529637 0.26144189
0.17489009 -0.21540639 0.24128416
0.16801649 -0.21419756 0.24614437
0.17030317 -0.21426310 0.24588843
0.17205198 -0.21165584 0.24416927
0.17135099 -0.21020152 0.24492890
0.17646244 -0.21236460 0.23962808
0.15494373 -0.23041819 0.26477346
0.17180994 -0.23268315 0.25771606
0.19473197 -0.21733776 0.22730827
0.16191107 -0.21763489 0.25586507
0.15928788 -0.22251664 0.25984895
0.16198911 -0.22352518 0.25839248
0.18235220 -0.21465643 0.23088159
0.18085051 -0.21781285 0.23228106
0.17834906 -0.20815261 0.24077694
0.17649242 -0.21211332 0.24071468
0.20014510 -0.20764723 0.24651678
0.20052166 -0.20785920 0.24083728
0.20236047 -0.20888589 0.23800646
0.19933461 -0.21309443 0.19765532
0.20213729 -0.20888230 0.23347554
0.20080002 -0.20875309 0.23357342
0.19147502 -0.22586231 0.22830239
0.17302720 -0.20339777 0.24358545
0.17537422 -0.20108700 0.24259393
0.17564550 -0.20629092 0.23914114
0.15766960 -0.20857605 0.25124136
0.18705693 -0.21124530 0.22182934
0.16509615 -0.22456945 0.25648469
0.16159625 -0.22680478 0.25939390
0.15940499 -0.22799121 0.26119226
0.16838835 -0.22462946 0.25446826
0.20141542 -0.21801427 0.21480522
0.19847125 -0.21878718 0.21558946
0.19727381 -0.21950266 0.21790722
0.17014930 -0.22538321 0.25463009
0.17341220 -0.22372252 0.24973276
0.17203282 -0.22426865 0.25218567
0.17373642 -0.22487050 0.25178161
0.18998943 -0.21376374 0.21792918
0.16747126 -0.23300114 0.25755608
0.19584391 -0.22062382 0.25470525
0.19427434 -0.22042087 0.25819474
0.19110227 -0.21538401 0.23950490
0.19411510 -0.21741326 0.24158871
0.18295401 -0.21183555 0.23023628
0.16219203 -0.21535468 0.25169206
0.16493705 -0.21346794 0.24844564
0.19925055 -0.21806109 0.25168350
0.18178160 -0.23041885 0.24149272
0.17825174 -0.23112634 0.24757564
0.17807308 -0.22780056 0.25152722
0.19764338 -0.21817958 0.24770747
0.20074613 -0.21588902 0.24801713
0.18865727 -0.20824926 0.22062701
0.19166802 -0.20660743 0.21806432
0.20177430 -0.21141553 0.23828773
0.20163202 -0.21326725 0.24383621
0.16976164 -0.23330037 0.25682196
0.17684828 -0.23043518 0.25382528
0.16038045 -0.21306317 0.25438991
0.16194022 -0.20697498 0.24958262
0.16000187 -0.21168917 0.25369546
0.19910201 -0.21590109 0.24121916
0.19911630 -0.21562850 0.23764475
0.18786527 -0.21534665 0.22261982
0.18595578 -0.21265544 0.22455467
0.09417509 -0.24611570 0.20745170
0.10577446 -0.24546921 0.20874479
0.10846280 -0.24358648 0.20905758
0.21473302 -0.18813306 0.15010358
0.21725465 -0.18637349 0.15004055
0.21397002 -0.17889869 0.15424185
0.22077541 -0.18076575 0.15387422
0.21942627 -0.18181589 0.15300955
0.21515320 -0.18516730 0.14990824
0.21688025 -0.18079752 0.15210848
0.21385005 -0.18234186 0.15133396
0.21449526 -0.17731574 0.15317895
0.21160260 -0.18710943 0.14856775
0.20421565 -0.19983925 0.29036164
0.20395926 -0.20122932 0.29097721
0.20796265 -0.19549511 0.31293187
0.20737410 -0.19803725 0.31450799
0.20735039 -0.19182444 0.33044052
0.20724480 -0.19901952 0.31123075
0.20909338 -0.19496758 0.30991781
0.20698762 -0.19850084 0.30510837
0.20836630 -0.19667177 0.30521864
0.20768641 -0.19833331 0.30136454
0.21022895 -0.20409787 0.19347037
0.19714595 -0.20715176 0.20286866
0.19786200 -0.21109624 0.19734788
0.20515919 -0.20670302 0.19334389
0.20527667 -0.21728702 0.15017574
0.22995335 -0.17923070 0.22442456
0.20683731 -0.21606652 0.13957557
0.21608652 -0.19450349 0.20539212
0.21176933 -0.20046866 0.19435453
0.21802682 -0.19535621 0.20662126
0.18725011 -0.21612243 0.17614052
0.20194495 -0.21088009 0.16439222
0.20502555 -0.21260436 0.14676008
0.20244437 -0.21358417 0.15109812
0.20624250 -0.21005140 0.15268588
0.20240565 -0.21159206 0.15827465
0.20466638 -0.21100199 0.15319993
0.20396726 -0.21069442 0.15751752
0.20416166 -0.20856291 0.17231563
0.20431288 -0.20666824 0.18045399
0.19607773 -0.21404806 0.16559117
0.20167287 -0.21610306 0.15537934
0.20237677 -0.21677524 0.15481460
0.20693403 -0.20821697 0.17253600
0.20410697 -0.20923257 0.16611147
0.20132561 -0.21177682 0.17334490
0.20796287 -0.20688051 0.18067281
0.21512172 -0.19852012 0.20002198
0.21038401 -0.20540801 0.19233720
0.20864575 -0.20631681 0.19010428
0.21030587 -0.20267640 0.19047830
0.20096740 -0.20920402 0.18385892
0.20395942 -0.20518094 0.19177938
0.20020323 -0.20867491 0.19088183
0.20390868 -0.20475897 0.18871254
0.20356436 -0.20676890 0.19412790
0.19775338 -0.21237712 0.19317323
0.19893624 -0.21122041 0.18904822
0.22292386 -0.18814763 0.21758547
0.22207491 -0.18852894 0.21418703
0.20991312 -0.20845328 0.13727853
0.21228598 -0.19538227 0.20133863
0.21502669 -0.19446389 0.20487726
0.21024938 -0.19567421 0.19961247
0.20798662 -0.20269261 0.18991616
0.20535697 -0.21305422 0.14380006
0.20395324 -0.21447125 0.14335613
0.20258254 -0.21280587 0.17694148
0.20466571 -0.21275342 0.17628261
0.20337930 -0.21230154 0.18148312
0.19045964 -0.21117182 0.21492890
0.19375943 -0.21207432 0.20552473
0.19534110 -0.21192098 0.20166720
0.20329751 -0.21285331 0.17230006
0.20285615 -0.21281551 0.17285773
0.20451003 -0.21324345 0.16589712
0.20145364 -0.21249026 0.18838583
0.20070732 -0.21255347 0.18803559
0.20245807 -0.21237250 0.19237661
0.23020960 -0.18320771 0.22495188
0.22318061 -0.18901151 0.22014992
0.11429735 -0.24269567 0.21266373
0.12221753 -0.24340650 0.21084186
0.12699759 -0.23997164 0.20533851
0.11700333 -0.24072044 0.20871517
0.13234498 -0.23551741 0.20615178
0.13724056 -0.23560971 0.20423584
0.13875979 -0.23480414 0.20430742
0.14567201 -0.22909160 0.20421948
0.09805802 -0.24494877 0.20927089
0.12381790 -0.23796517 0.20764519
0.12072232 -0.23975974 0.20774999
0.10810992 -0.24606001 0.21095547
0.11068067 -0.24263045 0.21008569
0.12628724 -0.24326755 0.20828713
0.11793894 -0.24305454 0.20805258
0.11512460 -0.24401101 0.20976025
0.10512654 -0.24699427 0.20986080
0.14450991 -0.22853325 0.20621063
0.13278070 -0.24088919 0.20716669
0.13515054 -0.23831108 0.20480742
0.13965280 -0.24073707 0.20524989
0.13117719 -0.24301597 0.20871313
0.14990474 -0.23224035 0.20548205
0.15146813 -0.23251279 0.20473696
0.15515429 -0.22786516 0.20166601
0.14889453 -0.22843981 0.20520759
0.15418619 -0.22652504 0.20077582
0.15157317 -0.23420140 0.20451264
0.16211057 -0.22231746 0.19458930
0.18249579 -0.21781331 0.17837773
0.16635473 -0.23054016 0.19592747
0.16630706 -0.23081313 0.19587688
0.15412894 -0.22752504 0.19825366
0.14177124 -0.23320982 0.20870937
0.14252900 -0.22958392 0.20811100
0.13008532 -0.23442622 0.21075420
0.11760563 -0.23869167 0.21106490
0.12009203 -0.23827201 0.20983554
0.18518725 -0.22281167 0.17988274
0.18249029 -0.22125226 0.17992879
0.14897984 -0.23862810 0.20289436
0.14584467 -0.24065125 0.20416255
0.17586957 -0.21998025 0.18410867
0.14951411 -0.23337653 0.20117676
0.15307632 -0.23479083 0.20117171
0.17976186 -0.22022736 0.18147869
0.13571610 -0.23270258 0.21072660
0.13348626 -0.23514973 0.21101762
0.13117748 -0.23950399 0.21050790
0.14304239 -0.23981407 0.20838940
0.13476712 -0.24257424 0.20886728
0.13174118 -0.24275166 0.20963977
0.14668377 -0.23892912 0.20695917
0.14338547 -0.24190229 0.20557952
0.17214923 -0.22652726 0.19081752
0.17307670 -0.21798928 0.18741176
0.17992227 -0.21794569 0.18171239
0.14557463 -0.23396073 0.20189796
0.14589413 -0.23296347 0.20172200
0.17963006 -0.22270249 0.18402934
0.15612732 -0.22851315 0.19820769
0.17079528 -0.23017697 0.19335969
0.16125485 -0.22947848 0.19714503
0.15811980 -0.23040959 0.19850400
0.15446977 -0.23386690 0.20058636
0.16144972 -0.22451839 0.19306935
0.17291814 -0.22814205 0.19200523
0.17403325 -0.22480236 0.19087616
0.12712799 -0.24050504 0.21179445
0.12720308 -0.24167325 0.21116515
0.11758992 -0.23848248 0.21250573
0.13021301 -0.23438074 0.21263184
0.14261673 -0.22844283 0.20811325
0.16364999 -0.22458678 0.19211401
0.19334355 -0.21941048 0.17463002
0.18764248 -0.21735530 0.17227423
0.20743197 -0.20950238 0.16587915
0.20717497 -0.20921345 0.16473906
0.19420087 -0.21626644 0.16670422
0.19512829 -0.21891807 0.17138089
0.18509191 -0.21772783 0.18062152
0.20111723 -0.21622632 0.16632059
0.20450348 -0.21148209 0.20178787
0.20632020 -0.20952651 0.19163790
0.18159653 -0.21783946 0.18461995
0.18097273 -0.21832940 0.18529378
0.20462118 -0.21168993 0.19425194
0.19875738 -0.21854688 0.16819414
0.19404966 -0.21807110 0.16837737
0.20705524 -0.21193837 0.17684832
0.19050238 -0.21790919 0.17652670
0.15727219 -0.23253088 0.20284018
0.20992547 -0.21209183 0.15747608
0.20801100 -0.20959477 0.17998122
0.16831355 -0.22433001 0.19510424
0.17306395 -0.22020403 0.19132066
0.19755371 -0.21472660 0.16896924
0.19266744 -0.21493483 0.17326191
0.15354916 -0.23843063 0.20231251
0.16138116 -0.22376801 0.19708633
0.16295624 -0.22565104 0.19769657
0.17387643 -0.21814811 0.18866570
0.17995137 -0.21816048 0.18592630
0.20927007 -0.21043774 0.17141095
0.20736754 -0.21378040 0.16476159
0.21092370 -0.21144313 0.15437312
0.20157638 -0.21487902 0.16249058
0.20649567 -0.21122062 0.18578097
0.20832463 -0.20901753 0.17139167
0.20651621 -0.20853607 0.16938372
0.17075141 -0.22383820 0.19417144
0.20149253 -0.21618748 0.16458918
0.20814599 -0.21527159 0.15195861
0.20739029 -0.21490592 0.15736067
0.20416015 -0.21736130 0.15647815
0.15942861 -0.22975099 0.20081118
0.15823044 -0.22961743 0.20107700
0.16374610 -0.23018347 0.19876918
0.19622371 -0.21328470 0.25233549
0.20232035 -0.20684035 0.20783283
0.19976455 -0.20615202 0.20466642
0.20310123 -0.20878814 0.21163048
0.19368875 -0.21181042 0.22469878
0.19338085 -0.20828548 0.21702285
0.19534528 -0.20584793 0.20946744
0.19271031 -0.20859981 0.21789792
0.18687025 -0.20756170 0.22428866
0.19182605 -0.21167581 0.22321339
0.19755305 -0.20554648 0.20463519
0.19917917 -0.21482264 0.27010220
0.19796284 -0.21791580 0.27437708
0.19842501 -0.21746321 0.27541646
0.20186730 -0.21443594 0.26802403
0.19161734 -0.21083549 0.23506777
0.20152462 -0.20878601 0.22033155
0.19368285 -0.20930684 0.23214579
0.19296212 -0.20654410 0.25531095
0.18924098 -0.21485576 0.22668849
0.20356789 -0.20296410 0.28722048
0.19453984 -0.20582499 0.25887623
0.20228660 -0.21116960 0.27528080
0.20130636 -0.20697673 0.27514380
0.20077136 -0.20959742 0.27015594
0.20350961 -0.20600589 0.28468275
0.20146485 -0.20541401 0.27742258
0.19431911 -0.20830162 0.25519019
0.20302156 -0.21128124 0.28084669
0.19768950 -0.21056296 0.26235667
0.19641416 -0.21473938 0.25549451
0.19890369 -0.21409382 0.26807401
0.19629048 -0.21290326 0.25957558
0.19570501 -0.21631990 0.25418901
0.19601169 -0.21607684 0.26641029
0.19316490 -0.21752356 0.25126722
0.19251204 -0.20961213 0.24885315
0.18843444 -0.21522877 0.22652388
0.19110206 -0.21006693 0.24016868
0.19037527 -0.20953827 0.24574393
0.20087677 -0.21791044 0.27103478
0.20408274 -0.21220399 0.28122720
0.20264655 -0.20581003 0.27858210
0.20583563 -0.20733801 0.28535393
0.20429400 -0.20124391 0.28772748
0.20338224 -0.20255420 0.28395608
0.19851185 -0.21655156 0.27407312
0.20844179 -0.19989088 0.31061482
0.20228153 -0.20748647 0.27530685
0.20372030 -0.20921136 0.27696660
0.18281883 -0.21294683 0.23142059
0.18557765 -0.21176623 0.22707793
0.20623611 -0.20516212 0.29102612
0.20557775 -0.20885117 0.28516823
0.20015432 -0.20795368 0.21270764
0.19586435 -0.21890572 0.26786125
0.19541632 -0.21937793 0.26297444
0.20737882 -0.20319250 0.29916424
0.20410751 -0.21111430 0.21477048
0.20823875 -0.20264013 0.30376080
0.19595616 -0.21412843 0.25071546
0.18738715 -0.21910036 0.22976431
0.19155584 -0.21253838 0.23464067
0.20290671 -0.21375147 0.27295375
0.19791211 -0.20683309 0.20889427
0.19921339 -0.20799786 0.21146016
0.19208415 -0.20681365 0.21685755
0.20543243 -0.20729586 0.19435620
0.19798753 -0.20749101 0.26395556
0.21395722 -0.20026571 0.19844002
0.23697224 -0.15648395 0.23689106
0.25577822 -0.14606184 0.24231221
0.22032711 -0.18148857 0.22282705
0.22487710 -0.18279375 0.21994919
0.27226937 -0.12628354 0.24549982
0.27176714 -0.12284880 0.24703093
0.24059106 -0.16470101 0.23595132
0.24076165 -0.16387409 0.23616283
0.27002248 -0.13062647 0.24383424
0.24526241 -0.15588900 0.23934925
0.25162193 -0.15640329 0.24196266
0.21670862 -0.19158702 0.21008153
0.21947230 -0.18963972 0.21463038
0.26583308 -0.13454579 0.23793308
0.26757377 -0.11943249 0.24426077
0.26991957 -0.12280473 0.24657193
0.26554614 -0.12433028 0.24458641
0.25914222 -0.12097049 0.24119210
0.25419945 -0.13462599 0.24647757
0.24540035 -0.16214027 0.23960157
0.24174275 -0.16346923 0.23669507
0.22968863 -0.17889044 0.22434868
0.23049778 -0.16972773 0.22740662
0.24360500 -0.15094732 0.24245377
0.24084172 -0.15659712 0.23893876
0.26842371 -0.13192268 0.24030653
0.21525459 -0.19145188 0.20801754
0.23382086 -0.16953783 0.23007579
0.25894636 -0.12610932 0.24537864
0.26065555 -0.12835667 0.24505825
0.24764352 -0.14817666 0.24315779
0.24729078 -0.14947110 0.24246429
0.23254624 -0.17459926 0.22815296
0.23465668 -0.16424479 0.23067878
0.22990590 -0.16545705 0.22988538
0.21543516 -0.19493864 0.20524757
0.25767222 -0.12481818 0.24367979
0.26271588 -0.13982637 0.24101117
0.27322638 -0.12635890 0.24320714
0.23552264 -0.17023775 0.23224667
0.23645771 -0.16821149 0.23356681
0.22405246 -0.18134351 0.22101842
0.22412406 -0.18025029 0.22268146
0.23029026 -0.17227769 0.22923291
0.22810586 -0.18475890 0.22374322
0.23116578 -0.18266959 0.22578925
0.25333443 -0.14016461 0.24484913
0.24920122 -0.16104764 0.23951957
0.27565205 -0.12081008 0.24577373
0.25460300 -0.15251049 0.24154988
0.25196204 -0.13342500 0.24460195
0.25660443 -0.12798849 0.24534267
0.25540844 -0.13818540 0.24467313
0.22464184 -0.18508786 0.21787794
0.24656922 -0.16291779 0.23725671
0.25565866 -0.12444582 0.24170700
0.25187948 -0.13013014 0.24258652
0.23756617 -0.17107514 0.23303275
0.23319115 -0.17808782 0.22815911
0.22411707 -0.17629056 0.22801590
0.22775938 -0.17018548 0.23075072
0.23168810 -0.16584070 0.23289579
0.23424825 -0.16139129 0.23577128
0.24937552 -0.16079128 0.23655839
0.25159577 -0.15789236 0.23669539
0.21570247 -0.19233191 0.20851241
0.25119042 -0.15140584 0.24077888
0.24618644 -0.15434162 0.23975220
0.24078789 -0.15817049 0.23799103
0.23642564 -0.16499689 0.23215248
0.22739458 -0.17810014 0.22473139
0.23237285 -0.16251385 0.23022896
0.23020107 -0.16363296 0.23193295
0.26278099 -0.13286069 0.24408671
0.24040264 -0.15047574 0.23956387
0.21380785 -0.19150141 0.20842496
0.21949315 -0.18458238 0.21903996
0.21953833 -0.17887038 0.22713190
0.22219013 -0.18225476 0.21976727
0.23676136 -0.15643430 0.23708203
0.25831559 -0.14626697 0.24169543
0.21943568 -0.19119401 0.21432674
0.22654578 -0.16966885 0.22997826
0.22342938 -0.17478338 0.22835554
0.28408593 -0.10678503 0.23675875
0.28110558 -0.10999888 0.23626974
0.24039598 -0.15461192 0.23442520
0.27695838 -0.10280477 0.23552988
0.27880564 -0.10550557 0.23410714
0.27336991 -0.10711114 0.23565273
0.26684603 -0.11252714 0.24024478
0.24711770 -0.16025077 0.23583756
0.27019426 -0.10903783 0.23685242
0.25357470 -0.14347211 0.23625407
0.25107786 -0.14615394 0.23551400
0.27307376 -0.11653867 0.23709738
0.27668393 -0.11968900 0.24329343
0.28819734 -0.10182214 0.24038722
0.28984198 -0.09966006 0.24258016
0.30323207 -0.07487717 0.23075828
0.25202942 -0.13992511 0.23952748
0.29873607 -0.08160977 0.23545852
0.25569260 -0.13321461 0.23952703
0.25283676 -0.13175122 0.24118747
0.24602766 -0.14497264 0.24160996
0.26943669 -0.12372200 0.23828268
0.24902044 -0.14394920 0.24091469
0.25095123 -0.14383537 0.23748028
0.24740195 -0.14156327 0.24254453
0.24842277 -0.14811839 0.23600142
0.24566855 -0.15014982 0.23915175
0.23805512 -0.17163827 0.23106027
0.24020973 -0.16839153 0.23378590
0.29060641 -0.08343720 0.23587033
0.28722835 -0.08263978 0.23554572
0.28064972 -0.10847382 0.24515212
0.25851741 -0.14790030 0.23636919
0.26654589 -0.11583911 0.23817579
0.28059778 -0.10840991 0.24131829
0.23992442 -0.15778676 0.23572512
0.24867193 -0.14159064 0.24567021
0.24662338 -0.13972950 0.24564381
0.28382045 -0.09578976 0.23660576
0.31162125 -0.07077230 0.23064533
0.28572986 -0.10350385 0.23678036
0.27972093 -0.10623477 0.23368223
0.24944760 -0.15151487 0.23539987
0.29540503 -0.09102746 0.23824690
0.28829467 -0.08989216 0.23561230
0.28805965 -0.08562182 0.23536459
0.28797427 -0.08299011 0.23520018
0.27840084 -0.10261640 0.23510119
0.28360069 -0.09832030 0.23581780
0.29628751 -0.08278403 0.23341335
0.29801890 -0.08126748 0.23373236
0.24322802 -0.15844560 0.23735848
0.25559399 -0.12544531 0.24106964
0.25563779 -0.12473080 0.24109393
0.25961235 -0.12266899 0.24015921
0.29406545 -0.09465834 0.24123810
0.29289621 -0.09631553 0.24066955
0.24221237 -0.16184765 0.23632073
0.27410460 -0.10830690 0.23516576
0.26651242 -0.11799531 0.23827505
0.26677316 -0.12039825 0.23759739
0.26076201 -0.14093678 0.23618416
0.29111233 -0.09533285 0.23709910
0.24525873 -0.15282634 0.23505273
0.24341692 -0.15733081 0.23664409
0.24319306 -0.14919639 0.23634875
0.24004363 -0.16671127 0.23478419
0.23692067 -0.17042087 0.23174222
0.27840015 -0.11182536 0.23591879
0.27712184 -0.11214734 0.23583196
0.26363823 -0.12427502 0.23835512
0.27768466 -0.11700892 0.24158382
0.28928953 -0.09101793 0.23610371
0.28776130 -0.09110354 0.23596931
0.29389867 -0.09033752 0.23667870
0.26626146 -0.12992120 0.23684274
0.25993353 -0.13509841 0.23771676
0.26408163 -0.13472934 0.23695093
0.26595765 -0.12802647 0.23670539
0.28000858 -0.11142664 0.23968457
0.27808326 -0.11769435 0.23931749
0.29951966 -0.08813634 0.23860979
0.29698837 -0.09234768 0.24302232
0.25331777 -0.15216902 0.23557504
0.28441522 -0.10583378 0.23916651
0.24765015 -0.13459368 0.24313058
0.24966249 -0.13293131 0.24274385
0.26173028 -0.14225228 0.23906615
0.25866064 -0.14627756 0.23956932
0.24233654 -0.14185341 0.24435328
0.24074137 -0.14950034 0.23971172
0.27913854 -0.11466003 0.23851240
0.28525335 -0.10466273 0.23974383
0.25645739 -0.15484615 0.23931736
0.03643613 -0.22727087 0.28383973
0.02399240 -0.22658645 0.28044611
0.02540015 -0.21882550 0.27906293
0.03362326 -0.22547212 0.28063732
0.02966670 -0.22128510 0.28007895
0.02187275 -0.22329113 0.28428191
0.02561313 -0.21966927 0.28034014
0.02589831 -0.22361493 0.28297827
0.02653768 -0.21838410 0.27982333
0.01627751 -0.21564537 0.27917498
0.01818773 -0.21554038 0.28166467
0.01664018 -0.21986213 0.28157291
0.02106738 -0.22079735 0.28102636
-0.01254540 -0.21638350 0.27763775
0.02442948 -0.22435798 0.27924168
-0.00118595 -0.21849927 0.27714851
-0.00094249 -0.21574940 0.27643982
0.00521649 -0.21739723 0.27760208
0.01955305 -0.22844538 0.28054747
0.02903245 -0.22254223 0.27957878
0.04574708 -0.22942717 0.28575492
0.03240581 -0.22559488 0.27976403
0.03634763 -0.22691073 0.28919411
0.03591122 -0.22648424 0.28689948
0.02809468 -0.22750446 0.28206378
0.04209259 -0.22824068 0.27854604
0.04190638 -0.22821613 0.28774762
0.04362243 -0.22871487 0.28757346
0.02046620 -0.22801316 0.28536338
0.02899170 -0.22614473 0.28557718
0.04567287 -0.23091932 0.28021824
-0.01245419 -0.21584398 0.27569109
-0.00561210 -0.21335208 0.27773845
0.03608295 -0.22889614 0.28131354
0.03156419 -0.22199453 0.27933708
0.01857597 -0.22222401 0.27851316
0.01070936 -0.21957685 0.27947631
0.03077555 -0.22602549 0.28028613
-0.00226208 -0.21380386 0.27871314
0.13266960 -0.22553113 0.27756286
0.07660472 -0.24371362 0.28232169
0.07561565 -0.24382342 0.28676489
-0.01233117 -0.21723497 0.27797037
0.00221834 -0.21606182 0.27706656
0.08535028 -0.22009344 0.28996190
0.08334526 -0.22083652 0.28964940
0.06987224 -0.24324754 0.28281233
0.08004660 -0.24123420 0.28095520
0.10778638 -0.21862113 0.28681213
0.13829520 -0.24106166 0.28229728
0.13713576 -0.24059290 0.28149515
0.00592888 -0.21460339 0.28069267
0.11870435 -0.23673193 0.28127873
0.08718694 -0.22314031 0.29580891
0.09507739 -0.22614771 0.29076615
0.08767162 -0.22128247 0.29570600
0.13892525 -0.22809905 0.27465254
0.13890463 -0.22810440 0.27465862
0.12344761 -0.23726873 0.28076246
0.00723480 -0.22034356 0.28295109
0.00711053 -0.22009657 0.28192675
0.07493319 -0.23721285 0.28789988
0.01194169 -0.21726452 0.28159556
0.00874046 -0.21576431 0.28186026
0.00977527 -0.22558925 0.28751448
0.10209017 -0.22846523 0.28728864
0.09808623 -0.22905065 0.28852198
0.04002645 -0.22489551 0.29217413
0.03469272 -0.22626403 0.28265265
0.03746707 -0.22724180 0.28574449
0.04871100 -0.22712459 0.28821808
0.04688178 -0.22814800 0.28574958
0.04007803 -0.22633263 0.28925443
0.14602849 -0.24078868 0.26947454
0.04893174 -0.22555891 0.29055625
0.04495220 -0.22287449 0.29304153
0.13698974 -0.24180166 0.27689904
0.08160126 -0.22389269 0.29791310
0.05254792 -0.22470106 0.29170424
0.05826489 -0.22676191 0.29160163
0.04940504 -0.22818594 0.28705704
0.04902612 -0.22889325 0.28581738
0.06284938 -0.23195261 0.28819236
0.06040999 -0.23000996 0.28915620
0.05185441 -0.22809394 0.28837839
0.06763925 -0.23336080 0.28841469
0.10559358 -0.21848010 0.28691489
0.10600823 -0.21791708 0.28663239
0.01072137 -0.22772241 0.28762698
0.13229626 -0.21279246 0.28409329
0.12877530 -0.21526438 0.28350112
0.09820990 -0.23354265 0.28657672
0.09547746 -0.23025425 0.28865880
0.07436200 -0.23114610 0.29140735
0.13281211 -0.22144434 0.27874807
0.13513412 -0.21808465 0.27988917
0.13197589 -0.21877193 0.28475219
0.10474120 -0.22495766 0.28786105
-0.00421634 -0.21961759 0.27761889
-0.00031726 -0.22291531 0.28150222
0.11944824 -0.22214290 0.28649753
0.10258751 -0.21792890 0.28463519
0.10101635 -0.21798545 0.28513715
0.10370741 -0.21694733 0.28546828
0.07836736 -0.24184002 0.28745687
0.07371280 -0.23729287 0.28802392
0.11962915 -0.21699797 0.28767455
0.03314026 -0.22582990 0.28477049
0.09054700 -0.23891652 0.28408021
-0.00016691 -0.22164172 0.27876544
0.00823496 -0.22543108 0.28182548
0.13102254 -0.22832543 0.27765271
0.12718669 -0.21696870 0.28630665
0.10324634 -0.22109041 0.28811958
0.09737114 -0.22260727 0.28919053
0.09942277 -0.22231449 0.28885186
0.01257225 -0.22720465 0.28421170
0.10690381 -0.21744005 0.28497398
0.10022186 -0.22232446 0.28180543
0.11168266 -0.21893167 0.28276259
0.13609815 -0.24353184 0.28048694
0.04430928 -0.22379792 0.29496843
0.12114334 -0.22627126 0.28168190
0.12560295 -0.22406325 0.28119642
0.06097395 -0.23744990 0.28309697
0.13462153 -0.24337427 0.27964565
0.12342142 -0.22289968 0.28388965
0.12911151 -0.22335725 0.28054452
0.12413068 -0.22115393 0.28742194
0.09701293 -0.23852040 0.28113821
0.12850183 -0.23891912 0.28083909
0.13410015 -0.23847730 0.28055397
0.12971154 -0.23805846 0.28070867
0.08976017 -0.22705068 0.29347241
0.08214807 -0.22757113 0.29726648
0.07669736 -0.22939023 0.29437119
0.12941080 -0.24262136 0.28107163
0.12816082 -0.24121241 0.28100836
0.07863724 -0.23129842 0.29207641
0.01013867 -0.22178537 0.27825034
0.13914336 -0.21646279 0.27714312
0.13632302 -0.22136781 0.27652800
0.13987473 -0.22084913 0.27453589
0.01445398 -0.22649030 0.28157258
0.12382524 -0.23080555 0.27946889
0.11275521 -0.21711458 0.28712392
0.01099356 -0.22309132 0.28618234
0.01835991 -0.22457312 0.28781697
0.01210079 -0.22374216 0.28793696
0.13342853 -0.24265260 0.27642319
0.12591654 -0.23983806 0.27465847
0.11834490 -0.24460514 0.27949539
0.12123101 -0.24337606 0.27895051
0.12493331 -0.24460068 0.28064603
0.09364732 -0.21799287 0.28946611
0.09335707 -0.21837670 0.28985479
0.09141126 -0.21915068 0.29186165
0.12731290 -0.23859052 0.27303541
0.01969315 -0.22758856 0.28742933
0.07505640 -0.23303887 0.28921390
0.04455244 -0.22579339 0.29360005
0.04529204 -0.22869095 0.28907967
0.04648004 -0.22822918 0.29013973
0.03341903 -0.22688656 0.29052061
0.13603178 -0.23365952 0.27928588
0.12716486 -0.23506907 0.28003141
0.04232672 -0.22420657 0.29493225
0.06040330 -0.23139790 0.28864497
0.05737518 -0.23311527 0.28677872
0.06307628 -0.23045067 0.29012993
0.05584203 -0.22948469 0.28986302
0.06925043 -0.22719815 0.29613939
0.05074191 -0.22335657 0.29364023
0.05595450 -0.23559135 0.28341803
0.05295081 -0.23393704 0.28386548
0.06897432 -0.23564255 0.28785837
0.05534950 -0.22662799 0.29446790
0.05671766 -0.22266877 0.29451749
0.02056039 -0.22675353 0.28935450
0.06062500 -0.22888996 0.29309168
0.06107718 -0.22928144 0.29222545
0.12603487 -0.22662945 0.27957806
0.12804927 -0.23327671 0.27888155
0.12038051 -0.23505850 0.28139111
0.11787503 -0.23483999 0.28176549
0.10039973 -0.23465702 0.28493637
0.09954354 -0.23648500 0.28289866
0.09704253 -0.22673143 0.28971919
0.13480642 -0.21645349 0.28291610
0.13446817 -0.21562658 0.28299898
0.00460557 -0.21933623 0.28133595
-0.00406732 -0.21585910 0.28024384
0.11566494 -0.22409528 0.28562629
-0.00650879 -0.21818314 0.28039396
0.00046425 -0.21982291 0.28296837
0.14791983 -0.23832117 0.26758057
0.04192825 -0.22411095 0.29270577
0.14740546 -0.23259643 0.27247179
0.14305021 -0.23414116 0.27766836
0.14772460 -0.23067628 0.27217647
0.14638707 -0.23821501 0.27395770
0.14514981 -0.23870760 0.27553043
0.14476159 -0.23142397 0.27523717
0.14892745 -0.22746862 0.26936939
0.14515519 -0.23083226 0.27449456
0.09205301 -0.22825143 0.29047051
0.09008791 -0.22940302 0.29049599
0.14717349 -0.23931849 0.27192923
0.15001772 -0.22367992 0.26815915
0.15191145 -0.22549224 0.26662999
0.03446217 -0.22451070 0.29002959
0.03392811 -0.22355023 0.29160160
0.01305817 -0.22873825 0.28929475
0.10459850 -0.23719719 0.28204456
0.10951819 -0.23418015 0.28335193
0.10956923 -0.23288766 0.28348926
0.11558148 -0.22206777 0.28655028
0.07801711 -0.23489352 0.28868356
0.07582819 -0.23003523 0.29329851
0.07129061 -0.22806177 0.29513550
0.07989986 -0.22670472 0.29833409
0.07560237 -0.22375062 0.29062921
0.07649723 -0.22285099 0.29596919
0.08352921 -0.22097839 0.29569399
0.01560998 -0.22624843 0.27977192
0.07216457 -0.22656868 0.29205236
0.07105918 -0.22989991 0.29106191
0.14408690 -0.23890223 0.26677176
0.11238738 -0.24095693 0.27516723
0.11515959 -0.23974602 0.27484030
0.07588333 -0.24117923 0.27976859
0.07677498 -0.24373837 0.28310010
0.09432260 -0.23774903 0.27901283
0.09696446 -0.23757318 0.27777785
0.14162657 -0.23763625 0.28015909
0.10971669 -0.22205880 0.28706276
0.08932822 -0.23913577 0.28056821
0.09260211 -0.23782009 0.27904031
0.14020433 -0.22113769 0.27424437
0.13948426 -0.22579148 0.27404884
0.00719135 -0.22248580 0.28554380
-0.00734662 -0.22083433 0.28196993
0.13837150 -0.23928307 0.26978871
0.13818893 -0.23839712 0.26915297
0.06037885 -0.22416924 0.29410756
0.06207515 -0.22803716 0.29333058
0.07806045 -0.22294088 0.29612780
0.11296774 -0.24313185 0.27764294
0.10372265 -0.24018633 0.27923328
0.10363211 -0.23905699 0.27735293
0.10548251 -0.23774157 0.27471799
0.10708208 -0.23919389 0.28028038
0.07172658 -0.23792210 0.28130701
0.07059637 -0.23698391 0.28746200
0.06866364 -0.23926052 0.28744379
0.08226842 -0.23801759 0.27827558
0.07927475 -0.23678117 0.27938583
-0.00167622 -0.22259621 0.28227264
0.11432432 -0.21760830 0.28309163
0.06331146 -0.23846518 0.28447917
-0.01230889 -0.21865678 0.27725479
0.14255315 -0.24221596 0.27595779
0.13737331 -0.21112803 0.27704573
0.13780999 -0.21110536 0.27652127
0.14611208 -0.20914251 0.26163909
0.14848381 -0.21014629 0.25891259
0.15200299 -0.20919490 0.25441530
0.15109849 -0.20968151 0.25488049
0.08226296 -0.22882414 0.28201076
0.13538438 -0.23525791 0.26923013
0.07522332 -0.23172083 0.28349328
0.06159060 -0.23572752 0.28330079
0.08889179 -0.22656363 0.28064403
0.08597399 -0.22272123 0.28350124
0.14274539 -0.21310835 0.27039954
0.14829941 -0.20874552 0.26077709
0.14401500 -0.21171689 0.27119467
0.14553727 -0.21043466 0.26920268
0.08680997 -0.22934708 0.27955857
0.09575665 -0.22763148 0.27875042
0.14712487 -0.22920021 0.26224127
0.14695345 -0.22724363 0.26372319
0.12584707 -0.22904272 0.27474728
0.12045744 -0.22914718 0.27678993
0.13045919 -0.23350017 0.27278683
0.04731117 -0.23165500 0.28083673
0.11809982 -0.23815697 0.27463830
0.10460361 -0.22736825 0.28038368
0.05826456 -0.23609000 0.28063840
0.05665293 -0.23375079 0.28246322
0.14756800 -0.23705897 0.26391301
0.10145325 -0.22900939 0.27686742
0.07637241 -0.22921474 0.28545344
0.09586995 -0.23218100 0.27676877
0.09967292 -0.23638356 0.27520090
0.12749550 -0.22273973 0.27702233
0.12620053 -0.22676145 0.27567500
0.12733874 -0.22542904 0.27583209
0.05219993 -0.23279423 0.27898318
0.07887156 -0.22662373 0.28578454
0.05017447 -0.23085420 0.28262025
0.04756425 -0.23006585 0.28226206
0.06026293 -0.23353206 0.28552279
0.13051751 -0.21771857 0.27775767
0.12994446 -0.21659423 0.27883726
0.13888049 -0.21311885 0.27771497
0.07690372 -0.22733140 0.28606573
0.13223033 -0.21392936 0.27886564
0.13217027 -0.21215694 0.28133905
0.09375700 -0.23067103 0.27768850
0.09297999 -0.23166107 0.27749428
0.12673543 -0.21924505 0.27986547
0.14699295 -0.20992526 0.26441348
0.13966684 -0.23035778 0.26575130
0.14091273 -0.22854537 0.26594582
0.15407304 -0.21533071 0.25534728
0.15160353 -0.21603222 0.26016372
0.08207363 -0.23594402 0.27871555
0.08047661 -0.23546754 0.27935594
0.14194728 -0.21442690 0.27431771
0.14098306 -0.21587455 0.27605245
0.14281881 -0.23225538 0.26398718
0.14651519 -0.23462416 0.26299083
0.09228661 -0.22157888 0.28325182
0.09022978 -0.21886456 0.28808498
0.08485550 -0.22053471 0.28898373
0.04964931 -0.23322780 0.28215212
0.14400882 -0.21109349 0.26946825
0.14093213 -0.20908111 0.27327687
0.10390706 -0.23154970 0.27529728
0.13552897 -0.22536287 0.27087402
0.13834861 -0.22374739 0.26981038
0.13190837 -0.22210675 0.27477604
0.10862590 -0.22155975 0.28302452
0.13470164 -0.21680424 0.27498373
0.13932951 -0.21589702 0.27226603
0.13982396 -0.21900719 0.27080411
0.14201075 -0.21460328 0.27031836
0.15477426 -0.21621418 0.26205161
0.15396772 -0.21295516 0.26123446
0.15607725 -0.21442878 0.25990224
0.14656572 -0.21144000 0.26412541
0.10543580 -0.22728662 0.28119016
0.14839016 -0.22032368 0.26106861
0.13115139 -0.22967270 0.27162990
0.13419336 -0.22715925 0.27086991
0.13593486 -0.22914691 0.26871896
0.14336951 -0.20946653 0.26883972
0.11318562 -0.22543976 0.28099859
0.12018442 -0.21754806 0.28490108
0.10082874 -0.22813267 0.27936652
0.11490853 -0.23051085 0.27733299
0.11476459 -0.21997191 0.28162602
0.15474606 -0.22629468 0.26073864
0.15606196 -0.22591059 0.25987458
0.11052291 -0.22683051 0.27825797
0.12405350 -0.22262296 0.27864015
0.11683940 -0.22582605 0.27994683
0.08121064 -0.23045860 0.28131926
0.07857295 -0.22918546 0.28374904
0.15410548 -0.22372822 0.26434150
0.14935653 -0.21880624 0.26845771
0.15238106 -0.22503646 0.26641405
0.14840755 -0.21580023 0.26478362
0.11797255 -0.23312655 0.27589861
0.12586612 -0.23413752 0.27401289
0.15557383 -0.21860322 0.25757781
0.15016332 -0.22743355 0.26191825
0.15210272 -0.22045951 0.25951231
0.11222339 -0.23246127 0.27536479
0.10790452 -0.23500636 0.27463406
0.13197145 -0.23325390 0.27187642
0.13184060 -0.23627630 0.27174389
0.14497983 -0.23608179 0.26478687
0.15454826 -0.20844038 0.25679278
0.15576893 -0.21067250 0.25739312
0.14974986 -0.21016340 0.26360992
0.04527648 -0.22901653 0.28111964
0.14531466 -0.21891350 0.26646638
0.14924090 -0.21831170 0.26156288
0.21112552 -0.19731352 0.13892648
0.21287104 -0.19929451 0.14432685
0.20942946 -0.20968489 0.15484765
0.20633614 -0.20873295 0.16386148
0.21065316 -0.20975845 0.15554072
0.21580733 -0.17679742 0.15708055
0.21248335 -0.19673833 0.14575794
0.21235076 -0.19603592 0.14464426
0.21461822 -0.19208483 0.14547114
0.21383913 -0.20571911 0.13858788
0.20711094 -0.18980865 0.14134121
0.20992994 -0.19619960 0.14420968
0.20674510 -0.19013929 0.14094347
0.21266434 -0.21094927 0.13813463
0.21066801 -0.20985647 0.14133567
0.21067807 -0.21533029 0.13765554
0.21636669 -0.17454857 0.15724216
0.21064901 -0.19529392 0.14512545
0.22166976 -0.18709630 0.15345436
0.21949328 -0.18562180 0.15357324
0.22146712 -0.18427423 0.15435427
0.22071470 -0.18489867 0.15425347
0.21801013 -0.16974998 0.15872055
0.21506065 -0.19518074 0.14951953
0.21230523 -0.19567728 0.14710528
0.21332186 -0.20374952 0.14040223
0.21950743 -0.16874421 0.15710568
0.20983253 -0.20242332 0.13890374
0.20972550 -0.20538752 0.13795786
0.20767881 -0.20011738 0.13866757
0.20823546 -0.19664639 0.14203222
0.20937939 -0.21155249 0.14404200
0.21096350 -0.21207996 0.14988597
0.21072893 -0.21384394 0.14595892
