0.09025756 -0.16904657 0.24301764
0.08815762 -0.16320594 0.24314593
0.08971679 -0.16759393 0.24297579
0.08403852 -0.15818776 0.23894979
0.00940811 -0.09922624 0.28234234
0.00454493 -0.09413654 0.28959709
0.00689035 -0.09727980 0.28614691
0.00384611 -0.09019676 0.29760712
-0.00031138 -0.09210207 0.30341023
0.00219726 -0.09816845 0.29289800
0.00022000 -0.09168625 0.30552500
0.00369237 -0.09229682 0.29446682
0.00264092 -0.09393806 0.29477850
0.00785410 -0.10042909 0.28281575
0.00103577 -0.09654394 0.29758537
0.00119728 -0.09658491 0.29705274
0.00173862 -0.09194570 0.29983586
0.00617436 -0.09560340 0.29325786
0.00628827 -0.09347755 0.29078937
0.00618423 -0.09842938 0.28667957
0.00263470 -0.09391527 0.30071372
-0.11792304 -0.04100000 0.22226909
-0.13541894 -0.03094088 0.20705999
-0.11775823 -0.04129076 0.21368174
-0.12464149 -0.03824953 0.20775317
-0.12261547 -0.03572590 0.20941044
-0.14542858 -0.03137845 0.20634156
-0.11978092 -0.04077592 0.21386854
-0.11830302 -0.04165731 0.21471614
-0.11696661 -0.04531699 0.21136120
-0.14094608 -0.03006497 0.20801298
-0.13181151 -0.03107531 0.20824620
-0.12764388 -0.03890176 0.20805153
-0.13085942 -0.03553076 0.21154761
-0.14247479 -0.03107889 0.20737207
-0.13206282 -0.03420893 0.20568787
-0.14380506 -0.03363543 0.20704167
-0.12822339 -0.03827368 0.20751660
-0.12008607 -0.04169940 0.21860968
-0.11298625 -0.04735108 0.21402514
-0.12515692 -0.03652086 0.21131508
-0.12308754 -0.03941736 0.21461694
-0.11033116 -0.04859959 0.21475069
-0.12221463 -0.03752421 0.20863758
-0.11662123 -0.04219446 0.20977910
-0.10971379 -0.04791650 0.21354698
-0.12807679 -0.03309726 0.20951228
-0.13439898 -0.03335484 0.21026108
-0.11449214 -0.04597463 0.21654046
-0.14523382 -0.03088296 0.20648600
-0.13251951 -0.03773881 0.21223167
-0.11583873 -0.04005175 0.21086025
-0.14430836 -0.03324661 0.20412210
-0.13671990 -0.03135908 0.20934227
-0.13937698 -0.03205349 0.20881760
-0.00633342 -0.09031469 0.22713780
-0.01682062 -0.08728638 0.23133852
-0.00161233 -0.09475891 0.22260642
-0.01831402 -0.08368466 0.23381706
-0.02344470 -0.08408209 0.23502491
-0.02304288 -0.08551768 0.23503686
-0.00582422 -0.09266950 0.22586359
-0.01351410 -0.08659626 0.23112671
-0.03131375 -0.07718827 0.23471658
0.00052122 -0.09924184 0.22421247
0.00559333 -0.09815799 0.21923126
0.00267103 -0.10057573 0.22329497
-0.01193330 -0.08706395 0.23105037
-0.01255599 -0.08607589 0.23162127
-0.00896710 -0.08905347 0.22946592
-0.00502211 -0.09066677 0.22576492
-0.00922184 -0.09314886 0.22824986
-0.00784660 -0.09322435 0.22745989
-0.02011877 -0.08663039 0.23425652
-0.02386621 -0.07996231 0.23168407
-0.03015814 -0.07941230 0.23108117
-0.03084968 -0.07974763 0.23110618
-0.01669524 -0.09268036 0.23249467
-0.00682367 -0.08858655 0.22763398
-0.02637177 -0.07983863 0.23474558
0.00403347 -0.09592337 0.21883376
-0.00649939 -0.09651548 0.22642162
-0.01409887 -0.09742477 0.23014945
-0.01461573 -0.09633662 0.23069902
-0.00167160 -0.09377394 0.22328143
-0.02882353 -0.07696160 0.23144110
-0.02720484 -0.07993885 0.23490831
-0.00900382 -0.08742739 0.22956491
0.05921351 -0.13176879 0.22457415
0.05616445 -0.12421294 0.21480444
0.05705117 -0.12579466 0.21667880
0.04167213 -0.11641087 0.19846843
0.04099146 -0.11851554 0.20014045
0.06333687 -0.13431846 0.22718459
0.04064566 -0.11637054 0.19741209
0.03900223 -0.11273612 0.19301936
0.06530460 -0.12930052 0.22408856
0.04562369 -0.12041236 0.20552391
0.06489795 -0.13494226 0.22799741
0.03693910 -0.11502311 0.19315033
0.05519564 -0.12539439 0.21577026
0.06121258 -0.13004816 0.22296201
0.06362562 -0.13166349 0.22495800
0.04107431 -0.11753730 0.19846897
0.04077759 -0.11640008 0.19655171
0.07150714 -0.13815962 0.22906707
0.02038124 -0.11195879 0.24070249
0.02309689 -0.10496169 0.21226852
0.02048369 -0.11215079 0.24637938
0.03720843 -0.11416146 0.26420859
0.02780181 -0.11076007 0.23263437
0.00693940 -0.10531493 0.28131068
0.00783855 -0.10586405 0.28014514
0.00407849 -0.10217106 0.28537226
0.03128934 -0.10086076 0.24366336
0.03199558 -0.10281918 0.24557742
0.00344143 -0.10080057 0.29002911
0.03418387 -0.11386527 0.25878367
0.01533735 -0.10908676 0.26254430
0.01207184 -0.10827456 0.26523370
0.02655962 -0.11631905 0.24683079
0.01121227 -0.10420993 0.27417085
0.03268267 -0.10740300 0.24617654
0.03299217 -0.10932805 0.25101420
0.01129580 -0.10705494 0.27114248
0.02960820 -0.10853532 0.23179857
0.02749339 -0.11575739 0.24589625
0.02881023 -0.11518589 0.24749631
0.01037374 -0.10489583 0.27727443
0.01354118 -0.10653172 0.25975308
0.02954757 -0.11390561 0.24647352
0.03199724 -0.11190976 0.25216460
0.02932969 -0.09858513 0.23730570
0.02847973 -0.09914296 0.23346467
0.02772868 -0.09943888 0.23060291
0.01489804 -0.10963627 0.26345536
0.03848302 -0.11314697 0.26354516
0.03612915 -0.11066712 0.25862646
0.02409912 -0.10300174 0.21745825
0.00806317 -0.10587134 0.28166857
0.00610163 -0.10507964 0.28654063
0.01207590 -0.10475864 0.27135670
0.01201221 -0.10326020 0.27515933
0.01164958 -0.10370143 0.27581811
0.01671953 -0.10247857 0.26809242
0.00874174 -0.09877086 0.28572816
0.00649547 -0.09621762 0.29233009
0.02439025 -0.10578625 0.26167870
0.01371999 -0.10718415 0.26569465
0.01450923 -0.10873534 0.26499817
0.02273916 -0.10591085 0.26205719
0.01050929 -0.10464741 0.27817118
0.00935952 -0.10228605 0.28260237
0.00728745 -0.10095289 0.28844032
0.00511126 -0.09676956 0.29566962
0.00424935 -0.09700049 0.29624066
0.00205808 -0.09513054 0.30178466
0.00430921 -0.09626166 0.29687428
0.02993527 -0.11550039 0.25233299
0.02896083 -0.10340600 0.22572768
0.02816869 -0.10191840 0.22755226
0.02467052 -0.11363634 0.24739449
0.02923552 -0.11228058 0.25495517
0.02863912 -0.10564405 0.21516503
0.02783684 -0.10346672 0.21914275
0.02829369 -0.10449680 0.21764296
0.02674478 -0.11456009 0.24988247
0.03124757 -0.10380011 0.23978180
0.03092910 -0.10386172 0.23753177
0.02479059 -0.11612588 0.24747139
0.03262736 -0.10210233 0.24991891
0.03845624 -0.10687361 0.25910786
0.04049033 -0.10791264 0.26325849
0.03710398 -0.10918023 0.25881323
0.03677103 -0.10995470 0.25895771
0.02680881 -0.10371519 0.21432604
0.02890499 -0.10764622 0.21338792
0.02761841 -0.10823800 0.20873995
0.02516351 -0.11302631 0.23461680
0.02810530 -0.10180353 0.22762804
0.02886265 -0.09928311 0.23424725
0.02449708 -0.11665249 0.24694315
0.03112290 -0.10677058 0.22854666
0.02596401 -0.11327534 0.23731716
0.02617669 -0.11316373 0.23752241
-0.00036952 -0.09447958 0.30344895
0.03111414 -0.10569892 0.23484324
0.03106496 -0.10799752 0.24125923
0.03057583 -0.10788744 0.23781934
0.03023243 -0.10814631 0.23653096
0.02972750 -0.11094879 0.24216056
0.03149344 -0.11008500 0.24700052
0.03313414 -0.11207602 0.25573188
0.00154326 -0.09323260 0.30422887
0.02035090 -0.11050430 0.25490305
0.02062227 -0.11266883 0.24721380
0.01864376 -0.10545314 0.26167920
0.02199008 -0.11003553 0.22535941
0.02825658 -0.10946165 0.22287335
0.02978901 -0.10844438 0.22165625
0.02554853 -0.11081825 0.22333650
0.02816520 -0.10963593 0.22570427
0.02846119 -0.10944957 0.22564232
0.03106883 -0.10754593 0.22307205
0.02630401 -0.10866641 0.21528243
0.02706741 -0.10878816 0.20857985
0.02179515 -0.11546418 0.24260049
0.02186080 -0.11092609 0.25327694
0.02459509 -0.11248592 0.23037630
0.02246763 -0.11295278 0.23356995
0.01959111 -0.11018261 0.23611893
0.01964207 -0.11053485 0.23495571
0.01917893 -0.11050402 0.25266612
0.01667785 -0.11009485 0.25913480
0.02238412 -0.11359542 0.23524345
0.01770261 -0.10518704 0.26213872
0.01370156 -0.10156286 0.27178991
0.01387515 -0.10341457 0.26732981
0.02226149 -0.10257388 0.22208689
0.02501633 -0.09727250 0.23278330
0.02426838 -0.09747559 0.23282596
0.11398856 -0.05965350 0.32100847
0.10955796 -0.06429540 0.32035503
0.09270483 -0.08631071 0.31165767
0.09206321 -0.08774994 0.31042826
0.10416452 -0.06634466 0.31447196
0.06928524 -0.10440844 0.29239950
0.05227087 -0.10561650 0.27819487
0.05388218 -0.10371675 0.28098142
0.11287607 -0.06308758 0.32297316
0.11600364 -0.06091373 0.32479933
0.05454763 -0.09669992 0.28795144
0.05643827 -0.09871072 0.28738892
0.10814430 -0.06924434 0.31965342
0.04425477 -0.10143458 0.26994631
0.04201100 -0.10069113 0.26816070
0.05835506 -0.09673227 0.29046106
0.06043459 -0.09487852 0.29316837
0.06523997 -0.10529539 0.29003501
0.05704483 -0.10923274 0.27993822
0.10074271 -0.07098056 0.31550363
0.05402759 -0.10867593 0.27795047
0.04677115 -0.10339405 0.27268100
0.04617578 -0.10397093 0.27170339
0.04074548 -0.09867219 0.26920563
0.10453021 -0.06944362 0.31829116
0.10450667 -0.06966309 0.31828037
0.05941705 -0.10568066 0.28544661
0.05804388 -0.10018796 0.28766510
0.05543709 -0.10293734 0.28310409
0.04576087 -0.09781002 0.27571309
0.09056873 -0.08875249 0.30829686
0.11751169 -0.05646449 0.32588980
0.04447580 -0.10507893 0.26848623
0.03980444 -0.11399801 0.26552036
0.04120461 -0.11285891 0.26624876
0.04471615 -0.10670564 0.26904565
0.10543036 -0.07548776 0.31749779
0.04911632 -0.10118203 0.27682942
0.04850773 -0.10057299 0.27661425
0.05939763 -0.09922095 0.28933272
0.06328442 -0.09557749 0.29458728
0.07952472 -0.09327678 0.29967922
0.04085175 -0.09558971 0.27392390
0.07875530 -0.09615082 0.29504457
0.11155665 -0.06942971 0.32035777
0.06386715 -0.10304457 0.29040697
0.06615002 -0.10009062 0.29303420
0.06710201 -0.09612615 0.29501569
0.04661785 -0.11101387 0.27117452
0.08900120 -0.08949891 0.30504906
0.07182262 -0.09558900 0.29621416
0.07086771 -0.09920446 0.29498422
0.06921034 -0.09913988 0.29471162
0.08693553 -0.08600189 0.30756110
0.08570601 -0.08378758 0.30770153
0.11825094 -0.06239090 0.32607624
0.06194510 -0.10952917 0.28429416
0.07937424 -0.09423389 0.29694968
0.06767344 -0.10434353 0.29321131
0.10984279 -0.06354310 0.31902838
0.07180943 -0.10027833 0.29486585
0.08385050 -0.09227106 0.29902843
0.12437616 -0.04915443 0.32440329
0.09786600 -0.07176344 0.31319246
0.04680854 -0.11283274 0.27137107
0.10043564 -0.08131367 0.31648433
0.06358112 -0.10859375 0.28817585
0.06232096 -0.10931609 0.28598258
0.10061789 -0.07836942 0.31732658
0.09984216 -0.08040357 0.31798354
0.11169475 -0.06187700 0.31581423
0.10649095 -0.06540249 0.31058499
0.09619495 -0.08592127 0.31477967
0.10008209 -0.08216649 0.31609264
0.10996953 -0.07431820 0.31681991
0.09802873 -0.08353817 0.31316483
0.11107767 -0.07330208 0.31724575
0.06544178 -0.10593351 0.29174703
0.09986705 -0.06857646 0.31197849
0.10042040 -0.06774330 0.31122091
0.05071824 -0.09753437 0.28260615
0.05124142 -0.09952347 0.28138810
0.04936590 -0.10421210 0.27585521
0.05073375 -0.10306218 0.27801672
0.06208518 -0.09840454 0.29142192
0.06346408 -0.09532538 0.29355052
0.06350460 -0.09588609 0.29328191
0.06106804 -0.09496845 0.29275417
0.08550785 -0.08781184 0.30560824
0.08022551 -0.08678719 0.30416757
0.07644824 -0.09368756 0.29932597
0.07926210 -0.09264241 0.30074006
0.06920978 -0.09830967 0.29513374
0.06612441 -0.09247427 0.29780829
0.07311745 -0.09280020 0.29903606
0.07159571 -0.09224378 0.29904249
0.08592603 -0.09106393 0.30108005
0.08201090 -0.09349694 0.29890475
0.08537207 -0.09139030 0.30057231
0.07186125 -0.10096254 0.29458439
0.06579805 -0.10231230 0.29210284
0.06698065 -0.10396037 0.29161656
0.07520825 -0.09900808 0.29413986
0.06894720 -0.09905966 0.29474953
0.06793914 -0.09997525 0.29412714
0.05935387 -0.10056604 0.28839004
0.08062387 -0.09477766 0.29610917
0.06299823 -0.10383469 0.28963998
0.08597513 -0.09025931 0.30422884
0.10159104 -0.07299657 0.31670088
0.07899766 -0.09031020 0.30194137
0.08314671 -0.08986044 0.30360928
0.09374616 -0.08660083 0.31098193
0.08774714 -0.08842606 0.30593693
0.09059870 -0.08924075 0.30808815
0.09815428 -0.08336744 0.31840104
0.11952960 -0.05443920 0.32484213
0.10766120 -0.07323826 0.31871051
0.07038301 -0.10501095 0.29345256
0.06516636 -0.10913331 0.28954154
0.04747152 -0.10762125 0.27229312
0.12034582 -0.05912176 0.32759914
0.09718172 -0.07718404 0.31479266
0.09610645 -0.07786566 0.31441450
0.06308712 -0.10883638 0.28679851
0.08377860 -0.09176067 0.30122918
0.07782925 -0.09266887 0.29974458
0.08007973 -0.09145064 0.30139893
-0.10021743 -0.05349143 0.22660246
-0.10165992 -0.05282238 0.22469831
-0.05011290 -0.06749959 0.23794624
-0.01157923 -0.09456743 0.22880609
-0.05400312 -0.06894859 0.23948142
-0.05542104 -0.07030424 0.23928076
-0.05629890 -0.07394479 0.23874281
-0.04999561 -0.08230073 0.23746113
-0.06304445 -0.06740941 0.24003804
-0.06790673 -0.07440455 0.23532380
-0.10297196 -0.05108685 0.22593883
-0.04089507 -0.08674449 0.23411985
-0.03879492 -0.09117817 0.23869705
-0.03901295 -0.09023799 0.23572403
-0.02302140 -0.08920604 0.23277022
-0.03002451 -0.09179181 0.23451662
-0.03623860 -0.08958634 0.23492697
-0.05132071 -0.07139397 0.23658690
-0.03586857 -0.08990588 0.23508437
-0.07727513 -0.07217389 0.23543909
-0.06895690 -0.06566215 0.23825061
-0.11227416 -0.04546104 0.21626234
-0.11167269 -0.04563762 0.21781786
-0.05006076 -0.06823801 0.24142730
-0.04876037 -0.07266610 0.23932177
-0.04551336 -0.06959889 0.23543927
-0.04842393 -0.08071766 0.23902255
-0.02850292 -0.09378154 0.23885399
-0.05890319 -0.06844456 0.23977947
-0.05894578 -0.06934746 0.23932846
-0.05387281 -0.07576511 0.23854093
-0.06923589 -0.07461766 0.23411602
-0.09426960 -0.05638482 0.22646414
-0.12811419 -0.04124304 0.21113274
-0.04336980 -0.07978331 0.23887403
-0.10915739 -0.04756714 0.22223578
-0.10789162 -0.05012232 0.21784799
-0.03989425 -0.09058218 0.23851207
-0.08476667 -0.06603453 0.23336872
-0.06789676 -0.06354456 0.23819284
-0.02999998 -0.08131047 0.23606278
-0.03429244 -0.08349580 0.23900826
-0.11633748 -0.04436676 0.22108805
-0.12430067 -0.04029147 0.22078162
-0.13012287 -0.03974011 0.20894381
-0.03003366 -0.08630098 0.23935287
-0.03047123 -0.08594155 0.23911113
-0.02454187 -0.08543904 0.23529649
-0.02439363 -0.08632536 0.23569110
-0.11611864 -0.04317045 0.21802278
-0.11422765 -0.04438635 0.21937095
-0.04311691 -0.08623502 0.23896855
-0.04175126 -0.07111463 0.23612753
-0.03846939 -0.07330526 0.23486403
-0.02959656 -0.09400801 0.23737468
-0.01989005 -0.09120324 0.23217832
-0.09342957 -0.05978733 0.22617783
-0.08835907 -0.06520732 0.22814487
-0.09471350 -0.05483482 0.22740376
-0.05810795 -0.06832155 0.24196808
-0.06707909 -0.07178423 0.23705278
-0.07033329 -0.07043342 0.23653533
-0.06937800 -0.07173582 0.23662561
-0.04243574 -0.07196096 0.23700793
-0.02587525 -0.08511503 0.23299381
-0.08884754 -0.06303699 0.22711182
-0.06888061 -0.06415053 0.23795012
-0.12000000 -0.04189080 0.22153239
-0.03216813 -0.08717456 0.23325007
-0.02826193 -0.09250668 0.23427585
-0.02827003 -0.09078903 0.23395005
-0.02350084 -0.09506601 0.23475939
-0.04710073 -0.07280277 0.23460113
-0.01946875 -0.09612884 0.23345639
-0.09430522 -0.05376505 0.23253857
-0.09893529 -0.05395547 0.22809811
-0.04244621 -0.07298539 0.23760806
-0.05467215 -0.06867059 0.24203169
-0.02820706 -0.08191553 0.23189583
-0.02693715 -0.08481907 0.23288192
-0.08226815 -0.06483069 0.23492512
-0.07829601 -0.06248678 0.23492807
-0.03537074 -0.08678337 0.23322241
-0.03474193 -0.08534931 0.23322639
-0.06226173 -0.06676494 0.24106225
-0.06133959 -0.07550029 0.23565331
-0.06262190 -0.07347728 0.23719952
-0.05881852 -0.06998558 0.24082386
-0.08933043 -0.05810018 0.23006314
-0.08765931 -0.05849571 0.23112524
-0.02444478 -0.08676472 0.23265494
-0.07162707 -0.07208481 0.23595724
-0.07954118 -0.06083851 0.23468995
-0.03337640 -0.08675847 0.24046369
-0.07421493 -0.06525110 0.23617023
-0.07780945 -0.06814848 0.23588495
-0.05322450 -0.07887565 0.23711567
-0.03234433 -0.08852471 0.24162626
-0.02937510 -0.08996799 0.24225162
-0.12281739 -0.04309022 0.21214396
-0.08453667 -0.06441030 0.23342253
-0.08512942 -0.06411243 0.23286943
-0.12445124 -0.04102781 0.21881822
-0.13276571 -0.04000382 0.21110480
-0.01666321 -0.09408486 0.23246631
-0.13839640 -0.03214955 0.20556705
-0.03725040 -0.08301672 0.23920910
-0.04039113 -0.08113602 0.23889655
-0.10172482 -0.05229515 0.22871695
-0.01670061 -0.08980931 0.23097934
-0.03461566 -0.09184917 0.24031259
-0.03533218 -0.08099096 0.23214258
-0.03812356 -0.08045080 0.23234287
-0.06951176 -0.07394747 0.23326486
-0.04002707 -0.08534659 0.23361267
-0.08204331 -0.05747732 0.23438399
-0.09181739 -0.05592026 0.23024797
-0.09219151 -0.05593806 0.22966035
-0.02371348 -0.09015109 0.24048308
-0.01898832 -0.09067820 0.23370305
-0.06849162 -0.06769104 0.23749517
-0.06572505 -0.06888773 0.23827943
-0.04418419 -0.08517991 0.23925327
-0.08068623 -0.06893256 0.23143226
-0.09616741 -0.05302273 0.22936815
-0.05402001 -0.07071029 0.24017499
-0.04704829 -0.06755729 0.23891170
-0.12189808 -0.04168724 0.21715650
-0.01209044 -0.09702574 0.22927175
-0.01472085 -0.09250870 0.22984014
-0.09205259 -0.05358314 0.23331289
-0.08412308 -0.05606789 0.23267220
-0.08793536 -0.05655593 0.23136453
-0.11841164 -0.04368679 0.21468087
-0.11756483 -0.04371149 0.22006956
-0.08360086 -0.06938146 0.23479627
-0.01842713 -0.09283257 0.23489985
-0.07597472 -0.07418501 0.23437415
-0.12406743 -0.04086202 0.21382809
-0.10132620 -0.05375848 0.22276288
-0.04838643 -0.07991831 0.23930576
-0.04379315 -0.08063111 0.23911057
-0.04275893 -0.08340390 0.23974121
-0.12115893 -0.04206238 0.21763338
-0.08177424 -0.07136754 0.23218605
-0.12955633 -0.03824120 0.21380681
-0.07273258 -0.06223254 0.23674397
-0.08603605 -0.05393532 0.23280735
-0.10562892 -0.05055255 0.22262193
-0.09258964 -0.05411392 0.23152822
-0.10560860 -0.05056962 0.22302189
-0.05296271 -0.06831475 0.24137405
-0.12170074 -0.04169118 0.22012927
-0.13211676 -0.04033023 0.21281204
-0.12656789 -0.04081992 0.21039829
-0.09334431 -0.05717276 0.22738011
-0.11431076 -0.04552862 0.21834430
-0.12443319 -0.04019187 0.21492898
-0.13952649 -0.03506312 0.20535064
-0.14114548 -0.03560382 0.20547317
-0.13545781 -0.03821632 0.21085106
-0.03877346 -0.08824330 0.24066880
-0.04834867 -0.07412249 0.23910326
-0.04449875 -0.07599504 0.23884085
-0.08507340 -0.06885825 0.22992225
-0.13594683 -0.03627982 0.20648102
-0.08657777 -0.05707603 0.23289707
-0.08336100 -0.06820111 0.23022667
-0.03954121 -0.07899635 0.23805185
-0.06369895 -0.06804021 0.24022323
-0.04354391 -0.07484329 0.23869497
-0.04158553 -0.07601199 0.23820859
-0.02981746 -0.09089034 0.24192978
-0.03169801 -0.09080824 0.24194874
-0.07177947 -0.06919987 0.23488317
-0.05806866 -0.07721251 0.23439024
-0.05765250 -0.07900784 0.23383763
-0.10415402 -0.05229824 0.22105277
-0.10057987 -0.05518869 0.22179379
-0.08801699 -0.06066910 0.22974615
-0.08450631 -0.06460024 0.23061696
-0.07220688 -0.06461159 0.23630184
-0.08996061 -0.06178490 0.22674911
-0.03785258 -0.07349959 0.23256667
-0.06464814 -0.07474214 0.23464066
-0.06473567 -0.07517964 0.23371184
-0.04340525 -0.07855996 0.23347253
-0.04032860 -0.07732660 0.23238377
-0.05890860 -0.07081927 0.23859227
-0.06590800 -0.06852513 0.23727317
-0.06466420 -0.07280172 0.23673962
-0.10343930 -0.05343155 0.22099483
-0.08893561 -0.05820271 0.22954027
-0.08348862 -0.06106512 0.23143853
-0.04646122 -0.07882451 0.23416118
-0.06560744 -0.07056447 0.23649788
-0.06173242 -0.07315432 0.23736285
-0.05257269 -0.07520912 0.23577517
-0.05150676 -0.07611863 0.23503639
-0.10465308 -0.05373701 0.21813455
-0.07936797 -0.06858535 0.23238093
-0.06920721 -0.07354102 0.23375118
-0.10824578 -0.05100818 0.21467446
-0.09748735 -0.05684604 0.22193705
-0.06097112 -0.07535215 0.23567966
-0.03774701 -0.07574268 0.23162419
-0.04292796 -0.07327298 0.23287323
-0.07408733 -0.06485779 0.23526555
-0.10016107 -0.05267781 0.22472571
-0.10685952 -0.05180432 0.21732540
-0.10376406 -0.05070864 0.22354510
-0.10427411 -0.05201378 0.22163077
-0.04778231 -0.08039678 0.23417389
-0.05243395 -0.07788576 0.23521055
-0.04849199 -0.08293940 0.23414341
-0.09439483 -0.05849680 0.22420666
-0.06020140 -0.07491159 0.23687604
0.03498510 -0.10727203 0.17649575
0.07778887 -0.15110761 0.23447196
0.06655721 -0.13980132 0.22871485
0.08036350 -0.15326531 0.23593058
0.08318835 -0.15656199 0.23777272
0.05380565 -0.12421467 0.21274693
0.04369698 -0.11510757 0.19921859
0.05353405 -0.12131389 0.20990980
0.04654465 -0.11804961 0.20329051
0.03906563 -0.11303922 0.19136119
0.06124292 -0.12722252 0.21886751
0.06681293 -0.13282327 0.22507995
0.05848948 -0.12799139 0.21840033
0.05984333 -0.12769622 0.21878874
0.07547231 -0.14335132 0.23113628
0.06915407 -0.14353462 0.23046127
0.06807238 -0.13392012 0.22715937
0.06923167 -0.13451733 0.22638352
0.06952004 -0.14623614 0.23114035
0.06957783 -0.14321505 0.22919248
0.07168701 -0.14313990 0.22890639
0.06540479 -0.13488989 0.22599439
0.04126015 -0.11486609 0.19692779
0.06091556 -0.13179915 0.22276102
0.06289618 -0.13260525 0.22348654
0.06704610 -0.13576515 0.22648746
0.06613702 -0.13980530 0.22816688
0.07570249 -0.14883961 0.23267333
0.04755178 -0.11814768 0.20617099
0.03668694 -0.11246130 0.18911566
0.03614945 -0.11328319 0.18898316
0.05716737 -0.13077907 0.22074519
0.05371226 -0.12457507 0.21347207
0.05218347 -0.12424705 0.21332599
0.03634252 -0.11007767 0.18429707
0.03823658 -0.11069809 0.18883412
0.03369034 -0.11077216 0.17245501
0.03784112 -0.11025062 0.18708581
0.03649691 -0.10880686 0.18169311
0.08931327 -0.08008388 0.31047118
0.09440590 -0.07702813 0.31315503
0.10446008 -0.07724986 0.31590053
0.12172651 -0.05777872 0.32372195
0.11319440 -0.07090643 0.31583312
0.11284681 -0.07139880 0.31546035
0.11850526 -0.06316599 0.31988874
0.11974937 -0.06128712 0.32231730
0.11974467 -0.06148511 0.32400119
0.09147368 -0.07366158 0.30820018
0.11396757 -0.06602008 0.31509006
0.10804203 -0.07164220 0.31245911
0.07603076 -0.09369393 0.29839730
0.07534228 -0.09078853 0.30044359
0.05230730 -0.09438948 0.28670043
0.05190263 -0.09467889 0.28595889
0.11456026 -0.06170295 0.31578568
0.07853063 -0.07554742 0.30668405
0.07967287 -0.08683883 0.30327541
0.08239082 -0.08342426 0.30467170
0.10076690 -0.07154730 0.31033525
0.10284985 -0.07494833 0.31198224
0.12291559 -0.05240772 0.32348320
0.11622686 -0.06628205 0.32283342
0.08836187 -0.07162186 0.30827600
0.08511539 -0.08386011 0.30636117
0.05628945 -0.10691793 0.28131077
0.05327516 -0.10545677 0.27924618
0.09331165 -0.07000466 0.30952698
0.09301950 -0.06965029 0.30881995
0.07613241 -0.08613325 0.30280802
0.12222948 -0.05555153 0.32526189
0.10567749 -0.06807030 0.31069595
0.09295762 -0.08367449 0.31014550
0.09010632 -0.08470130 0.30857691
0.10898786 -0.07325777 0.31417665
0.12249012 -0.05279416 0.32424536
0.06748636 -0.08749515 0.30245438
0.09241773 -0.07520187 0.30896103
0.05851737 -0.09387769 0.29330125
0.07499185 -0.08941900 0.30135503
0.06923115 -0.09105435 0.29925576
0.10483570 -0.07352903 0.31196776
0.11151131 -0.06920023 0.31293875
0.11135556 -0.06598346 0.31164739
0.10156787 -0.07881913 0.31402156
0.06085277 -0.09199265 0.29754746
0.11792395 -0.06297086 0.31835553
0.05036380 -0.09415121 0.28436419
0.06771430 -0.08823498 0.30078721
0.07132480 -0.08707140 0.30177656
0.05836769 -0.11029868 0.27891865
0.05419391 -0.09229998 0.29254460
0.07174720 -0.08600147 0.30302814
0.05218523 -0.11221190 0.27535313
0.08998468 -0.07547853 0.31013098
0.05600020 -0.10021528 0.28633621
0.05674186 -0.10083082 0.28663236
0.05663806 -0.10081529 0.28653389
0.05274925 -0.10270904 0.28084782
0.12644275 -0.04930605 0.32439935
0.05307619 -0.09288700 0.29052064
0.04555400 -0.09489805 0.27945808
0.06540701 -0.09343822 0.29589891
0.06393592 -0.09227379 0.29772279
0.09598947 -0.07941792 0.31102428
0.06497335 -0.08849051 0.30129418
0.06822424 -0.08471306 0.30385545
0.10667711 -0.06668688 0.31055784
0.07253200 -0.08435810 0.30352336
0.06710546 -0.08438758 0.30373341
0.06368997 -0.09109505 0.29925406
0.10067450 -0.06872739 0.30963376
0.05834065 -0.09345791 0.29434809
0.09388589 -0.07414934 0.31184450
0.09295817 -0.07426050 0.31135982
0.07573632 -0.07795753 0.30505165
0.07836476 -0.07645664 0.30457237
0.05418359 -0.09266961 0.29221171
0.05016470 -0.09756051 0.28151268
0.05277159 -0.09829957 0.28417513
0.05272659 -0.09967952 0.28313607
0.05066360 -0.09969967 0.28059769
0.07775193 -0.08245610 0.30343112
0.07413054 -0.08157142 0.30469635
0.07364158 -0.08077881 0.30497858
0.08169069 -0.07819336 0.30441055
0.08705739 -0.07599481 0.30879888
0.04679732 -0.11401245 0.27131966
0.09347687 -0.07266099 0.31096438
0.08507472 -0.07276047 0.30630153
0.11653898 -0.05718926 0.32076371
0.08751266 -0.07161085 0.30766678
0.04515553 -0.09665903 0.27707341
0.08267450 -0.08391372 0.30633813
0.11893692 -0.06064790 0.31805924
0.11632669 -0.06225857 0.31585872
0.07789534 -0.07917501 0.30597311
0.05636851 -0.10779744 0.28059691
0.05774532 -0.10815672 0.28083855
0.05369813 -0.09531020 0.28857395
0.08846205 -0.07512760 0.30773050
0.09658800 -0.06906235 0.30747944
0.05090513 -0.09196253 0.28879148
0.07857553 -0.08215603 0.30552736
0.08579160 -0.07532834 0.30819774
0.04935529 -0.10882397 0.27352995
0.04904378 -0.10801290 0.27380371
0.04806847 -0.10985815 0.27187276
0.04916856 -0.11056338 0.27276748
0.12582038 -0.05040673 0.32340991
0.09635539 -0.07611372 0.30996713
0.04658639 -0.10500775 0.27176562
0.05010958 -0.10463619 0.27682540
0.04508350 -0.10521513 0.26959372
0.12447878 -0.05099576 0.32334906
0.11959545 -0.05722473 0.32062161
0.11815505 -0.05634223 0.32088467
0.04360683 -0.10098036 0.26985553
0.05402325 -0.11201076 0.27594215
0.04546896 -0.10029940 0.27267757
0.04653565 -0.10086872 0.27376243
0.04682036 -0.10149518 0.27362958
0.08283726 -0.07975917 0.30739844
0.09215408 -0.07130553 0.30709755
0.08799186 -0.07999326 0.30768785
0.08575962 -0.08343865 0.30669227
0.06864779 -0.09304266 0.29680192
0.07618254 -0.08861244 0.30206800
0.08459675 -0.08109205 0.30591035
0.00521282 -0.10317566 0.22234121
0.02799223 -0.10357209 0.19777279
0.02876313 -0.10548742 0.20200321
-0.00295200 -0.09976232 0.22537990
0.00739616 -0.10139226 0.21764255
0.00891199 -0.09731457 0.21668974
0.02564201 -0.10211189 0.20102404
0.02506650 -0.10446300 0.20448208
0.02473645 -0.10444529 0.20411885
0.01415375 -0.09910422 0.21223475
0.02010332 -0.10160694 0.20596403
0.01633039 -0.10210419 0.20914914
-0.00083288 -0.10312492 0.22374438
-0.00614116 -0.09915142 0.22616844
0.02849732 -0.10500134 0.19349650
0.03058101 -0.10772967 0.19585513
0.01235633 -0.10320756 0.21188208
0.02964602 -0.10622113 0.19909157
0.02989276 -0.10651089 0.19912910
0.01810983 -0.10428640 0.20735171
0.00316609 -0.10518616 0.22215188
0.00642078 -0.10301203 0.22022438
0.01358175 -0.10374519 0.21055815
0.00936780 -0.10293703 0.21238814
0.00241017 -0.10487089 0.21856007
-0.00646302 -0.09873506 0.22631814
0.02732582 -0.10870922 0.20668603
0.01735033 -0.10426058 0.20905614
0.02674698 -0.10223254 0.19876759
0.00629211 -0.09693507 0.21668454
0.00229380 -0.09655540 0.21927002
-0.00102413 -0.10291340 0.22148070
0.00338582 -0.10052097 0.21717292
-0.00696694 -0.09620412 0.22688648
-0.00228952 -0.09789047 0.22200167
-0.00640907 -0.09380700 0.22567953
0.00648160 -0.09674177 0.21692462
0.00599325 -0.09969385 0.21536064
0.00490632 -0.09813506 0.21689732
0.00111956 -0.10505627 0.22065419
0.00657696 -0.10349604 0.21465245
0.00026921 -0.10066620 0.22046982
0.09182162 -0.17228086 0.24522713
0.08717909 -0.16296372 0.24250756
0.07694838 -0.14831378 0.23222497
0.07690450 -0.14857417 0.23416819
0.08075158 -0.15404652 0.23865311
0.08233936 -0.15571797 0.23952340
0.07607922 -0.14541034 0.23251769
0.08689156 -0.16159333 0.24305649
0.07451951 -0.15021284 0.23683183
0.07366661 -0.14501762 0.23339066
0.07145031 -0.14468431 0.23322079
0.07426228 -0.14211093 0.23209012
0.08311971 -0.15747222 0.24088748
0.07763650 -0.15109167 0.23550987
0.09226992 -0.17281625 0.24449398
0.08765799 -0.16494349 0.24063900
0.03416712 -0.10845383 0.18122780
0.03364602 -0.10915730 0.18265419
0.03066884 -0.10640188 0.18453808
0.03048368 -0.11029592 0.17548540
0.02014307 -0.10755897 0.20591189
0.01411398 -0.10354442 0.20938359
0.02608621 -0.10775236 0.17796630
0.02043882 -0.10788227 0.20506826
0.02630370 -0.10859567 0.20723969
0.02275013 -0.10682362 0.19399403
0.02264057 -0.10656979 0.19447924
0.01765891 -0.10730923 0.20308657
0.01481673 -0.10276584 0.20680067
0.02048755 -0.10822300 0.20201252
0.02246541 -0.10508334 0.19664401
0.02297804 -0.10835378 0.19735770
0.02044636 -0.10794567 0.19882937
0.02706737 -0.10851056 0.17584373
0.02536218 -0.10694645 0.18465634
0.02650532 -0.10808001 0.18071461
0.02910133 -0.10902882 0.18326354
0.02686032 -0.10831326 0.18916103
0.02603790 -0.10797349 0.18981487
0.03547094 -0.11326734 0.18825188
0.02560512 -0.10880937 0.20000477
0.02770312 -0.10927679 0.19295670
0.02776171 -0.10870060 0.19958270
0.01197296 -0.10010204 0.21120872
0.01685058 -0.10358746 0.20464250
0.02614361 -0.10242973 0.19628592
0.02299272 -0.10180049 0.19994570
0.02413607 -0.10813591 0.20500809
0.03168309 -0.11040424 0.18413922
0.02614445 -0.10448083 0.19128181
0.03129476 -0.11018214 0.18620174
0.03042558 -0.10956039 0.19437255
0.03080483 -0.10834824 0.19827944
0.03194888 -0.11051303 0.18066084
0.03349303 -0.11103745 0.17319509
0.01706630 -0.10213530 0.20567465
0.02056332 -0.10117219 0.20336001
0.02989203 -0.10549709 0.17777681
0.02665715 -0.10601844 0.17430723
0.03095963 -0.10689945 0.18564707
0.03132486 -0.10642376 0.18142715
0.03214554 -0.10555565 0.17251238
0.02857401 -0.10557000 0.18408096
0.02697143 -0.10500574 0.18224889
0.03135468 -0.11237827 0.25799504
0.03982412 -0.11200845 0.26445729
0.04070783 -0.11213462 0.26558658
0.03195010 -0.09822311 0.24904846
0.03256603 -0.09841810 0.25127214
0.03190676 -0.09789559 0.25836232
0.02971502 -0.09733679 0.25602362
0.03711566 -0.11446535 0.26533744
0.02382088 -0.10396875 0.26410806
0.02974203 -0.10333228 0.26283082
0.03201151 -0.09702748 0.26585838
0.03394670 -0.09601866 0.26704532
0.03462464 -0.09721102 0.26658195
0.03717125 -0.09664496 0.26877728
0.04022584 -0.11560214 0.26799893
0.02908623 -0.10239538 0.26336092
0.04324636 -0.11167713 0.26797241
0.03561319 -0.10121032 0.26429936
0.04523659 -0.11508008 0.26971310
0.04455644 -0.10692404 0.26841021
0.04427297 -0.10883828 0.26751170
0.04032584 -0.10001934 0.26881492
0.03934874 -0.11542191 0.26738951
0.03755950 -0.10081718 0.26058748
0.03932725 -0.10073406 0.26392901
0.03697012 -0.09788742 0.26451853
0.03523479 -0.09804558 0.26105374
0.03098956 -0.09647492 0.26165617
0.03548246 -0.09551927 0.26678348
0.01822756 -0.10763070 0.24815001
0.01856942 -0.10845716 0.24921042
0.03876581 -0.10422588 0.26338577
0.03941442 -0.10701066 0.26212302
0.02890094 -0.11174916 0.25607109
0.01459384 -0.10208780 0.27143970
0.03860918 -0.10411180 0.25885013
0.03739301 -0.10199954 0.25912258
0.01941436 -0.10225017 0.26113185
0.01995175 -0.11003023 0.24156402
0.01877144 -0.10724188 0.24233299
0.02425337 -0.10400941 0.24874853
0.02357678 -0.10354606 0.25115871
0.01970991 -0.10277923 0.26757494
0.01981254 -0.10855407 0.25835872
0.01904128 -0.10348794 0.25116333
0.01982695 -0.10967495 0.24311110
0.01973419 -0.10942479 0.24390753
0.01222521 -0.10358803 0.27111915
0.01774207 -0.10215761 0.26578474
0.01766817 -0.10332219 0.25532681
0.01639131 -0.10239366 0.26434520
0.03380054 -0.10070404 0.25420552
0.01255332 -0.10537662 0.26519045
0.01521872 -0.10306030 0.26580641
0.01534270 -0.10641511 0.25426137
0.01816092 -0.10558546 0.24804860
0.02085456 -0.10233049 0.25856000
0.03177236 -0.09881106 0.24733907
0.03336094 -0.09894606 0.25340536
0.02943572 -0.11054365 0.25749770
0.01180770 -0.10068856 0.27831283
0.02480081 -0.10307738 0.24555652
0.02735589 -0.09865344 0.24138325
0.02035121 -0.10522415 0.23436932
0.02089926 -0.10396872 0.23634335
0.02410343 -0.09906084 0.23846143
0.02278028 -0.09890548 0.23456948
0.02779534 -0.10541073 0.26110223
0.02701689 -0.09945355 0.24274325
0.02491230 -0.10200500 0.26320335
0.02319697 -0.09986006 0.23785827
0.01995744 -0.10854998 0.23078306
0.02932085 -0.09868600 0.24622773
0.02823373 -0.09850686 0.24998401
0.02612584 -0.10317104 0.25549507
0.02623320 -0.10308807 0.25550625
0.02772545 -0.09800984 0.25796846
0.02374243 -0.10215008 0.24238706
0.02719445 -0.09962681 0.25362453
0.02768182 -0.09919817 0.25161111
0.01981438 -0.10565949 0.24325864
0.02334234 -0.10453817 0.24551192
0.03499585 -0.10214178 0.26349899
0.02187379 -0.10747577 0.22028977
0.02048826 -0.10670117 0.22633566
0.02329687 -0.10795366 0.21146773
0.02543819 -0.10057559 0.26320428
0.02180451 -0.10311448 0.22265129
0.02161929 -0.10372410 0.22272238
0.02023865 -0.10529187 0.23711908
0.02324017 -0.11060797 0.25513223
0.03315954 -0.10848490 0.25947082
0.03424624 -0.10924549 0.25937855
0.02786186 -0.09894618 0.26237825
0.02314683 -0.10658403 0.21185783
0.03716032 -0.10490505 0.26215929
0.02083239 -0.10174715 0.23338728
0.02079356 -0.10097170 0.23247573
0.03361253 -0.11211760 0.25910905
0.03492616 -0.11159926 0.25982592
