-0.29093656 -0.09763668 0.24102357
-0.28800842 -0.10159935 0.24993674
-0.28667986 -0.10128754 0.24901311
-0.28685528 -0.10311019 0.25454107
-0.29217994 -0.08914238 0.21673036
-0.29314622 -0.09177061 0.22216420
-0.29048389 -0.08762851 0.19402096
-0.29246491 -0.08588864 0.20781912
-0.29219550 -0.08707566 0.20359580
-0.29244199 -0.08597008 0.20822358
-0.29271522 -0.09059053 0.21439525
-0.29213774 -0.08797108 0.21569872
-0.29134044 -0.08931250 0.20187287
-0.29224208 -0.09062266 0.20634800
-0.29111275 -0.08703630 0.19591367
-0.29310966 -0.09161703 0.21951215
-0.29083994 -0.09711853 0.24091120
-0.29257265 -0.08434669 0.19471349
-0.29142293 -0.08829620 0.20138048
-0.29207462 -0.08724482 0.20155698
-0.29277483 -0.08435523 0.19430083
-0.29212448 -0.08651491 0.19924988
-0.29136825 -0.08943464 0.20264408
-0.29174843 -0.09600094 0.23703499
-0.26467195 -0.06738051 0.14833240
-0.26416260 -0.06860305 0.14750792
-0.26198673 -0.05516753 0.15769994
-0.25925666 -0.06531513 0.15273304
-0.25985232 -0.06421671 0.15437441
-0.26022214 -0.06177697 0.15626328
-0.25937542 -0.06394245 0.15512212
-0.25937167 -0.05832517 0.15966788
-0.26032791 -0.06192895 0.15606412
-0.26491818 -0.06482629 0.15078136
-0.26774055 -0.06605153 0.14820494
-0.26181075 -0.06604903 0.15237187
-0.25185221 -0.06238916 0.16281861
-0.26139951 -0.05326896 0.15948273
-0.27424026 -0.07173886 0.14024399
-0.26806208 -0.06813954 0.14689192
-0.26983541 -0.06730840 0.14593321
-0.26352704 -0.05431380 0.15771037
-0.26475364 -0.05518294 0.15632442
-0.25708711 -0.05546492 0.16297652
-0.25515455 -0.06491771 0.15610534
-0.25425196 -0.06240144 0.16088256
-0.26431817 -0.06845634 0.14724177
-0.26894060 -0.06326218 0.14791395
-0.26104379 -0.05594368 0.15826550
-0.27342740 -0.07082213 0.13938433
-0.25464410 -0.06043424 0.16210622
-0.25308746 -0.05961416 0.16417435
-0.25688142 -0.06050912 0.16004689
-0.24715072 -0.06446936 0.16469772
-0.27156445 -0.06505612 0.14354970
-0.27163211 -0.07169687 0.14158288
-0.26452681 -0.06077142 0.15254845
-0.26392379 -0.06489310 0.15028283
-0.26722664 -0.06853723 0.14672506
-0.26372090 -0.06377756 0.15136155
-0.25386018 -0.06339352 0.15945448
-0.26961556 -0.06454315 0.14572762
-0.27441868 -0.07217361 0.13853300
-0.27020511 -0.07243996 0.14337768
-0.27234259 -0.07292993 0.14256813
-0.26414669 -0.06176146 0.15230641
-0.26320347 -0.06771741 0.14868835
-0.26410723 -0.06801309 0.14858064
-0.26886755 -0.07105637 0.14590122
-0.25283477 -0.06521931 0.15830329
-0.25042680 -0.06360254 0.16205071
-0.25082690 -0.06484149 0.16012433
-0.25349593 -0.05993667 0.16270325
-0.25770444 -0.06062020 0.15833265
-0.26223049 -0.06042942 0.15454160
-0.26693225 -0.06106302 0.15178862
-0.26798901 -0.06229932 0.15010785
-0.11919098 -0.01391526 0.19476432
-0.11925056 -0.01598006 0.19555263
-0.10455386 -0.00925786 0.19747846
-0.11159792 -0.01338525 0.19624230
-0.10083767 -0.00566554 0.19655026
-0.09980154 -0.00513442 0.19860466
-0.10625378 -0.00521790 0.19721621
-0.11563151 -0.01675524 0.19681306
-0.10800572 -0.00524289 0.19797392
-0.10498373 -0.00559016 0.19618571
-0.10017781 -0.00521699 0.19978382
-0.11009119 -0.00909645 0.19520906
-0.11041996 -0.01054633 0.19564566
-0.10208716 -0.00689101 0.19731842
-0.11499298 -0.00683368 0.19396634
-0.11611638 -0.00942783 0.19374624
-0.10942051 -0.00584272 0.19812283
-0.26997885 -0.04617094 0.11560341
-0.27806315 -0.05480724 0.11069696
-0.26332831 -0.04578510 0.11967360
-0.26314318 -0.04242126 0.11919278
-0.27411631 -0.05624460 0.11175878
-0.26550573 -0.05077453 0.11822042
-0.28334305 -0.06719966 0.10004590
-0.27924860 -0.05522712 0.10908785
-0.27755511 -0.05650488 0.10781870
-0.27317646 -0.05250143 0.11346488
-0.27066511 -0.05422412 0.11450481
-0.26629049 -0.05371458 0.11661891
-0.27378041 -0.05503978 0.11234561
-0.28041363 -0.05646399 0.10882051
-0.26539180 -0.04866175 0.11864585
-0.26471400 -0.04473784 0.11828580
-0.26943013 -0.05167101 0.11565091
-0.26965180 -0.05344871 0.11526167
-0.25880551 -0.04414242 0.12194245
-0.28084493 -0.06313822 0.10434263
-0.29415572 -0.07510634 0.09335633
-0.29466182 -0.07545359 0.09467398
-0.29476801 -0.07566015 0.08665023
-0.29412588 -0.07528828 0.09113793
-0.29268256 -0.07389192 0.09823151
-0.29386669 -0.07504743 0.10975919
-0.29582098 -0.07452276 0.10627707
-0.29333025 -0.07383285 0.10088319
-0.29431468 -0.07552233 0.08105899
-0.29425743 -0.07525139 0.08534691
-0.29608479 -0.07513669 0.10573394
-0.29667768 -0.07733836 0.10707175
-0.29812950 -0.07823598 0.11280353
-0.29803225 -0.07911200 0.11151184
-0.29128584 -0.07269236 0.10137479
-0.29106072 -0.07266643 0.10100217
-0.29405132 -0.07366733 0.10653406
-0.29035622 -0.07259364 0.10762008
-0.29512361 -0.07497519 0.11009811
-0.30173689 -0.07841548 0.11571725
-0.29646313 -0.07894560 0.10828635
-0.29058102 -0.07762423 0.10357666
-0.29434156 -0.07868091 0.10299631
-0.29229569 -0.07815214 0.10258853
-0.29398426 -0.07665189 0.09682874
-0.15992363 -0.01747447 0.19364774
-0.16059235 -0.01696830 0.19614813
-0.15349945 -0.01449545 0.19382133
-0.16504565 -0.01939504 0.19345105
-0.14443153 -0.01573030 0.19478409
-0.15373647 -0.01557822 0.19664460
-0.15689349 -0.01807059 0.19543482
-0.15805997 -0.01567165 0.19527718
-0.15463917 -0.01525098 0.19609541
-0.17566149 -0.02597966 0.19583930
-0.16896561 -0.02140898 0.19697812
-0.14174800 -0.01880930 0.19351098
-0.14953485 -0.02080384 0.19198161
-0.15430629 -0.01785153 0.19503437
-0.15824588 -0.02143037 0.19255356
-0.15634127 -0.01878187 0.19467846
-0.15322316 -0.02105021 0.19233398
-0.16413853 -0.02204591 0.19300972
-0.16768810 -0.02178885 0.19533680
-0.16364734 -0.02118539 0.19411190
-0.14662303 -0.01819503 0.19347285
-0.14597489 -0.01711264 0.19420595
-0.20132171 -0.03168104 0.18626483
-0.15857267 -0.01866060 0.19553678
-0.17688137 -0.02409800 0.18730879
-0.17803590 -0.02436563 0.18692143
-0.14042467 -0.01255697 0.19511545
-0.16899936 -0.02129460 0.19408740
-0.16972864 -0.02173071 0.19514930
-0.14488250 -0.01270527 0.19576977
-0.18412377 -0.02426085 0.18424484
-0.18403158 -0.02469754 0.18475619
-0.20805825 -0.03034397 0.18352959
-0.18122318 -0.02714284 0.19145785
-0.17939845 -0.02691504 0.19240959
-0.14500408 -0.01034817 0.19262952
-0.17025000 -0.02201881 0.19396485
-0.19066659 -0.02738623 0.18590517
-0.19370380 -0.02627503 0.18307093
-0.17471735 -0.02431340 0.19151007
-0.17515451 -0.02469068 0.19434883
-0.15137820 -0.01435512 0.19492041
-0.19559282 -0.02904928 0.18567856
-0.19369851 -0.02860306 0.18595545
-0.19680348 -0.03086777 0.18694620
-0.13841626 -0.01425590 0.19423535
-0.13701965 -0.01495049 0.19410338
-0.20043039 -0.03213954 0.18686581
-0.19878589 -0.02725400 0.18228833
-0.18871227 -0.02496991 0.18368611
-0.18887775 -0.02561043 0.18435708
-0.28753176 -0.07119291 0.13051513
-0.28753653 -0.07273777 0.12683530
-0.28978795 -0.07541800 0.12024953
-0.28352886 -0.07057457 0.12270115
-0.28694507 -0.07371230 0.12211791
-0.28611824 -0.07236374 0.12494066
-0.28206316 -0.06950998 0.12425814
-0.28043815 -0.06891318 0.13016570
-0.29105145 -0.07589494 0.11083949
-0.29352093 -0.07514584 0.11060973
-0.28921187 -0.07578763 0.11365630
-0.28847873 -0.07476898 0.12038822
-0.28791887 -0.07376426 0.12970990
-0.28706816 -0.07388712 0.13937831
-0.28748241 -0.08363292 0.17946933
-0.28390878 -0.08001213 0.17181370
-0.28503108 -0.07114377 0.15301602
-0.29229119 -0.07305569 0.13179968
-0.29239371 -0.07349152 0.13095814
-0.29239443 -0.07419090 0.13166991
-0.29204708 -0.07220238 0.14418483
-0.29191405 -0.07205563 0.14256905
-0.29278487 -0.08369311 0.19168864
-0.29206279 -0.07734989 0.14024831
-0.29260555 -0.07338336 0.14888884
-0.29398569 -0.08060382 0.18259156
-0.29321241 -0.08196954 0.18583415
-0.29251751 -0.07164607 0.15602562
-0.29324764 -0.07401760 0.15989307
-0.29156947 -0.06991643 0.15402853
-0.29168019 -0.06983052 0.15501079
-0.29168415 -0.06878070 0.15876128
-0.29337344 -0.08006925 0.17916705
-0.29480326 -0.07817268 0.17768817
-0.29352909 -0.07430064 0.16328047
-0.28711444 -0.07124061 0.11486261
-0.28766924 -0.07116163 0.11452187
-0.29601511 -0.07734970 0.17766684
-0.29251751 -0.07131690 0.15849051
-0.29029363 -0.07930305 0.16452974
-0.29222429 -0.07702325 0.15874276
-0.29003391 -0.08004616 0.16930936
-0.29213873 -0.08098844 0.17819291
-0.29161635 -0.07450616 0.12466163
-0.29199296 -0.07751152 0.13950641
-0.29142290 -0.07637157 0.13453054
-0.29268765 -0.07534514 0.15533246
-0.29328001 -0.07440178 0.16075279
-0.29210854 -0.07703389 0.16667658
-0.29311797 -0.07725098 0.17038529
-0.29556417 -0.07490601 0.16858846
-0.29204902 -0.07452352 0.14035615
-0.29210141 -0.07318559 0.14132488
-0.29219601 -0.07330881 0.14273047
-0.28387472 -0.06901077 0.12395914
-0.28378379 -0.07228344 0.11976954
-0.28547406 -0.06863832 0.12535961
-0.28428370 -0.07609874 0.15986824
-0.28713194 -0.07795610 0.15382746
-0.28748739 -0.07163028 0.13725767
-0.28608358 -0.07227126 0.14416207
-0.28772339 -0.08549885 0.18247850
-0.28655604 -0.07919256 0.16681349
-0.28294757 -0.07713897 0.16543078
-0.28979388 -0.08128354 0.17365900
-0.29217121 -0.08173043 0.18089315
-0.28631628 -0.07818811 0.15855046
-0.28634310 -0.07856289 0.16264421
-0.28223467 -0.07006068 0.12547041
-0.27877867 -0.07118812 0.12933125
-0.28618470 -0.08203449 0.17396879
-0.28621921 -0.08041858 0.17073546
-0.28160894 -0.07102013 0.12221577
-0.27935186 -0.07053757 0.12708572
-0.28199834 -0.07207217 0.12280432
-0.28212768 -0.06788257 0.12813801
-0.29069597 -0.07772855 0.14572799
-0.29162264 -0.07762064 0.14955363
-0.28912342 -0.08184696 0.17457195
-0.28849033 -0.08284652 0.17768267
-0.29354861 -0.07505236 0.11361077
-0.28448310 -0.07397511 0.15515807
-0.28452343 -0.07358620 0.15479720
-0.28834036 -0.07849126 0.15563813
-0.28974670 -0.07841497 0.15712406
-0.28741187 -0.07760903 0.15157920
-0.28381035 -0.07846922 0.16743465
-0.28905329 -0.07665307 0.14271663
-0.28915697 -0.07650964 0.14180587
-0.28325403 -0.07217378 0.12368743
-0.28898975 -0.07557905 0.11110539
-0.28472525 -0.07164206 0.11637399
-0.28887081 -0.07548004 0.13579609
-0.28990602 -0.07602546 0.13605727
-0.28860283 -0.07540698 0.13623838
-0.29028198 -0.08603211 0.18891609
-0.28445083 -0.07295697 0.15626144
-0.28882220 -0.08464587 0.18245207
-0.28967988 -0.08333593 0.18160509
-0.28579608 -0.07351714 0.14580549
-0.28518632 -0.07539108 0.14976315
-0.28973269 -0.08858242 0.19280533
-0.28896320 -0.08725205 0.18923239
-0.29174000 -0.09194434 0.22799890
-0.29222098 -0.08590509 0.21796006
-0.29160547 -0.09007527 0.22380997
-0.29175296 -0.08898307 0.22037692
-0.29193184 -0.08750726 0.21886386
-0.28655320 -0.10221805 0.25366858
-0.29050514 -0.09469654 0.23679322
-0.29241753 -0.08932882 0.22077943
-0.28870434 -0.09838767 0.24324785
-0.29233241 -0.08885236 0.22358249
-0.28975254 -0.09596592 0.24099815
-0.28690875 -0.10097587 0.25077212
-0.28583020 -0.10115030 0.25171396
-0.27454433 -0.05171959 0.11109956
-0.27122352 -0.05246863 0.11274736
-0.27846712 -0.05294988 0.11069523
-0.27612379 -0.05516668 0.10913346
-0.27670345 -0.05577313 0.10852832
-0.27030921 -0.04684392 0.11522938
-0.25970933 -0.04099270 0.12158506
-0.26824185 -0.04675559 0.11583130
-0.27397656 -0.05667822 0.11175142
-0.27745506 -0.06202476 0.10909917
-0.28314227 -0.06453009 0.10161452
-0.28479227 -0.06743255 0.09829670
-0.26276410 -0.04994479 0.11867603
-0.27101305 -0.05628747 0.11366034
-0.26362085 -0.05172690 0.11758581
-0.27402478 -0.05857544 0.11277374
-0.27556375 -0.04951414 0.11309800
-0.26564851 -0.04409412 0.11723728
-0.26679692 -0.04883096 0.11632354
-0.26228249 -0.04468949 0.11944946
-0.26371747 -0.04805370 0.11862012
-0.26265648 -0.04338577 0.11892579
-0.35529780 -0.08754842 0.16064699
-0.36532131 -0.09606669 0.15918116
-0.35952604 -0.09129587 0.16000165
-0.33551016 -0.08162570 0.15070441
-0.36325103 -0.09243154 0.15927345
-0.34352341 -0.08765243 0.15178475
-0.35073555 -0.08655879 0.15888500
-0.37372598 -0.08948462 0.16479026
-0.36898804 -0.08989815 0.16326386
-0.37304091 -0.09119491 0.16080724
-0.34435833 -0.08986929 0.15153286
-0.34506264 -0.09171608 0.15079713
-0.36296871 -0.09228333 0.16075909
-0.36747310 -0.09164234 0.16222709
-0.34061429 -0.08377548 0.15038188
-0.35929826 -0.08953189 0.15880881
-0.33227029 -0.08860608 0.14464611
-0.37176314 -0.09305605 0.16012561
-0.35103032 -0.08854593 0.15792224
-0.33020481 -0.08565629 0.14316186
-0.32631364 -0.08872612 0.13974756
-0.36452249 -0.08898760 0.16143784
-0.35599288 -0.08975029 0.15952195
-0.35544384 -0.08981461 0.15906838
-0.33981788 -0.08952741 0.14868808
-0.32820785 -0.08613195 0.14210857
-0.36976752 -0.09643739 0.16063602
-0.32143301 -0.08486916 0.13596551
-0.37203497 -0.08789141 0.16293922
-0.35391012 -0.08953887 0.15669279
-0.33710298 -0.08208232 0.15115012
-0.34331104 -0.08870839 0.15130278
-0.37635550 -0.08945133 0.16251133
-0.35538056 -0.08793606 0.15823771
-0.35099611 -0.08825054 0.15612495
-0.37308687 -0.09687808 0.16241762
-0.37894118 -0.09131971 0.16237330
-0.36840397 -0.09541399 0.15953065
-0.37568429 -0.09427371 0.16125099
-0.36081415 -0.08853038 0.16061907
-0.33809167 -0.08345587 0.14930636
-0.36250976 -0.09524701 0.15844184
-0.35179096 -0.08645098 0.15766573
-0.34752640 -0.08815347 0.15400031
-0.37063846 -0.09135699 0.16064949
-0.33737755 -0.08695656 0.14826940
-0.35894766 -0.08992270 0.15848053
-0.34716833 -0.08677787 0.15619227
-0.34575924 -0.09192914 0.15341470
-0.34874585 -0.09074292 0.15528180
-0.34340537 -0.08897150 0.15229668
-0.34680694 -0.09252561 0.15278214
-0.34520465 -0.08826441 0.15371819
-0.32533765 -0.08828089 0.13922943
-0.34562725 -0.08583201 0.15558514
-0.33555579 -0.08438227 0.14956842
-0.31932592 -0.08416846 0.13628301
-0.32036138 -0.08419980 0.13521573
-0.34352088 -0.09180898 0.15018372
-0.35467783 -0.09228072 0.15842512
-0.31932703 -0.08571226 0.13542001
-0.32254320 -0.08260883 0.14037080
-0.32559484 -0.08713532 0.14213677
-0.32890737 -0.09007382 0.14305986
-0.35163912 -0.09453333 0.15700798
-0.32479891 -0.08608424 0.14144555
-0.34755674 -0.08588994 0.15540126
-0.34500468 -0.08550654 0.15375325
-0.33014917 -0.08976387 0.14504185
-0.33490339 -0.08739106 0.14752388
-0.32528645 -0.08444492 0.14186737
-0.35044494 -0.09220600 0.15490466
-0.33997145 -0.09144956 0.14973845
-0.33555907 -0.08483729 0.14944860
-0.33492130 -0.09075041 0.14669001
-0.34166270 -0.09145458 0.14786988
-0.33455640 -0.08519706 0.14849336
-0.36979300 -0.09079401 0.16309844
-0.37026885 -0.09467581 0.16230786
-0.37065151 -0.09533912 0.16245389
-0.36064970 -0.09506473 0.16116871
-0.38052145 -0.09557684 0.16157579
-0.36357260 -0.09600058 0.16149905
-0.39715984 -0.09120160 0.16158850
-0.35697606 -0.09499226 0.15787493
-0.35435703 -0.09448475 0.15761621
-0.39995098 -0.09595663 0.15972194
-0.40705889 -0.09972523 0.16076683
-0.40881708 -0.09392116 0.15893313
-0.37789169 -0.09198218 0.16534211
-0.37734538 -0.09353657 0.16399536
-0.38120034 -0.09374224 0.16469954
-0.35507935 -0.09385161 0.15891877
-0.38276911 -0.09183677 0.16659893
-0.37569600 -0.09060137 0.16515820
-0.38431588 -0.09227806 0.16620123
-0.36090791 -0.09708037 0.16086034
-0.40566045 -0.09848362 0.16133885
-0.40784690 -0.10073086 0.15768823
-0.40190491 -0.09964150 0.15927994
-0.40762490 -0.09493299 0.16121094
-0.38244978 -0.09815431 0.16392799
-0.39111272 -0.09251945 0.16192621
-0.39595637 -0.09196675 0.16143733
-0.40358651 -0.09749936 0.15870264
-0.40582627 -0.09761672 0.15810743
-0.38668397 -0.09397097 0.16181359
-0.37892032 -0.08945259 0.16360232
-0.41107818 -0.09444451 0.16090171
-0.40680698 -0.10112077 0.16000140
-0.41223279 -0.09714765 0.15659831
-0.40685451 -0.09600560 0.15804181
-0.36159620 -0.09722269 0.16123201
-0.39397410 -0.09504679 0.16083905
-0.38453507 -0.09586681 0.16471204
-0.38522047 -0.09499953 0.16450420
-0.38152605 -0.08918407 0.16526316
-0.39518341 -0.09725466 0.16037387
-0.37680367 -0.09704841 0.16411696
-0.37542704 -0.09462329 0.16349022
-0.38079107 -0.09181304 0.16262539
-0.38543412 -0.09039039 0.16571979
-0.40675768 -0.09933829 0.15732157
-0.42953464 -0.09505185 0.15295130
-0.42547002 -0.09622814 0.15284736
-0.42485553 -0.09720477 0.15040538
-0.43049610 -0.09707262 0.14986260
-0.43044841 -0.09492119 0.15261436
-0.30676579 -0.08085386 0.12328865
-0.30530414 -0.07963675 0.12074333
-0.31011090 -0.07971447 0.12443935
-0.30806169 -0.08113038 0.12363406
-0.32555050 -0.08239225 0.14174515
-0.31969902 -0.07991425 0.13699512
-0.32007375 -0.08134691 0.13563868
-0.31404114 -0.08273359 0.12942809
-0.32300425 -0.08325341 0.13799131
-0.32782394 -0.08391121 0.14257754
-0.32132751 -0.08199430 0.13688080
-0.33427048 -0.08528187 0.14634115
-0.31548324 -0.08203782 0.13039333
-0.32806078 -0.08293051 0.14565577
-0.33169639 -0.08199028 0.14879268
-0.32896483 -0.08289505 0.14660044
-0.31410417 -0.08017340 0.13145873
-0.31338778 -0.08135169 0.13042136
-0.33376315 -0.08323202 0.14733747
-0.12157948 -0.01929376 0.19839892
-0.14098381 -0.02026903 0.18785369
-0.13895901 -0.02176941 0.19054417
-0.13778199 -0.01788244 0.18848503
-0.12322148 -0.01373627 0.19433659
-0.13296404 -0.01678206 0.19160232
-0.13531224 -0.02343833 0.19409679
-0.13496846 -0.01916521 0.19092566
-0.13320051 -0.01782666 0.19127308
-0.12910464 -0.01908212 0.19398254
-0.13189055 -0.01968907 0.19262932
-0.13782160 -0.02405375 0.19335695
-0.12955685 -0.02009592 0.19442473
-0.14233983 -0.02345081 0.18908483
-0.13875416 -0.02054678 0.18988802
-0.13094577 -0.01637432 0.19261084
-0.12325026 -0.01453114 0.19444509
-0.12301634 -0.01314808 0.19401507
-0.12566790 -0.01321174 0.19348428
-0.13187967 -0.02182346 0.19671676
-0.14087217 -0.01698795 0.18771423
-0.14162976 -0.01553409 0.18973508
-0.13682829 -0.02109628 0.19426621
-0.13531576 -0.01271757 0.19432364
-0.12616719 -0.02044203 0.19698174
-0.13610402 -0.01923088 0.19408289
-0.13313156 -0.01312672 0.19514631
-0.13179933 -0.01574404 0.19513328
-0.12851937 -0.02044938 0.19672894
-0.13291048 -0.02112840 0.19654456
-0.41567549 -0.09993856 0.15450318
-0.42798257 -0.09545300 0.15365560
-0.42058507 -0.09713528 0.15251799
-0.41769844 -0.09746876 0.15390533
-0.43040913 -0.09816039 0.14860524
-0.42259517 -0.09766590 0.15177256
-0.41910383 -0.09599845 0.15727670
-0.41205612 -0.09452176 0.15745716
-0.41317394 -0.09969118 0.15681981
-0.41729051 -0.09884034 0.15449838
-0.42640528 -0.09817310 0.14974867
-0.41076380 -0.09958338 0.15874964
-0.41545892 -0.09566049 0.15593329
-0.42521238 -0.09717490 0.15604857
-0.41795129 -0.09614059 0.15813147
-0.41951215 -0.09880542 0.15459616
-0.42359135 -0.09775273 0.15486860
-0.41310143 -0.09501486 0.16029544
-0.41383484 -0.09863486 0.15740138
-0.42474416 -0.09783763 0.15418531
-0.21475966 -0.03314794 0.18353009
-0.20625421 -0.02930415 0.18301564
-0.20250118 -0.02813756 0.18275426
-0.11898373 -0.01788765 0.19784725
-0.18302476 -0.02399483 0.17917857
-0.10374656 -0.01026651 0.19812909
-0.21074843 -0.02923294 0.18267110
-0.20217744 -0.02676018 0.18080910
-0.21442413 -0.02922877 0.18349771
-0.10489244 -0.01194468 0.19771488
-0.24330379 -0.05724813 0.17244577
-0.10663096 -0.01338488 0.19738115
-0.13950989 -0.02417352 0.19222963
-0.25033396 -0.06420325 0.16265701
-0.24659780 -0.06078114 0.17038397
-0.13083948 -0.01044040 0.19185545
-0.14928730 -0.02631665 0.18860249
-0.24974096 -0.06255782 0.16649356
-0.12845472 -0.00877143 0.19283660
-0.09864250 -0.01107928 0.19844495
-0.11077657 -0.01557489 0.19726275
-0.24707341 -0.06074926 0.17004111
-0.11949121 -0.00677161 0.19589065
-0.21021132 -0.04407553 0.18740065
-0.12063383 -0.00884384 0.19979136
-0.11363495 -0.01688474 0.19840990
-0.22244573 -0.04848299 0.17988195
-0.22965200 -0.03853900 0.17999321
-0.12786710 -0.00789141 0.19561572
-0.13449734 -0.01283436 0.19133832
-0.22164580 -0.04449369 0.18378425
-0.21704499 -0.04158736 0.18530694
-0.24335647 -0.05355714 0.17239076
-0.24538210 -0.05430914 0.17137171
-0.24642722 -0.05872410 0.17088656
-0.24737588 -0.05889456 0.16982540
-0.19804947 -0.03633933 0.18973571
-0.17982247 -0.02358481 0.18313886
-0.18288572 -0.02918485 0.19121124
-0.24208778 -0.04472053 0.17598519
-0.21916139 -0.04472098 0.18540899
-0.21993960 -0.04649008 0.18448626
-0.20954622 -0.03775906 0.18802963
-0.11054292 -0.01427706 0.20166709
-0.24205001 -0.04376199 0.17619917
-0.23752016 -0.04261889 0.17702927
-0.18236777 -0.02841933 0.19089189
-0.24404803 -0.04185360 0.17521323
-0.24599603 -0.04329131 0.17715906
-0.24058786 -0.04147751 0.17625101
-0.14598699 -0.02518392 0.18879062
-0.24476388 -0.04704520 0.17524074
-0.24835084 -0.04787474 0.17525698
-0.23266186 -0.03607004 0.17765298
-0.18476333 -0.02871735 0.18848553
-0.18767066 -0.02912865 0.18761082
-0.17971160 -0.02953510 0.19349700
-0.24614652 -0.06327577 0.16689298
-0.18219070 -0.02575281 0.18495324
-0.18883574 -0.02463317 0.18217367
-0.14111269 -0.02503625 0.19194436
-0.18039514 -0.02668235 0.18762560
-0.22933613 -0.04051188 0.18034060
-0.22695272 -0.04443199 0.18140766
-0.22620253 -0.04183771 0.18193069
-0.11020745 -0.01491728 0.20072649
-0.24514629 -0.06210634 0.16986069
-0.17270868 -0.02599723 0.18064423
-0.13807142 -0.02198975 0.19362369
-0.22410186 -0.04189438 0.18272100
-0.21966146 -0.04017327 0.18391308
-0.23070250 -0.03700185 0.17926022
-0.14456412 -0.02301751 0.19096842
-0.24413739 -0.05559031 0.16979465
-0.16316624 -0.02811081 0.18388881
-0.20926562 -0.03734343 0.18787821
-0.14853361 -0.02592492 0.18905874
-0.22812669 -0.04166931 0.18100277
-0.22936179 -0.04356048 0.18026327
-0.18125363 -0.02480086 0.18085325
-0.17964536 -0.02619064 0.18705097
-0.19119792 -0.02640331 0.18369721
-0.18299782 -0.02463802 0.18058553
-0.18339795 -0.02943118 0.19276363
-0.20008561 -0.03761241 0.19125907
-0.21060972 -0.04232745 0.18986896
-0.15424000 -0.01712307 0.18878824
-0.18645008 -0.02737551 0.18785803
-0.18369764 -0.02884935 0.19179156
-0.21255019 -0.02844311 0.18157861
-0.18429711 -0.02331453 0.18295728
-0.12204637 -0.00715050 0.19468929
-0.15941758 -0.02032999 0.18781641
-0.15846719 -0.02283005 0.18699685
-0.17551839 -0.02619663 0.19048721
-0.15543665 -0.01576800 0.19300845
-0.15765236 -0.02729006 0.18487605
-0.15158582 -0.01814262 0.18849520
-0.11244524 -0.00687155 0.20032029
-0.19614041 -0.03350557 0.19029742
-0.19115698 -0.03212249 0.19110852
-0.20702513 -0.03879908 0.19169912
-0.19156437 -0.03396973 0.19232818
-0.19102691 -0.03465715 0.19276369
-0.19257680 -0.02978292 0.18757342
-0.18784852 -0.03090249 0.19126315
-0.19073407 -0.03133640 0.19037773
-0.15318245 -0.02335825 0.19019370
-0.18586291 -0.02599025 0.18416564
-0.14695223 -0.01267931 0.19028884
-0.14132266 -0.01206246 0.19114621
-0.19120169 -0.02912699 0.18573768
-0.17432591 -0.02493336 0.18627486
-0.11925858 -0.01282322 0.19821551
-0.13592637 -0.00907214 0.19197638
-0.22831368 -0.05085007 0.17566587
-0.18626042 -0.03217040 0.19142246
-0.16032317 -0.02065616 0.18843286
-0.13904640 -0.00990274 0.19129112
-0.25156689 -0.05104683 0.17167675
-0.25056827 -0.05221725 0.17039864
-0.25446934 -0.05442637 0.16564785
-0.10692149 -0.01114207 0.20035590
-0.12462677 -0.01678218 0.19713663
-0.21502683 -0.04145109 0.18488608
-0.14984243 -0.01471497 0.18930683
-0.18625270 -0.03401098 0.19202553
-0.14747068 -0.01825701 0.18803257
-0.22427440 -0.04863518 0.17813215
-0.21014987 -0.03227464 0.18370688
-0.20476724 -0.03202079 0.18455866
-0.24818102 -0.04916904 0.17385241
-0.25085482 -0.04932271 0.17429003
-0.16296363 -0.02115728 0.18971778
-0.14983496 -0.02119709 0.18856016
-0.11893487 -0.00851701 0.20003156
-0.12133248 -0.01624532 0.19802141
-0.11657641 -0.01503624 0.19988306
-0.11603475 -0.01489659 0.20011663
-0.22674970 -0.04914989 0.17701611
-0.13557889 -0.01038446 0.19412993
-0.12455215 -0.01178018 0.19788010
-0.12422136 -0.01103190 0.19850431
-0.11253300 -0.01339519 0.20031008
-0.15792802 -0.02469556 0.18857652
-0.16288185 -0.02407320 0.18788216
-0.16072230 -0.01874800 0.19252226
-0.23985724 -0.05575207 0.17355825
-0.24171308 -0.05728420 0.17318051
-0.11534973 -0.01051429 0.19937986
-0.17734045 -0.02652547 0.18959452
-0.22211078 -0.04788755 0.18001537
-0.24134681 -0.05133919 0.17420065
-0.24110015 -0.04843146 0.17519990
-0.10740049 -0.00838358 0.20086175
-0.11596920 -0.01161366 0.19855757
-0.21708019 -0.04544653 0.18390508
-0.12672769 -0.01287006 0.19705549
-0.12723793 -0.01530373 0.19624168
-0.10195804 -0.00683125 0.20086750
-0.15044428 -0.02289927 0.18768179
-0.24870764 -0.04705406 0.16936150
-0.24694116 -0.04503781 0.16982383
-0.15346630 -0.02549108 0.18565986
-0.20493345 -0.03340308 0.18500558
-0.21236199 -0.03552284 0.18415153
-0.17461084 -0.02565616 0.19348234
-0.25223991 -0.04644085 0.17225005
-0.25560218 -0.04802063 0.16980642
-0.15407066 -0.01497913 0.19092998
-0.24795865 -0.04388228 0.17582650
-0.24940115 -0.04477017 0.17423148
-0.20552102 -0.03739888 0.19087711
-0.14078680 -0.02130459 0.19225956
-0.14265344 -0.02090134 0.19248040
-0.23566332 -0.05469326 0.17406820
-0.25324339 -0.05612181 0.16556698
-0.25844175 -0.05650286 0.16192281
-0.25494805 -0.05536188 0.16474722
-0.23349714 -0.04765045 0.17804909
-0.23519108 -0.04653537 0.17763291
-0.14552598 -0.01064320 0.19156967
-0.23713191 -0.05592882 0.17358969
-0.15970322 -0.02411970 0.18576318
-0.20678054 -0.03499392 0.18688223
-0.20669457 -0.03449070 0.18631035
-0.16918036 -0.02273146 0.18880144
-0.17074829 -0.02321716 0.18996494
-0.18654478 -0.02240059 0.18030164
-0.14394647 -0.01713959 0.18788978
-0.14770988 -0.01627382 0.18880355
-0.17402121 -0.02358820 0.18149357
-0.17202079 -0.02544050 0.17984299
-0.18400812 -0.02215058 0.17939042
-0.12712118 -0.01070943 0.19287357
-0.18780035 -0.02323408 0.17962681
-0.16272019 -0.02609704 0.18667758
-0.17108059 -0.02303252 0.18641207
-0.17464708 -0.02423542 0.17951061
-0.21246496 -0.03114624 0.18375707
-0.19856049 -0.03548353 0.19143037
-0.23269148 -0.05145320 0.17381865
-0.24053781 -0.04032991 0.17520134
-0.24614190 -0.04208023 0.17268917
-0.21213898 -0.04347490 0.18839461
-0.21971929 -0.04874516 0.18367706
-0.24610057 -0.04310845 0.17050384
-0.24734575 -0.04296362 0.17179257
-0.23236641 -0.04976081 0.17623222
-0.25711331 -0.05409425 0.16468547
-0.25527960 -0.05120254 0.16798590
-0.25579673 -0.04914360 0.16879888
-0.25547302 -0.04884470 0.16961372
-0.25962380 -0.05031503 0.16375485
-0.23776227 -0.05160400 0.17518130
-0.21490321 -0.03652498 0.18382846
-0.21307269 -0.04473474 0.18567778
-0.16949122 -0.02385396 0.19238664
-0.24580160 -0.05615202 0.16885412
-0.19405191 -0.03607913 0.19139029
-0.18784852 -0.03290748 0.19268560
-0.15378593 -0.02572720 0.18839271
-0.18682763 -0.03475937 0.19298241
-0.22375625 -0.04940496 0.17914256
-0.19668376 -0.03048403 0.18526742
-0.19601023 -0.02929606 0.18466975
-0.17518157 -0.02334094 0.18270910
-0.19148013 -0.03571328 0.19238615
-0.16465645 -0.02522583 0.18333182
-0.20138882 -0.03602199 0.18838349
-0.18331449 -0.03263738 0.19415408
-0.13890025 -0.01131950 0.19104427
-0.25523621 -0.04751269 0.16875905
-0.21042469 -0.02929994 0.18183130
-0.16887346 -0.02277427 0.18664730
-0.17972066 -0.02311757 0.18126753
-0.16701435 -0.02282187 0.18537343
-0.17047967 -0.02257696 0.19093250
-0.21104372 -0.04118601 0.18723114
-0.16689037 -0.02360461 0.18360724
-0.16078326 -0.02346623 0.18892372
-0.15888804 -0.02238595 0.19166522
-0.16209082 -0.02380280 0.18821241
-0.20706971 -0.03774098 0.18681930
-0.22842304 -0.05212569 0.17587914
-0.12264473 -0.00897090 0.19964847
-0.16767456 -0.02398362 0.19023436
-0.11065201 -0.00666589 0.19975689
-0.19691326 -0.03220845 0.18645261
-0.16425911 -0.02779077 0.18439180
-0.23346049 -0.05418936 0.17470127
-0.12183481 -0.00929396 0.19338636
-0.20544329 -0.02983618 0.18231221
-0.20073448 -0.02704428 0.18068258
-0.19716227 -0.02813608 0.18331656
-0.20366946 -0.03645895 0.18768902
-0.20659047 -0.03646736 0.18616700
-0.20241769 -0.02872805 0.18153854
-0.23116104 -0.04876915 0.17824346
-0.22598085 -0.04990144 0.17947793
-0.24341971 -0.05112856 0.17334171
-0.24108171 -0.05178711 0.17410089
-0.18955681 -0.03319889 0.19100386
-0.25498244 -0.04969793 0.16603743
-0.20141344 -0.03546933 0.18789940
-0.20357324 -0.02728502 0.18081170
-0.22573672 -0.04699137 0.18142079
-0.13098115 -0.00981296 0.19533554
-0.18372573 -0.02243570 0.18077169
-0.17615619 -0.02561084 0.18141629
-0.24652390 -0.05971421 0.16888085
-0.21763010 -0.04696940 0.18313420
-0.17263868 -0.02614213 0.18351252
-0.19344711 -0.02781836 0.18424518
-0.12911420 -0.00837251 0.19415358
-0.22338468 -0.04660019 0.18283306
-0.21253222 -0.02913919 0.18127804
-0.17673348 -0.02548400 0.18251529
-0.20246151 -0.03857324 0.19031483
-0.19415873 -0.03368787 0.18871237
-0.23468189 -0.04647712 0.17623585
-0.22654113 -0.04206105 0.17963812
-0.25774667 -0.05390205 0.16287303
-0.23165478 -0.04609180 0.17755456
-0.24857052 -0.05556741 0.16714346
-0.23743175 -0.04545264 0.17676310
-0.24816902 -0.04997437 0.17006229
-0.24224836 -0.04449976 0.17358150
-0.23368418 -0.03858442 0.17583731
-0.21733321 -0.03910433 0.18455246
-0.21922092 -0.03669650 0.18392079
-0.21469030 -0.03782398 0.18495820
-0.24582162 -0.05487388 0.16904441
-0.24237783 -0.05429878 0.17088547
-0.24537671 -0.05081161 0.17036527
-0.22948293 -0.03381878 0.17889866
-0.26017007 -0.05372785 0.16036372
-0.23694648 -0.04362469 0.17703316
-0.25169596 -0.05980275 0.16423495
-0.22263594 -0.03994304 0.18155310
-0.23524004 -0.04001628 0.17612304
-0.22141463 -0.04375728 0.18233213
-0.25436389 -0.05372503 0.16606875
-0.24858737 -0.05916600 0.16693474
-0.23351429 -0.03783250 0.17617548
-0.23321483 -0.03445680 0.17765105
-0.22570331 -0.03544584 0.18148856
-0.23047560 -0.03360344 0.17901213
-0.25383720 -0.05507556 0.16457644
-0.24987042 -0.05689488 0.16582674
-0.22385019 -0.03864660 0.18262845
-0.22112760 -0.03184491 0.18538740
-0.22177663 -0.03459988 0.18431972
-0.21274285 -0.03334275 0.18462518
-0.22336408 -0.04382935 0.18103859
-0.21794513 -0.03201451 0.18499245
-0.22245197 -0.03154156 0.18297899
-0.23958987 -0.03867028 0.17341246
-0.23883091 -0.03897819 0.17532009
-0.23363149 -0.03667621 0.17709795
-0.22578324 -0.03567295 0.18268333
-0.22751848 -0.03770712 0.18137728
-0.21824636 -0.03348482 0.18392655
-0.22079176 -0.03577678 0.18290518
-0.22458808 -0.03270308 0.18370503
-0.22751009 -0.03688692 0.18001275
-0.21686347 -0.03956229 0.18322989
-0.25046167 -0.04985643 0.16885260
-0.21917556 -0.03095262 0.18132825
-0.23948598 -0.04940914 0.17378761
-0.22446223 -0.03313714 0.18248561
-0.25457475 -0.05069798 0.16627122
-0.22921655 -0.04041374 0.17919490
-0.22568724 -0.03893439 0.18091911
-0.23194635 -0.04911358 0.17690134
-0.22919165 -0.04799882 0.17851877
-0.25209567 -0.05277288 0.16747725
-0.24359649 -0.04749633 0.17230664
-0.23677115 -0.04005810 0.17513366
-0.21740557 -0.04221242 0.18408391
-0.29212821 -0.08968972 0.20512359
-0.29266700 -0.07377128 0.12740169
-0.29227647 -0.07351638 0.12441476
-0.29164201 -0.07294846 0.12104391
-0.29414323 -0.08385887 0.20941664
-0.28761879 -0.08150358 0.17380831
-0.29221663 -0.08912771 0.21412748
-0.28989574 -0.06966746 0.14435117
-0.28827241 -0.07096741 0.13747419
-0.28875655 -0.06953997 0.14751872
-0.28698534 -0.07112904 0.14214182
-0.28999633 -0.07115223 0.13097405
-0.28990287 -0.07063898 0.12648235
-0.28864864 -0.07079294 0.12774386
-0.29047275 -0.08195048 0.17811523
-0.29256144 -0.08300862 0.19025612
-0.29263842 -0.08047211 0.17944239
-0.29079908 -0.08244575 0.18145485
-0.29135263 -0.08292026 0.18552962
-0.28951120 -0.08337793 0.18099818
-0.28794807 -0.06786051 0.15543726
-0.28942332 -0.06774906 0.15341333
-0.28981245 -0.07174189 0.16010264
-0.29453957 -0.07765765 0.17402899
-0.29509518 -0.07638177 0.17062496
-0.29181784 -0.08947200 0.20659785
-0.28878731 -0.08005079 0.16964430
-0.29177848 -0.07787471 0.16713069
-0.29042500 -0.07184067 0.11847744
-0.28748670 -0.07053462 0.12644802
-0.28689492 -0.06947897 0.15151550
-0.28775257 -0.06972128 0.12112606
-0.29209226 -0.07360011 0.11836433
-0.29314372 -0.07814319 0.17103268
-0.29406136 -0.07841479 0.17554525
-0.29200569 -0.07925484 0.17180790
-0.29378659 -0.07455657 0.11181357
-0.29305875 -0.07207480 0.16305202
-0.28672692 -0.07197294 0.15775302
-0.29292458 -0.09090190 0.21219230
-0.28818062 -0.07183488 0.11184964
-0.28827682 -0.07193229 0.15903021
-0.29212850 -0.08764089 0.20515090
-0.29249680 -0.08658478 0.20349036
-0.29324946 -0.08406512 0.19603470
-0.28425696 -0.07729200 0.16552438
-0.29351923 -0.08348864 0.20052519
-0.29178044 -0.07373867 0.11142681
-0.28526360 -0.07575716 0.16222340
-0.29380429 -0.08521783 0.21183459
-0.29401946 -0.08280016 0.20543167
-0.29273880 -0.08478886 0.20813233
-0.28886342 -0.06933284 0.15744370
-0.28866649 -0.07663573 0.16362098
-0.29064476 -0.07745612 0.16552241
-0.29402465 -0.08152809 0.18861182
-0.29498455 -0.07400519 0.16750734
-0.29411471 -0.07427997 0.16611256
-0.28463995 -0.07613138 0.16295883
-0.29643375 -0.07680461 0.17631188
-0.29238793 -0.08822121 0.21500456
-0.28841874 -0.08042867 0.17060234
-0.28518468 -0.08114374 0.17200862
-0.29706895 -0.07738601 0.17931138
-0.40403458 -0.09300187 0.16193072
-0.38796207 -0.09724422 0.16395773
-0.38653585 -0.09787437 0.16429314
-0.39352363 -0.09273160 0.16372250
-0.39425585 -0.09290325 0.16344832
-0.38960102 -0.09417026 0.16430670
-0.39958933 -0.09858847 0.16380514
-0.39753246 -0.10123301 0.16312322
-0.39704424 -0.10103181 0.16318052
-0.39929926 -0.09633513 0.16301224
-0.38867274 -0.09876564 0.16359082
-0.40298873 -0.09409931 0.16216235
-0.39869982 -0.10037712 0.16110602
-0.39006865 -0.09819502 0.16121784
-0.38478982 -0.09949918 0.16396011
-0.38481471 -0.09792986 0.16311789
-0.38862348 -0.09537611 0.16402222
-0.39461273 -0.10097158 0.16221271
-0.27216837 -0.06254201 0.14714314
-0.26953661 -0.06021793 0.15077306
-0.27101660 -0.06753234 0.14486997
-0.27072787 -0.06485581 0.14587767
-0.28111261 -0.06754281 0.13225749
-0.28089711 -0.06824005 0.13126138
-0.27625769 -0.06909476 0.13725956
-0.27548385 -0.06941304 0.13854124
-0.27115929 -0.06058237 0.14976263
-0.26820365 -0.05581949 0.15291336
-0.28173783 -0.06521798 0.13516945
-0.28248140 -0.06547192 0.13455789
-0.28000301 -0.06362908 0.14358750
-0.26980034 -0.06362115 0.14801928
-0.27552950 -0.06471795 0.14328612
-0.27670914 -0.06438783 0.14307097
-0.28152555 -0.06363634 0.13847895
-0.27800667 -0.06783527 0.13467573
-0.27909642 -0.06539185 0.13789533
-0.27444845 -0.06221177 0.14708443
-0.27439091 -0.06452650 0.14092429
-0.27742979 -0.06486901 0.13801239
-0.28057721 -0.06362122 0.13879643
-0.27421689 -0.06807132 0.13742466
-0.27392599 -0.06642968 0.13936618
-0.27512360 -0.06213922 0.14523305
-0.27846497 -0.06273734 0.14197004
-0.28054929 -0.06263100 0.14188164
-0.27212009 -0.05825482 0.15016340
-0.27037632 -0.05762623 0.15177271
-0.26841298 -0.05710091 0.15303743
-0.27742937 -0.07200624 0.13190237
-0.26713964 -0.05500665 0.15377800
-0.27769068 -0.06912446 0.13182965
-0.27529132 -0.07009350 0.13678990
-0.27557600 -0.06795403 0.13543509
-0.27759069 -0.06257161 0.14605346
-0.29144356 -0.07753690 0.10036058
-0.29075626 -0.07680664 0.09349702
-0.29392084 -0.07840541 0.08924006
-0.29264361 -0.07784843 0.09133518
-0.29102871 -0.07686496 0.09204458
-0.28998053 -0.07660154 0.09558832
-0.28991112 -0.07507603 0.09810447
-0.28700864 -0.07413775 0.09231355
-0.28871125 -0.07247297 0.09500161
-0.28766549 -0.07428785 0.08845200
-0.28741544 -0.07480708 0.08880981
-0.28631255 -0.06886463 0.09624787
-0.28765854 -0.07127574 0.09199126
-0.29000986 -0.07564420 0.08085443
-0.28973302 -0.07617727 0.09019887
-0.29069442 -0.07717675 0.08193630
-0.29057014 -0.07688035 0.08080003
-0.29558685 -0.07906829 0.07788138
-0.29527014 -0.08029312 0.07494191
-0.29279792 -0.07898393 0.07582773
-0.29471064 -0.08015195 0.07360914
-0.29139030 -0.07777099 0.08342799
-0.29212523 -0.07819844 0.08501107
-0.29190740 -0.07845762 0.07662310
-0.28679261 -0.06862377 0.09747691
-0.29485008 -0.07625396 0.07691260
-0.29243174 -0.07420777 0.08216215
-0.29326355 -0.07533384 0.07390866
-0.29129365 -0.07525860 0.07755227
-0.29049560 -0.07419486 0.08358850
-0.29412287 -0.07875914 0.08580551
-0.29023680 -0.07155431 0.09411555
-0.28902462 -0.07478727 0.10642841
-0.28972244 -0.07523090 0.10214337
-0.28957307 -0.07640192 0.10672610
