-0.59216958 0.21461633 -0.23453780
-0.60590726 0.19803947 -0.24952249
-0.59468722 0.21156958 -0.23735589
-0.59201503 0.22307143 -0.22005475
-0.58624655 0.22999384 -0.21395849
-0.58312446 0.23435147 -0.21525985
-0.58732116 0.22714251 -0.21650018
-0.59974450 0.21826559 -0.24217300
-0.60822052 0.20246699 -0.24487054
-0.60805869 0.19930542 -0.24789305
-0.61043930 0.20557187 -0.25090626
-0.61345828 0.20221524 -0.25130445
-0.59629142 0.21975626 -0.22376582
-0.59507924 0.20872307 -0.24746151
-0.59562850 0.20795816 -0.25006300
-0.60704821 0.20846356 -0.25121665
-0.59830481 0.20010109 -0.25298223
-0.59662414 0.20140448 -0.25269228
-0.57687992 0.24374810 -0.20211959
-0.57668871 0.24659660 -0.20379554
-0.59445876 0.21531841 -0.24413909
-0.61508113 0.19765970 -0.25078019
-0.61363596 0.20059231 -0.24777129
-0.57676780 0.25351521 -0.20129001
-0.60183251 0.21773165 -0.23842490
-0.57280004 0.26956323 -0.18737662
-0.60180974 0.19994190 -0.26397485
-0.61037117 0.20863593 -0.24711162
-0.60574383 0.20871739 -0.25455707
-0.57083446 0.27264196 -0.18548593
-0.59301805 0.22842067 -0.21712522
-0.57656580 0.24771534 -0.20120187
-0.59894508 0.21196353 -0.25465438
-0.61171919 0.20669203 -0.24678393
-0.60009819 0.21928571 -0.23939602
-0.59404224 0.21572220 -0.22931719
-0.57997012 0.24046034 -0.20428221
-0.59927732 0.21137953 -0.23342213
-0.60218632 0.20401502 -0.24218740
-0.56835479 0.27078396 -0.18607053
-0.60289735 0.21422505 -0.23473160
-0.59809691 0.22198480 -0.22598720
-0.59811366 0.22035238 -0.22672585
-0.58425397 0.23487616 -0.21014436
-0.57096303 0.26105073 -0.19247860
-0.60647494 0.21289983 -0.24279068
-0.57069701 0.26585126 -0.18973631
-0.60750532 0.20983674 -0.24041757
-0.60284787 0.20051979 -0.26336098
-0.58246958 0.23914538 -0.21522780
-0.60207462 0.20268485 -0.26199752
-0.58234531 0.23697147 -0.21148664
-0.58569932 0.22827382 -0.22121766
-0.58692354 0.22781126 -0.22460426
-0.59712887 0.21592052 -0.24839233
-0.50341195 0.26948267 -0.45982721
-0.50237924 0.27072135 -0.46249384
-0.51566154 0.26504418 -0.45453802
-0.51800627 0.26410633 -0.45213830
-0.52410907 0.26576814 -0.44382662
-0.52941239 0.26281190 -0.44195211
-0.50906485 0.26913005 -0.45669240
-0.50998414 0.26750860 -0.45887539
-0.51401132 0.26656261 -0.45183223
-0.53562915 0.26255029 -0.43497470
-0.51780438 0.26826397 -0.45065397
-0.54090041 0.25954071 -0.42713189
-0.50045300 0.26828694 -0.46566957
-0.53232265 0.26241529 -0.43284747
-0.51719350 0.26619488 -0.45345354
-0.51924491 0.26700544 -0.44976923
-0.53060043 0.26296976 -0.44280994
-0.53142029 0.26144564 -0.44303373
-0.58189887 0.23242497 -0.39902896
-0.60979372 0.22417036 -0.38935637
-0.64246190 0.20756097 -0.39192483
-0.56396228 0.25000653 -0.40675899
-0.58897948 0.23531629 -0.39405259
-0.56316024 0.25562426 -0.40634584
-0.54608220 0.25885737 -0.42417562
-0.61379123 0.22015215 -0.39013454
-0.59699672 0.23203051 -0.39095002
-0.64259392 0.20859890 -0.39136785
-0.56460840 0.25012180 -0.40620145
-0.58588290 0.23620483 -0.39544883
-0.55899292 0.25296220 -0.41037995
-0.56703883 0.24935935 -0.40484616
-0.59279406 0.23701234 -0.39329281
-0.58093750 0.23300593 -0.39981785
-0.56948972 0.25048307 -0.40371743
-0.65983802 0.19632503 -0.40221313
-0.59509069 0.23861644 -0.38919112
-0.56827646 0.24577147 -0.40293992
-0.55597466 0.25646219 -0.41807386
-0.64676744 0.20107295 -0.39649442
-0.57005179 0.25046441 -0.40209714
-0.64012581 0.20904417 -0.39108747
-0.57727438 0.24821232 -0.40020651
-0.58264053 0.23354737 -0.39840078
-0.57350725 0.24133454 -0.40128237
-0.62434250 0.21826889 -0.38900962
-0.57947558 0.24438047 -0.39940575
-0.57161909 0.23948140 -0.40190732
-0.49224737 -0.07065097 -0.34965375
-0.48574585 -0.06707395 -0.35316598
-0.49704480 -0.06612965 -0.34308425
-0.49174732 -0.06378525 -0.34760943
-0.48174089 -0.07276419 -0.35646591
-0.49533069 -0.06590544 -0.34670952
-0.49072453 -0.07300652 -0.35148665
-0.48895797 -0.07141280 -0.35367534
-0.49447080 -0.06363851 -0.33867839
-0.50115150 -0.06371679 -0.34306741
-0.64646924 0.20531692 -0.39283055
-0.65829253 0.19865543 -0.39811942
-0.65617162 0.19473511 -0.40084550
-0.64870071 0.20137073 -0.39468428
-0.68029875 0.18999878 -0.41107672
-0.67136729 0.18448134 -0.39957219
-0.68980551 0.19664747 -0.45772538
-0.68361706 0.19362628 -0.43582782
-0.69489443 0.20035510 -0.47741449
-0.67127538 0.19200546 -0.41013700
-0.67114156 0.19423483 -0.40890065
-0.68519300 0.19442011 -0.44496334
-0.67790836 0.18662430 -0.40306208
-0.69410574 0.20030810 -0.47974995
-0.69551033 0.19343273 -0.44744861
-0.69401085 0.19494018 -0.44883835
-0.68807006 0.19748968 -0.45126525
-0.69358701 0.19805247 -0.47806683
-0.69372433 0.19833858 -0.46843299
-0.69168204 0.19395044 -0.44156846
-0.69553471 0.19199003 -0.44337347
-0.67602205 0.18246722 -0.39070913
-0.67464525 0.18211821 -0.38670376
-0.68434280 0.19347082 -0.42958316
-0.67989957 0.19114995 -0.41842979
-0.70337689 0.19797494 -0.47419250
-0.70515251 0.19502698 -0.47227454
-0.70136863 0.20137264 -0.48402867
-0.70002866 0.20193811 -0.48419994
-0.67796946 0.18967305 -0.42135763
-0.67708886 0.18925378 -0.42100012
-0.70263302 0.19535166 -0.46653989
-0.68406659 0.18040097 -0.40340802
-0.67867339 0.18079607 -0.39256775
-0.68266559 0.18948779 -0.41398400
-0.68485826 0.19335321 -0.44627348
-0.68776315 0.19376865 -0.45207128
-0.67578232 0.18977198 -0.40613413
-0.69405001 0.19586153 -0.47559008
-0.69658816 0.19897386 -0.47170830
-0.66333437 0.18104210 -0.38252720
-0.70053273 0.19467588 -0.46066937
-0.69462496 0.19673696 -0.45577562
-0.69576430 0.19719517 -0.45919961
-0.68981802 0.18244964 -0.42089838
-0.67492300 0.18471041 -0.39870685
-0.68671215 0.18573590 -0.41544539
-0.68729222 0.18670429 -0.41769147
-0.66872728 0.19480403 -0.40481350
-0.66939890 0.19582631 -0.40519869
-0.68187129 0.18669048 -0.40821970
-0.68689436 0.19486161 -0.43696666
-0.68492186 0.19458513 -0.43320364
-0.67330557 0.17074776 -0.36551750
-0.65963781 0.17292288 -0.36598545
-0.65939444 0.17059191 -0.36085629
-0.66965032 0.15473032 -0.34878919
-0.66800535 0.16039440 -0.35657033
-0.67260098 0.17733160 -0.39365914
-0.66697639 0.17300345 -0.37890783
-0.67941576 0.17830263 -0.39360836
-0.68588066 0.18008770 -0.40878430
-0.65646750 0.17687485 -0.36722103
-0.66004568 0.17981842 -0.37661210
-0.68262458 0.18458200 -0.42877507
-0.69413507 0.18473718 -0.44328138
-0.69211113 0.18449171 -0.44516683
-0.67530602 0.18583187 -0.41481757
-0.67562193 0.18811768 -0.41891068
-0.67158633 0.18462503 -0.40335029
-0.66905427 0.15447968 -0.35325599
-0.66455418 0.16404940 -0.36071298
-0.66861415 0.17376633 -0.38236222
-0.67192698 0.16698125 -0.36324430
-0.67392600 0.16389805 -0.35782701
-0.69241792 0.18711448 -0.45187876
-0.67817420 0.18015188 -0.40912512
-0.68393207 0.18019825 -0.40987024
-0.66653013 0.16420208 -0.36455694
-0.66324300 0.16952467 -0.36760336
-0.66541618 0.14181644 -0.33796379
-0.66682792 0.14247116 -0.33861250
-0.67601800 0.17798792 -0.40208602
-0.66872823 0.18075417 -0.39048842
-0.67823446 0.17803645 -0.39029300
-0.67852557 0.17839947 -0.38958231
-0.66958863 0.14889954 -0.34631768
-0.66507453 0.14577252 -0.34201509
-0.68120754 0.18792337 -0.43180814
-0.68132806 0.18721014 -0.43056014
-0.66619760 0.15728474 -0.35511887
-0.68733656 0.18106179 -0.41548729
-0.66716385 0.15124880 -0.34820148
-0.69199634 0.18348835 -0.43406320
-0.66521311 0.14491063 -0.34103370
-0.66556871 0.16680762 -0.36699492
-0.66894168 0.15986790 -0.36107540
-0.68603843 0.18206638 -0.42612490
-0.68045968 0.18219282 -0.41980508
-0.69161618 0.19063847 -0.45825231
-0.68598938 0.18723807 -0.44168979
-0.69018215 0.18897679 -0.45258364
-0.66865182 0.16572922 -0.36504129
-0.69748163 -0.05556913 -0.44285983
-0.68790668 -0.05182069 -0.43122908
-0.69084269 -0.05565948 -0.44904613
-0.69868094 -0.05511188 -0.43606952
-0.69659925 -0.05108528 -0.43991691
-0.68972969 -0.05195352 -0.44038916
-0.69135815 -0.05242080 -0.44253105
-0.68771994 -0.06070536 -0.46337301
-0.68794602 -0.05586665 -0.43958047
-0.69708186 -0.05820409 -0.44740647
-0.70206618 -0.04300488 -0.40606794
-0.69230539 -0.04962956 -0.42640495
-0.69034845 -0.04854454 -0.42931968
-0.68944561 -0.05089577 -0.42133513
-0.69678861 -0.04882256 -0.41062701
-0.68741822 -0.06043890 -0.46287200
-0.69854033 -0.04945754 -0.43300629
-0.69831097 -0.05042304 -0.43390396
-0.70378953 -0.04555614 -0.41296604
-0.68800390 -0.05165568 -0.42943355
-0.69847852 -0.05093520 -0.41574377
-0.70044380 -0.05017890 -0.41954693
-0.70031905 -0.04850351 -0.42632914
-0.69290245 -0.04838130 -0.41869274
-0.70389622 0.02014494 -0.31156972
-0.69517487 0.07001685 -0.30805716
-0.69003534 0.07981941 -0.31577334
-0.69397092 0.07941552 -0.30470622
-0.68870395 0.08939873 -0.31122395
-0.68515313 0.08955665 -0.31040573
-0.68766624 0.09318471 -0.30847472
-0.68307596 0.09663235 -0.31006142
-0.69394886 0.05423123 -0.31058729
-0.69792676 0.06261370 -0.30960673
-0.69172168 0.07990382 -0.31477851
-0.70399761 0.01064968 -0.31654969
-0.68551338 0.06638107 -0.31469873
-0.69067168 0.06336591 -0.30709028
-0.68502092 0.05364569 -0.31077099
-0.68610704 0.05506023 -0.31012258
-0.70377445 0.00621737 -0.32508853
-0.70357090 0.02703349 -0.30930340
-0.70285434 0.00949149 -0.31774020
-0.69912428 0.01275401 -0.31671637
-0.69671106 0.02890987 -0.30754685
-0.69350028 0.03626810 -0.30899429
-0.69810867 0.02069772 -0.32548535
-0.69045174 0.05957356 -0.30764911
-0.69086450 0.05401834 -0.30810875
-0.69140369 0.06285363 -0.30703497
-0.69943535 0.04089852 -0.31557184
-0.68715620 0.01958262 -0.31808275
-0.68928039 0.01534034 -0.31965229
-0.68976218 0.01478587 -0.31973809
-0.69292849 0.06749354 -0.30617666
-0.69380230 0.01420719 -0.32824966
-0.69949865 0.03862388 -0.30937490
-0.68671501 0.07404893 -0.30532417
-0.68156004 0.07812795 -0.30813515
-0.68560082 0.07970105 -0.30324069
-0.69997162 0.00810944 -0.32638371
-0.68105292 0.06942634 -0.31848097
-0.68519217 0.09795246 -0.31024632
-0.69595474 0.05413887 -0.31914788
-0.67928571 0.10756107 -0.31665570
-0.68113971 0.11384996 -0.32093734
-0.69287300 0.07035597 -0.31062713
-0.70716482 0.00863884 -0.32121944
-0.66694134 0.10318860 -0.31560072
-0.66657162 0.09725478 -0.31802464
-0.68102264 0.10263664 -0.31382105
-0.67763078 0.09946562 -0.31433159
-0.67964351 0.09936442 -0.31277588
-0.68692845 0.07076418 -0.31412485
-0.68046963 0.11125561 -0.31866288
-0.70684499 0.01003440 -0.31904447
-0.68398649 0.10265255 -0.31398129
-0.69103831 0.06479762 -0.31384793
-0.69952053 -0.00293423 -0.33042437
-0.69707012 -0.00015455 -0.32741812
-0.70418471 0.00434246 -0.32923198
-0.68609679 0.06243725 -0.31744897
-0.67805886 0.11192048 -0.31964046
-0.69045871 0.09061101 -0.30587530
-0.69354063 0.06323436 -0.31327495
-0.70145541 0.02805490 -0.30674955
-0.68965566 0.02849138 -0.31360203
-0.69265854 0.01929084 -0.31542420
-0.69486350 0.00175610 -0.32566610
-0.69646692 0.00927500 -0.32005709
-0.69302970 0.03787632 -0.30900395
-0.68853396 0.03251331 -0.31323096
-0.68746841 0.02827456 -0.31499001
-0.68816537 0.03280803 -0.31339097
-0.70221508 0.01702344 -0.31064862
-0.69356233 0.08380339 -0.30599093
-0.67436558 0.09257650 -0.31382039
-0.69386697 0.06786004 -0.30637774
-0.66894829 0.09487026 -0.31354213
-0.67370510 0.10495536 -0.31774613
-0.67160618 0.08673890 -0.31542999
-0.67663652 0.09322026 -0.31296557
-0.67205244 0.11504710 -0.32277906
-0.67465198 0.09519157 -0.31438330
-0.66851258 0.09435791 -0.31674108
-0.69847608 0.04664198 -0.31687602
-0.69823879 0.04533953 -0.31704944
-0.69839418 0.03926858 -0.30923268
-0.67780828 0.08286473 -0.31561422
-0.67503899 0.07535633 -0.31856522
-0.70595717 0.01715531 -0.31561032
-0.68067634 0.08610898 -0.31121936
-0.70319146 0.01595568 -0.32546422
-0.70191735 0.01488089 -0.32554170
-0.67032206 0.08913650 -0.31492564
-0.68492985 0.07621719 -0.31637585
-0.69647473 0.04881947 -0.32106692
-0.67942590 0.08175617 -0.31549364
-0.68075466 0.07287724 -0.31898135
-0.67097968 0.15084194 -0.34570220
-0.67651123 0.13017055 -0.32651186
-0.68230307 0.11877684 -0.32239830
-0.67517716 0.14135364 -0.33100778
-0.67620128 0.14043000 -0.32989669
-0.67823923 0.09707128 -0.31327310
-0.67287451 0.17416108 -0.37820154
-0.67226315 0.17383826 -0.38359022
-0.67464811 0.17550485 -0.37906131
-0.67713934 0.14065753 -0.33076060
-0.67026603 0.17339203 -0.36218774
-0.67182356 0.17381656 -0.36387071
-0.67510056 0.18119073 -0.38535270
-0.67291445 0.17988469 -0.37502301
-0.67064965 0.15367919 -0.34610385
-0.67373830 0.11853435 -0.32510689
-0.68169641 0.12030870 -0.32346579
-0.67115313 0.12798344 -0.32753673
-0.67279160 0.13250171 -0.32837981
-0.67674792 0.15661767 -0.34759665
-0.68714726 0.09064671 -0.30392423
-0.67319214 0.15675545 -0.35033575
-0.67191458 0.08284178 -0.31829035
-0.67142260 0.15176243 -0.34302619
-0.67466414 0.09980020 -0.31565136
-0.67290884 0.13613224 -0.33327800
-0.68022829 0.14759113 -0.33540910
-0.67403150 0.12186828 -0.32642180
-0.68191689 0.08064225 -0.30764627
-0.68188977 0.08646520 -0.30844620
-0.68275213 0.08687660 -0.30708858
-0.67556524 0.13145572 -0.32835150
-0.67530507 0.11711868 -0.32126850
-0.67506742 0.12156066 -0.32310849
-0.67771477 0.15505104 -0.34636551
-0.66817182 0.09460587 -0.31414008
-0.66925371 0.09254989 -0.31376627
-0.67015344 0.09679881 -0.31349677
-0.67741758 0.13256098 -0.32575715
-0.66948265 0.14705800 -0.34241456
-0.66808903 0.08942617 -0.31595951
-0.67421949 0.08704700 -0.31319115
-0.68265361 0.12175360 -0.32384223
-0.67707741 0.12528875 -0.32345453
-0.67678714 0.11491867 -0.31996250
-0.67059356 0.17212561 -0.36107165
-0.67141491 0.12843469 -0.33040813
-0.67816246 0.15066165 -0.33912429
-0.67046356 0.14484452 -0.34146708
-0.67261237 0.16179146 -0.35304695
-0.67358518 0.14555489 -0.33824119
-0.67962515 0.13682874 -0.32686415
-0.66565561 0.09999099 -0.31370953
-0.67263359 0.14324713 -0.33510783
-0.67018586 0.14815740 -0.34279013
-0.62510508 0.21897255 -0.38836536
-0.53998524 0.26010406 -0.42915955
-0.54848605 0.25413564 -0.41675121
-0.53556180 0.26224557 -0.43210968
-0.59817028 0.23616727 -0.38670400
-0.54188424 0.25837097 -0.42659390
-0.61113495 0.22015516 -0.38856748
-0.58308423 0.24622981 -0.39691189
-0.54698771 0.25397193 -0.41776770
-0.62140214 0.22349577 -0.38942116
-0.56739265 0.24452363 -0.40106127
-0.63074720 0.21393047 -0.38918704
-0.60918790 0.21988936 -0.39017025
-0.54733700 0.25598007 -0.42116928
-0.59184229 0.23489255 -0.39216152
-0.52713615 0.26417568 -0.44109210
-0.57413131 0.24766746 -0.39949575
-0.62899268 0.21276638 -0.38858739
-0.64091736 0.20808846 -0.39083654
-0.63699472 0.20784369 -0.39131820
-0.60252637 0.23297998 -0.38713527
-0.61434090 0.22710653 -0.38935333
-0.62526995 0.21688214 -0.38849324
-0.59358168 0.23757209 -0.38852707
-0.62866902 0.21720913 -0.38796645
-0.61515343 0.22355580 -0.38802484
-0.58911538 0.23357955 -0.39406505
-0.59555763 0.23443413 -0.38969150
-0.58655792 0.23010659 -0.39504141
-0.59055895 0.23450589 -0.39228767
-0.58499688 0.23428866 -0.39299679
-0.51893866 0.26429960 -0.44992188
-0.55807292 0.25244322 -0.40921092
-0.52745241 0.25948501 -0.44481423
-0.63672143 0.20973948 -0.39121464
-0.57751065 0.24373701 -0.39751580
-0.58167708 0.23367389 -0.39785039
-0.59161454 0.23062131 -0.39013803
-0.58584112 0.24576727 -0.39674670
-0.53022426 0.25999498 -0.44357908
-0.61361849 0.22712591 -0.38879415
-0.61513960 0.21874072 -0.38982099
-0.62694979 0.21294577 -0.38790658
-0.52364242 0.26584885 -0.44252369
-0.70487285 -0.03768998 -0.37994063
-0.71122950 -0.01557959 -0.35541049
-0.70840478 -0.03310743 -0.35537523
-0.69448924 -0.00925648 -0.34594730
-0.69127089 -0.02598200 -0.35071257
-0.69786882 -0.00414917 -0.34666193
-0.70972645 -0.02342627 -0.36083078
-0.68344736 -0.02632872 -0.35492241
-0.69932532 -0.00770847 -0.36056480
-0.69841933 -0.01452463 -0.34098992
-0.69643426 -0.02274144 -0.34813669
-0.70100516 -0.03654558 -0.37115598
-0.69517028 -0.01097148 -0.33692837
-0.69559407 -0.01361132 -0.33933833
-0.70301127 -0.00213320 -0.33857870
-0.70399779 0.00317454 -0.33424294
-0.70145518 -0.03630561 -0.39078534
-0.69492477 -0.00238371 -0.33041167
-0.69388616 -0.01258432 -0.36342984
-0.70713729 -0.01817046 -0.36273700
-0.70920140 -0.01289980 -0.34975612
-0.70965171 -0.02524452 -0.35292050
-0.70302814 0.00024337 -0.33587459
-0.70303732 0.00012510 -0.33764181
-0.70127958 -0.00266390 -0.33021131
-0.70768392 -0.01836639 -0.34802270
-0.70496607 -0.01871307 -0.34499636
-0.68778300 -0.02257163 -0.34716681
-0.70371681 -0.03738133 -0.37889838
-0.70330012 -0.01163446 -0.35799062
-0.70613116 -0.01026033 -0.35618868
-0.68710834 -0.01981908 -0.33863118
-0.69223022 -0.01697489 -0.33993980
-0.69305581 -0.01387712 -0.33611134
-0.69112021 -0.01540612 -0.33215967
-0.70425314 -0.00421227 -0.34239528
-0.69257021 -0.02117984 -0.34606734
-0.68886769 -0.04627640 -0.38866219
-0.69331354 -0.00919111 -0.34628281
-0.69077289 -0.04135255 -0.37841672
-0.68795246 -0.01608304 -0.35929620
-0.69022334 -0.00808712 -0.34319577
-0.68800247 -0.05029787 -0.39355439
-0.70086563 -0.03508009 -0.36831674
-0.70659029 -0.03376383 -0.37464857
-0.70102417 -0.02740369 -0.35186002
-0.70111495 -0.01897737 -0.34547415
-0.70479947 -0.02347550 -0.34826332
-0.71246338 -0.02025096 -0.35508162
-0.70206624 -0.03710961 -0.38644695
-0.68931335 -0.04894886 -0.40380499
-0.69602656 0.00029525 -0.32848731
-0.70723295 -0.01520020 -0.34648216
-0.69556218 -0.04396530 -0.38473287
-0.69299382 -0.04395732 -0.38263071
-0.68773460 -0.04798883 -0.38525543
-0.70243102 0.00206160 -0.32852483
-0.69952458 -0.04163008 -0.38337287
-0.70507431 -0.02302981 -0.36688697
-0.71167678 -0.01725112 -0.35598424
-0.70483691 -0.01365524 -0.35907677
-0.69777834 -0.02395217 -0.36805317
-0.70859718 -0.02840830 -0.36797780
-0.68680400 -0.04809602 -0.39368442
-0.70438093 -0.00511403 -0.34698093
-0.69975924 -0.00341014 -0.34616986
-0.68707907 -0.04789418 -0.39152279
-0.70696813 -0.00792073 -0.35186523
-0.69859397 -0.00331979 -0.34079972
-0.69639844 -0.04559879 -0.40150183
-0.71255821 -0.02753896 -0.36012155
-0.68463618 -0.02166007 -0.35149699
-0.69542199 -0.04639823 -0.40564203
-0.68485636 -0.02096566 -0.34536976
-0.69184124 -0.01375612 -0.36404756
-0.69379419 -0.00769897 -0.35862586
-0.69623876 -0.03818552 -0.37453508
-0.70754272 -0.02292790 -0.36530450
-0.69056523 -0.01215481 -0.35684830
-0.69161600 -0.01046211 -0.34916258
-0.68558955 -0.03075613 -0.35547292
-0.57586390 0.02402432 -0.30407062
-0.57982814 0.03839374 -0.30003351
-0.57792443 0.05238803 -0.28711838
-0.57496625 0.04823939 -0.28860813
-0.57157087 0.04556229 -0.29069719
-0.57213771 0.02434386 -0.29095593
-0.57387447 0.03716398 -0.28910115
-0.57553226 0.03459954 -0.28856719
-0.58126593 0.04038502 -0.29727972
-0.57759809 0.03082496 -0.29511252
-0.58340669 0.05191942 -0.29387695
-0.56494105 0.00985083 -0.30799952
-0.57390904 0.01756173 -0.30042884
-0.55927879 -0.00244234 -0.30881310
-0.55596137 -0.00911077 -0.30725032
-0.58127356 0.04232945 -0.29438162
-0.57782966 0.03384378 -0.29337454
-0.57986349 0.04791000 -0.28652611
-0.55294502 -0.01119338 -0.31318426
-0.58072561 0.04689035 -0.29579237
-0.56389797 0.00616371 -0.30827495
-0.57977450 0.05573367 -0.30349389
-0.57826269 0.03038808 -0.29803127
-0.58032954 0.03925145 -0.29385501
-0.58267713 0.04640345 -0.29181677
-0.55604535 0.00145108 -0.31075171
-0.55261868 -0.01375683 -0.31220436
-0.56763339 0.00668667 -0.30431271
-0.56947398 0.01812300 -0.30666691
-0.57583594 0.02463575 -0.30530742
-0.69209695 0.00131991 -0.32991618
-0.68072551 0.05966563 -0.31381738
-0.68201166 0.03669087 -0.31808567
-0.68315995 0.04429641 -0.31450161
-0.69198614 0.02690453 -0.32300544
-0.68276930 0.03787921 -0.32286063
-0.67409396 0.06176604 -0.30961519
-0.67707813 0.07376318 -0.31020939
-0.68362832 0.01536682 -0.33176365
-0.69846284 0.02331670 -0.32392681
-0.69100362 0.03757487 -0.31946394
-0.67977256 0.01879891 -0.32521734
-0.68254787 -0.01885514 -0.33743727
-0.68179029 0.01438038 -0.33142760
-0.68628860 -0.01886092 -0.36012155
-0.68047947 0.01143369 -0.32709995
-0.68876654 -0.01541789 -0.33016762
-0.68564910 -0.01027615 -0.32724896
-0.68495077 0.04201858 -0.32049260
-0.68179244 -0.01256165 -0.32908982
-0.68840063 -0.01127042 -0.32906526
-0.69086951 -0.00830925 -0.32881740
-0.67419559 0.06204018 -0.31023103
-0.67297024 0.07396429 -0.31223109
-0.67465484 0.07015773 -0.31834555
-0.67450398 0.07013055 -0.31671375
-0.68616593 0.01319744 -0.33242756
-0.68089002 0.02101943 -0.32774615
-0.69161749 0.01649810 -0.32876486
-0.68546343 -0.00874110 -0.34055156
-0.68306923 -0.01796278 -0.32779408
-0.69830638 0.03288000 -0.31854618
-0.68589079 0.00814466 -0.32149792
-0.68676156 0.00871625 -0.32158872
-0.68700433 0.01106757 -0.32088107
-0.70202500 0.03079425 -0.31459919
-0.70497376 0.02592110 -0.31340840
-0.67575818 0.04562831 -0.31618717
-0.67377973 0.04984366 -0.31446639
-0.68091941 0.03566414 -0.32061151
-0.69269907 0.01383747 -0.32893366
-0.68039560 0.00105664 -0.33084679
-0.67092198 0.05680076 -0.31278670
-0.68650347 -0.01050935 -0.34746963
-0.68411511 -0.00426525 -0.33371443
-0.67627895 0.05766505 -0.31331372
-0.68341678 -0.02157734 -0.35626850
-0.70011628 0.03501558 -0.31619498
-0.67755985 0.06046988 -0.31245419
-0.68486470 0.05772957 -0.31590334
-0.69580001 0.02708661 -0.32160679
-0.68651527 -0.01306969 -0.35094565
-0.67306560 0.05910264 -0.31649557
-0.68025804 0.04968993 -0.31963062
-0.68049598 0.04360654 -0.32282764
-0.68739301 0.03242586 -0.32379761
-0.68452626 0.03055147 -0.32483330
-0.69336778 0.03298311 -0.31890953
-0.68993086 0.05030053 -0.32031345
-0.67939061 0.05590586 -0.31456396
-0.68057609 0.05848938 -0.31051487
-0.68081540 0.06714068 -0.31016439
-0.68787336 0.04900328 -0.31978640
-0.68418723 0.05464595 -0.31618547
-0.69352138 0.04217433 -0.32005879
-0.68557256 0.02005766 -0.33058161
-0.68429530 -0.01338660 -0.34154677
-0.67349970 0.04634269 -0.31749514
-0.68072420 0.03631913 -0.32187694
-0.67790824 0.04017828 -0.32032865
-0.67911631 0.01180791 -0.32560715
-0.68201184 0.02892349 -0.31993002
-0.68231696 0.01808190 -0.32166147
-0.68094587 0.01567190 -0.32330415
-0.67975909 0.05349486 -0.31086925
-0.67603409 0.05514663 -0.31122398
-0.68358332 0.01859442 -0.33088771
-0.68066376 -0.00534366 -0.33163521
-0.68523324 -0.01930129 -0.34793076
-0.69438326 0.01919628 -0.32713550
-0.68112963 -0.01053494 -0.33538866
-0.68032527 0.01040946 -0.32474256
-0.68136901 0.00927943 -0.32399052
-0.68150574 0.00652838 -0.32431820
-0.53290749 -0.03216751 -0.32402468
-0.53001714 -0.02079531 -0.31484357
-0.52620184 -0.02500475 -0.31635559
-0.54438281 -0.03435559 -0.32321113
-0.57271856 0.04556504 -0.30348423
-0.56961799 0.04419526 -0.30153003
-0.52593517 -0.03727489 -0.32585955
-0.53171659 -0.03764251 -0.33319733
-0.54802746 -0.00496251 -0.31373885
-0.52071154 -0.04598257 -0.33618939
-0.54838294 0.00339354 -0.30748677
-0.56111223 0.01909669 -0.29441321
-0.52150726 -0.04098853 -0.32773271
-0.54848087 -0.02903584 -0.32053852
-0.55600220 0.00372638 -0.29566884
-0.54569519 -0.00505435 -0.30098748
-0.54702985 -0.01580153 -0.31729671
-0.54825634 -0.01643387 -0.31750235
-0.54063660 -0.03217362 -0.32672766
-0.54401731 -0.02418742 -0.32357582
-0.56309599 0.02993590 -0.30226409
-0.56469482 0.02630474 -0.30470532
-0.56198376 0.01935906 -0.30591813
-0.56118512 -0.00308342 -0.30409732
-0.55667192 -0.00926245 -0.30464062
-0.53882486 -0.03489505 -0.32505673
-0.54191470 -0.01293719 -0.31634444
-0.52384764 -0.04812975 -0.33092529
-0.54703009 -0.01627704 -0.30669650
-0.54588586 -0.01698007 -0.30792239
-0.53913593 -0.02388327 -0.30817896
-0.55427271 0.00189649 -0.31118962
-0.54389781 -0.01377630 -0.31653416
-0.55348420 -0.00699424 -0.29733661
-0.52473819 -0.04226357 -0.33367497
-0.55435550 -0.01203727 -0.30625254
-0.54148978 -0.02221554 -0.32394034
-0.53983033 -0.02242869 -0.32286057
-0.53455901 -0.02961410 -0.32538477
-0.53361714 -0.03018402 -0.32916242
-0.56399322 0.02655863 -0.29332986
-0.56499225 0.02387374 -0.29305181
-0.51516956 -0.04557554 -0.33914736
-0.56684977 0.00228623 -0.29420650
-0.52120560 -0.03784512 -0.32681733
-0.56993425 0.04913169 -0.29886791
-0.57088917 0.05122544 -0.29721013
-0.56714559 0.03747245 -0.29316652
-0.56648248 0.03923507 -0.29864439
-0.55852538 0.01688710 -0.29819125
-0.55436081 -0.01186470 -0.30534264
-0.55718887 -0.00843638 -0.29825214
-0.56093395 0.02757560 -0.30082536
-0.56104881 0.01092762 -0.30908057
-0.56139255 0.00718050 -0.30904487
-0.53202319 -0.01936234 -0.31486702
-0.52355427 -0.03186124 -0.32198775
-0.57053488 0.01123626 -0.29496804
-0.56824255 0.00951558 -0.29213443
-0.52024156 -0.04055671 -0.32853204
-0.53420341 -0.03888319 -0.32769066
-0.55016237 -0.01011114 -0.29953447
-0.54848087 -0.00751260 -0.29981530
-0.52289146 -0.04716360 -0.33167374
-0.53455687 -0.03196534 -0.33121422
-0.56984025 0.01688436 -0.29147199
-0.56942642 0.01458107 -0.29148799
-0.56513768 0.01123744 -0.29267806
-0.57243621 0.01367630 -0.29692149
-0.52976769 -0.03254261 -0.32486051
-0.57679129 0.04126750 -0.30594882
-0.57650781 0.04608493 -0.30492926
-0.56016350 0.02413556 -0.29908878
-0.55927408 0.01385559 -0.30744547
-0.53106487 -0.04188637 -0.32994810
-0.51796633 -0.04980511 -0.33287299
-0.53927851 -0.01043882 -0.31233612
-0.56228143 0.00364187 -0.29323906
-0.55721611 -0.00064453 -0.29501069
-0.51712602 -0.05135492 -0.33327857
-0.57802141 0.05737490 -0.30322155
-0.56515765 0.03517172 -0.29729086
-0.55474871 0.01445268 -0.30357695
-0.55004829 0.00504154 -0.30238730
-0.55672228 0.01331158 -0.29893762
-0.54936391 0.00285752 -0.30139607
-0.53395385 -0.02522790 -0.32088551
-0.53307074 -0.03067011 -0.33124474
-0.54136550 -0.03045718 -0.32662427
-0.57222956 0.03885223 -0.30539921
-0.56597692 0.02340031 -0.30669904
-0.53782809 -0.01304018 -0.31354877
-0.53897661 -0.02545421 -0.32694966
-0.54924244 0.00259991 -0.30912662
-0.55431366 0.00580418 -0.30927834
-0.52968246 -0.02466838 -0.30885702
-0.53242493 -0.03934542 -0.33107844
-0.53738403 -0.01162878 -0.30947167
-0.51812696 -0.04317787 -0.33003774
-0.57645297 0.03120482 -0.30523840
-0.57154036 0.03093874 -0.30630717
-0.53168863 -0.02380464 -0.30811399
-0.53696740 -0.01835080 -0.30599365
-0.54299730 -0.01116517 -0.30308449
-0.54576862 -0.01724328 -0.30285165
-0.68617773 0.18839654 -0.48543283
-0.69506049 0.20240405 -0.48679212
-0.68805414 0.19627632 -0.48567629
-0.68574619 0.19629984 -0.48456520
-0.52903628 -0.03310860 -0.31075352
-0.51375169 -0.04939593 -0.33317897
-0.51386446 -0.03747380 -0.32243454
-0.51066244 -0.04017352 -0.32430819
-0.51194912 -0.04382702 -0.32960275
-0.49173754 -0.06237577 -0.33996090
-0.50318658 -0.04864631 -0.33031946
-0.50299078 -0.05202217 -0.33711231
-0.51998681 -0.03224691 -0.31584674
-0.48739621 -0.07643670 -0.35294986
-0.53210783 -0.02890219 -0.31974655
-0.52978218 -0.03414859 -0.31123659
-0.54508805 -0.02951388 -0.32209426
-0.53971511 -0.02228288 -0.31205776
-0.49971339 -0.05520717 -0.33924535
-0.53313762 -0.02734987 -0.31878757
-0.53581619 -0.02584977 -0.31611547
-0.51279336 -0.05369714 -0.33489537
-0.50757706 -0.05490841 -0.33844793
-0.49478465 -0.05909081 -0.34100139
-0.52267295 -0.03702004 -0.31668028
-0.50812697 -0.05579124 -0.33647221
-0.49679479 -0.05553113 -0.33820838
-0.50523806 -0.05101362 -0.32878947
-0.54837209 -0.02187921 -0.31830978
-0.51129293 -0.04469992 -0.32168147
-0.50822723 -0.04606332 -0.32464010
-0.51808482 -0.03806696 -0.31563443
-0.51294571 -0.04617154 -0.32258928
-0.52059889 -0.03839139 -0.31744477
-0.52093154 -0.03929047 -0.32555580
-0.51133889 -0.04707414 -0.32575908
-0.54606235 -0.02533504 -0.31886035
-0.51877970 -0.03981064 -0.31459281
-0.52267480 -0.03514993 -0.31200385
-0.50459391 -0.05653618 -0.33899346
-0.48515800 -0.07223616 -0.35036352
-0.50515866 -0.05413951 -0.33144295
-0.48813218 -0.07583292 -0.35224542
-0.49402896 -0.06273083 -0.33699611
-0.50430924 -0.05490178 -0.33526546
-0.49718583 -0.06132400 -0.33670667
-0.48712185 -0.06559937 -0.34721124
-0.51667112 -0.04886304 -0.33276612
-0.54644358 -0.02218900 -0.31515479
-0.50888312 -0.05725025 -0.33843142
-0.53437930 -0.02796934 -0.32256499
-0.52115697 -0.03720453 -0.32109556
-0.51083881 -0.05712266 -0.33811882
-0.53754753 -0.02565297 -0.32244724
-0.53067738 -0.02056895 -0.31190881
-0.50354499 -0.04860901 -0.33257899
-0.70967966 0.18866344 -0.48268995
-0.69482458 0.19551279 -0.47977784
-0.69999367 0.19146582 -0.47799176
-0.69713914 0.18643376 -0.45512754
-0.69288874 0.18786003 -0.43325007
-0.69742852 0.19489439 -0.48369858
-0.70464611 0.19025755 -0.48304403
-0.69370449 0.18501225 -0.43394440
-0.70312047 0.19300838 -0.46623251
-0.70294362 0.19289126 -0.46405971
-0.70116055 0.19099285 -0.45766070
-0.70291317 0.18976933 -0.47299969
-0.68969917 0.19157442 -0.48929933
-0.69721168 0.19001263 -0.46646130
-0.69428319 0.18838453 -0.45731506
-0.69725108 0.18843783 -0.44524491
-0.39113972 0.15454710 -0.42100585
-0.41306177 0.17788051 -0.34581536
-0.38610283 0.15149158 -0.44786477
-0.39439273 0.14997935 -0.38771799
-0.39436889 0.14993393 -0.38218811
-0.52988243 0.17962562 -0.27159646
-0.52705783 0.17559050 -0.27193871
-0.39098352 0.15154819 -0.42763087
-0.52008450 0.17076436 -0.27465525
-0.53194946 0.17099458 -0.27245668
-0.54045004 0.16375245 -0.27224052
-0.49318871 0.17555515 -0.27587029
-0.39341941 0.15184435 -0.42069072
-0.47622761 0.17269129 -0.28319508
-0.43091428 0.16567613 -0.32790896
-0.50817204 0.18006380 -0.27492189
-0.42100960 0.16290204 -0.35832596
-0.46350357 0.16409829 -0.28522816
-0.46444684 0.16174696 -0.28210133
-0.54811949 0.16887671 -0.27302918
-0.39690301 0.16395314 -0.40293905
-0.44315588 0.16037874 -0.32190773
-0.46922785 0.17219920 -0.28522187
-0.46965626 0.15971228 -0.27408668
-0.42485541 0.16681255 -0.33098570
-0.42737752 0.17704059 -0.31634048
-0.42933816 0.17967173 -0.31495702
-0.52307445 0.16783729 -0.27519840
-0.46011630 0.16632928 -0.29796115
-0.51435912 0.17877960 -0.27429000
-0.43448210 0.16384083 -0.32495186
-0.49821383 0.17099889 -0.27233613
-0.47009552 0.16036624 -0.27194721
-0.46800855 0.15735559 -0.28513443
-0.45221448 0.16006812 -0.31807470
-0.44054678 0.16199954 -0.31912324
-0.44039801 0.16142148 -0.32043725
-0.45064029 0.16272394 -0.30052945
-0.43543583 0.16629750 -0.31708664
-0.44116601 0.16226336 -0.31775442
-0.44484636 0.16697334 -0.30679768
-0.44355500 0.16938804 -0.30823565
-0.45149499 0.16345069 -0.29950088
-0.52868295 0.17781979 -0.27413523
-0.54013789 0.17844923 -0.27396819
-0.51711708 0.18034117 -0.27096903
-0.49304876 0.17232193 -0.27419531
-0.49094060 0.17121154 -0.27441114
-0.39474732 0.16392393 -0.38405475
-0.58769977 0.17752109 -0.29089659
-0.46261734 0.16312061 -0.28300449
-0.46457243 0.15810387 -0.29192513
-0.58308440 0.18163760 -0.28625566
-0.59019536 0.18348017 -0.28813398
-0.44930768 0.16080928 -0.30793750
-0.44844732 0.16020073 -0.31110564
-0.45992187 0.15790892 -0.30052125
-0.38971055 0.15197684 -0.43778649
-0.45691299 0.15917315 -0.31214407
-0.46262649 0.15751320 -0.30129361
-0.38411564 0.15069392 -0.44279763
-0.38258657 0.15064202 -0.44007429
-0.44774619 0.17945498 -0.31325689
-0.39632097 0.14949884 -0.38354588
-0.47980395 0.16700880 -0.27566564
-0.39234984 0.15809438 -0.39975595
-0.53867245 0.17169905 -0.27239513
-0.52057880 0.18358448 -0.27005228
-0.52295661 0.18375623 -0.27060801
-0.45227221 0.18750137 -0.30619946
-0.43479130 0.16216181 -0.33730447
-0.47748348 0.16605328 -0.27635592
-0.50912660 0.17387213 -0.27225572
-0.51029623 0.17131245 -0.27331018
-0.40029815 0.16165109 -0.37960687
-0.50383842 0.16461752 -0.27292740
-0.37573308 0.15666969 -0.47506246
-0.53351426 0.16853233 -0.27146122
-0.38587657 0.15510944 -0.44616717
-0.52025723 0.16969267 -0.27403206
-0.50144744 0.16624808 -0.27230763
-0.44757754 0.17326729 -0.31027150
-0.59128195 0.17546090 -0.29308507
-0.39202642 0.15556216 -0.41193819
-0.47155589 0.15808600 -0.27254680
-0.45142561 0.18252949 -0.30046818
-0.46543589 0.17286722 -0.28937614
-0.48462164 0.16423073 -0.27250037
-0.48582274 0.16330215 -0.27191523
-0.46034771 0.16008602 -0.30333701
-0.45773518 0.15938406 -0.31194532
-0.57669538 0.17956580 -0.28409031
-0.56541765 0.17705013 -0.27910876
-0.57290614 0.18370669 -0.27989200
-0.44597775 0.17506538 -0.30908549
-0.55164379 0.16850147 -0.27495039
-0.47151601 0.16067544 -0.27167413
-0.59977692 0.17650907 -0.28269172
-0.47747812 0.15842211 -0.27259886
-0.59631360 0.18469866 -0.28663424
-0.37871289 0.16040638 -0.46889696
-0.50804257 0.16830795 -0.27462342
-0.38543841 0.15120085 -0.43065727
-0.39994186 0.14947921 -0.37248549
-0.39899400 0.15109622 -0.37250453
-0.39270806 0.15536597 -0.38652331
-0.46986592 0.17013034 -0.28240362
-0.38295975 0.15530883 -0.46269739
-0.44647288 0.16945608 -0.31109601
-0.41540119 0.17192210 -0.33856672
-0.53332525 0.17127098 -0.27258250
-0.53625572 0.17421222 -0.27315873
-0.54618573 0.16912800 -0.27167267
-0.47172761 0.17679788 -0.28557593
-0.47313288 0.17848329 -0.28378248
-0.39253688 0.15687661 -0.38889712
-0.59606522 0.18180360 -0.28538871
-0.41905728 0.17627689 -0.32352659
-0.41744983 0.17679572 -0.33362779
-0.44543955 0.18307307 -0.30467549
-0.43406135 0.16535412 -0.32055992
-0.43483761 0.18126312 -0.30952421
-0.41503721 0.16080603 -0.36502188
-0.39058229 0.15077886 -0.38712409
-0.40948406 0.15424329 -0.36839473
-0.53461862 0.16260237 -0.27161720
-0.52910608 0.16525096 -0.27258906
-0.58740675 0.18653972 -0.28330544
-0.58017278 0.18604718 -0.28094077
-0.41312665 0.15604304 -0.36245063
-0.41347802 0.15628225 -0.36137640
-0.44247127 0.18569537 -0.31104788
-0.47894034 0.16212474 -0.27111724
-0.46800548 0.16016459 -0.27474731
-0.48648578 0.16371492 -0.27118903
-0.42250478 0.16445671 -0.33719161
-0.41709393 0.16023062 -0.34712532
-0.42228079 0.16380486 -0.33808398
-0.42202935 0.17523031 -0.32877353
-0.41630268 0.16692132 -0.36084345
-0.41631022 0.17565876 -0.33831444
-0.37449732 0.14513321 -0.48061851
-0.46012247 0.17161538 -0.29202256
-0.45856014 0.17072037 -0.29266486
-0.46872553 0.18093471 -0.28591353
-0.43353805 0.18210301 -0.31041706
-0.42798352 0.16855720 -0.32329461
-0.41808876 0.16895044 -0.33655331
-0.42403582 0.17019573 -0.32566312
-0.43442908 0.17375118 -0.31597224
-0.42680061 0.17433052 -0.32124761
-0.39583188 0.16041040 -0.39525589
-0.39648378 0.16130412 -0.39127848
-0.40790382 0.16133025 -0.37195754
-0.53886479 0.16725799 -0.27148432
-0.37878543 0.15133470 -0.47445267
-0.37563428 0.14680488 -0.46154028
-0.41952282 0.16986611 -0.33695650
-0.39890492 0.16138369 -0.38099071
-0.44469845 0.16047949 -0.32213035
-0.38938722 0.15877707 -0.43297330
-0.42733303 0.17851093 -0.31575346
-0.38128829 0.14967105 -0.45319322
-0.59927690 0.17835321 -0.28403804
-0.42570138 0.16746783 -0.32861751
-0.42704815 0.16552266 -0.33012366
-0.43637103 0.16152163 -0.32548267
-0.43047723 0.16308090 -0.33399621
-0.37995803 0.14865816 -0.46016616
-0.41476989 0.16434085 -0.34681901
-0.41161045 0.16751184 -0.35013771
-0.42047697 0.17293233 -0.32691607
-0.45706540 0.16437282 -0.29385921
-0.46479920 0.16749375 -0.28615698
-0.45285299 0.16657634 -0.29817000
-0.41235998 0.17090857 -0.34677815
-0.40859881 0.17247123 -0.35505450
-0.43648458 0.17397936 -0.31429648
-0.40854412 0.16439080 -0.35884190
-0.40809920 0.16082829 -0.35953590
-0.38193044 0.15331161 -0.46519935
-0.38179559 0.15188244 -0.46189880
-0.42176163 0.16069132 -0.34410590
-0.51028603 0.16215035 -0.27615905
-0.43825954 0.16809113 -0.31384975
-0.44556302 0.17096065 -0.30601513
-0.43502182 0.17143105 -0.31302428
-0.39107934 0.15554434 -0.43099344
-0.41684607 0.15813078 -0.35456723
-0.41845557 0.15797511 -0.35686445
-0.41245836 0.17873923 -0.34180894
-0.37909675 0.14900890 -0.47272432
-0.38109261 0.15770514 -0.46009168
-0.39387956 0.15267053 -0.41169530
-0.55564117 0.16832836 -0.27779925
-0.56304616 0.16781113 -0.27930167
-0.46999815 0.17385931 -0.28613234
-0.42383283 0.16550794 -0.33317360
-0.39097160 0.15505935 -0.38306698
-0.39299446 0.15816651 -0.38923705
-0.40282342 0.15927216 -0.37728173
-0.40347168 0.15745355 -0.37663975
-0.50055718 0.17707343 -0.27412382
-0.45637858 0.16062231 -0.29758555
-0.45927507 0.16090451 -0.28972960
-0.50213253 0.16005887 -0.27391100
-0.44819871 0.18495986 -0.31106690
-0.37679026 0.14528686 -0.47547853
-0.46103072 0.18030059 -0.29244497
-0.38967603 0.15222797 -0.43856266
-0.56608301 0.16705611 -0.28051853
-0.56083047 0.17258616 -0.27771261
-0.38313478 0.15348545 -0.45985931
-0.38373771 0.15012164 -0.45403478
-0.37223804 0.15132307 -0.48066175
-0.39069661 0.15728489 -0.42021573
-0.39234409 0.15354413 -0.39420667
-0.42016035 0.17735535 -0.32734662
-0.39105284 0.15470195 -0.43505993
-0.46842450 0.16879591 -0.28242716
-0.41517115 0.17623143 -0.33784059
-0.40128803 0.15354335 -0.37815389
-0.39950359 0.14883757 -0.37671003
-0.42929450 0.16260025 -0.33949304
-0.51032150 0.17740278 -0.28119910
-0.47226530 0.16360871 -0.27556828
-0.39907935 0.16327555 -0.39865223
-0.50430757 0.17553712 -0.27746096
-0.41936955 0.17707491 -0.31817049
-0.39177826 0.15580463 -0.39248565
-0.39080879 0.15557693 -0.38927537
-0.39479044 0.15323102 -0.41947174
-0.39000642 0.16130836 -0.42073527
-0.36994094 0.14036517 -0.48017743
-0.46045506 0.17888504 -0.29337263
-0.46016243 0.17516042 -0.29394308
-0.52925611 0.16726534 -0.27357385
-0.44206429 0.17660099 -0.30822566
-0.44291198 0.17451486 -0.30584496
-0.44300553 0.17785543 -0.30553216
-0.42957228 0.17469241 -0.31487054
-0.43138480 0.17840633 -0.31260136
-0.44076207 0.16478221 -0.31545588
-0.51037347 0.16984692 -0.27564123
-0.38087115 0.15569900 -0.45591772
-0.48756427 0.17087831 -0.27568588
-0.37295276 0.15410134 -0.47692499
-0.39377558 0.15984552 -0.38113385
-0.43541738 0.17026958 -0.31648836
-0.45744076 0.16145918 -0.31049666
-0.45425710 0.16301458 -0.31580177
-0.39430869 0.16170982 -0.38248208
-0.50059944 0.16031997 -0.27306280
-0.49166700 0.15951581 -0.27073398
-0.38171265 0.15754923 -0.46418625
-0.56736922 0.17553307 -0.28085217
-0.56290084 0.17437053 -0.27857539
-0.57068908 0.17400578 -0.28208050
-0.48212022 0.17600620 -0.28203052
-0.42282477 0.16577950 -0.33437818
-0.39435685 0.16012391 -0.41154608
-0.41091871 0.17665754 -0.34585595
-0.46398461 0.17321947 -0.29153615
-0.47105467 0.16252971 -0.27502245
-0.51383305 0.18007565 -0.27849913
-0.39668328 0.15919411 -0.37544498
-0.39532000 0.15526298 -0.37446147
-0.45009139 0.17607789 -0.30082154
-0.44875219 0.17949969 -0.30145395
-0.39170030 0.15232174 -0.39237931
-0.41349995 0.17332374 -0.34554768
-0.60336590 0.17660771 -0.29204652
-0.39062205 0.15384574 -0.40811467
-0.43443334 0.18360688 -0.31237888
-0.43413982 0.17257728 -0.31690586
-0.46866715 0.15827489 -0.27224797
-0.53384644 0.16220719 -0.27378583
-0.48332709 0.17472257 -0.28010079
-0.46870506 0.16886070 -0.28346765
-0.42746168 0.17922693 -0.31540772
-0.53504920 0.17741887 -0.27219510
-0.55030042 0.17509322 -0.27497011
-0.50299686 0.16935103 -0.27263314
-0.51187974 0.16455983 -0.27499649
-0.51129073 0.17428704 -0.27881122
-0.59118646 0.18023574 -0.28973415
-0.48987669 0.16438946 -0.27070957
-0.45985723 0.16551429 -0.29119569
-0.46263298 0.16006047 -0.29584458
-0.59449077 0.17869893 -0.29249203
-0.46671644 0.15884688 -0.28186461
-0.46794114 0.15860565 -0.27967507
-0.46099246 0.16597858 -0.28568819
-0.57474023 0.26201856 -0.19347070
-0.58189476 0.23804586 -0.21377152
-0.58992016 0.23345779 -0.22015762
-0.58951998 0.23157161 -0.21619958
-0.57374668 0.26357126 -0.19161747
-0.58235592 0.24685454 -0.21064802
-0.58218402 0.25102571 -0.20567748
-0.59086764 0.22935852 -0.23034790
-0.58878887 0.23382840 -0.22515602
-0.57061929 0.26973361 -0.18610390
-0.59143078 0.21693179 -0.23460044
-0.59020919 0.22028241 -0.23135780
-0.57016259 0.27197105 -0.18312120
-0.57998937 0.24615943 -0.20737743
-0.58702737 0.23956738 -0.21709272
-0.56761122 0.27711591 -0.18004586
-0.59919065 0.22504391 -0.23092304
-0.59611154 0.22995946 -0.21971855
-0.58129203 0.25715292 -0.19791606
-0.57210702 0.26983461 -0.18340780
-0.59731823 0.22187877 -0.23814267
-0.59406000 0.21885668 -0.24176782
-0.59363228 0.22436191 -0.23793124
-0.58530807 0.24529998 -0.21215516
-0.58456951 0.24602264 -0.21050671
-0.57543808 0.26228771 -0.19310351
-0.59633934 0.23014271 -0.22534044
-0.57366467 0.26690099 -0.19018807
-0.57914931 0.25907809 -0.19747160
-0.57118982 0.27215958 -0.18138735
-0.58362311 0.24416338 -0.21428238
-0.58111590 0.24335673 -0.21115091
-0.60824156 0.17198998 -0.29510835
-0.57114619 0.18828695 -0.28029507
-0.57141805 0.18854938 -0.28033820
-0.63964444 0.18760854 -0.32446373
-0.58550709 0.18867905 -0.28023723
-0.57875758 0.18984629 -0.28042671
-0.60949045 0.17209649 -0.29991129
-0.55889827 0.19502403 -0.28034133
-0.61413413 0.18357782 -0.30794469
-0.61714822 0.18503369 -0.31148005
-0.64067835 0.18331334 -0.32893366
-0.60641354 0.16603431 -0.31030738
-0.61527163 0.18242823 -0.30747932
-0.61607140 0.17973709 -0.31015345
-0.66059989 0.18284686 -0.36700222
-0.57769620 0.19911882 -0.27831209
-0.60861301 0.18736564 -0.30818257
-0.60587305 0.18649775 -0.29873952
-0.52109957 0.18409283 -0.27208632
-0.56347162 0.16554588 -0.28003001
-0.54005891 0.19701578 -0.27351922
-0.65956706 0.18261841 -0.36288503
-0.57066548 0.16480799 -0.28186646
-0.58678150 0.20287073 -0.28071445
-0.59545618 0.19632807 -0.28219613
-0.59302515 0.19903564 -0.27797300
-0.59424704 0.19308133 -0.28052035
-0.66505116 0.17580621 -0.35935378
-0.60650468 0.17937826 -0.30506277
-0.59873986 0.19631247 -0.28812453
-0.65578645 0.18341941 -0.34559578
-0.65218276 0.18614189 -0.33652130
-0.63794667 0.18064407 -0.33805570
-0.67012686 0.18410999 -0.38130656
-0.66955268 0.18180078 -0.37494564
-0.61009896 0.18260734 -0.30275944
-0.66321957 0.18285248 -0.37320730
-0.55608743 0.18121293 -0.27475119
-0.56345689 0.18429741 -0.27653962
-0.56083518 0.18273368 -0.27597526
-0.55985725 0.18066308 -0.27599403
-0.51333231 0.18920380 -0.27029607
-0.62739617 0.17705418 -0.32466123
-0.61563069 0.16841123 -0.31557521
-0.60283870 0.17728421 -0.30222687
-0.63448894 0.18127392 -0.32698733
-0.59508061 0.19898330 -0.27934149
-0.59685099 0.18614236 -0.28719583
-0.57459843 0.19863424 -0.27812791
-0.60656333 0.16721426 -0.31041029
-0.57358259 0.19373257 -0.27940512
-0.54218435 0.18832617 -0.27172917
-0.54360360 0.18276486 -0.27312309
-0.52769345 0.18679993 -0.27128252
-0.59652787 0.18021385 -0.29608613
-0.60204369 0.17030832 -0.30654114
-0.60699528 0.16906805 -0.29164046
-0.53379852 0.18593788 -0.27130118
-0.52843887 0.19039765 -0.27155119
-0.52752018 0.18783270 -0.27160069
-0.53923976 0.18331297 -0.27174965
-0.54306352 0.18645804 -0.27099383
-0.55081660 0.18013437 -0.27385280
-0.55646020 0.17037584 -0.27518785
-0.56724966 0.17139053 -0.27796280
-0.56062853 0.18945219 -0.27972603
-0.56177491 0.18694368 -0.27633592
-0.65328473 0.18828502 -0.32964766
-0.64954627 0.18827453 -0.32418925
-0.59224474 0.19664468 -0.27776623
-0.56969476 0.19826080 -0.27998161
-0.59432125 0.17161715 -0.29785481
-0.61177516 0.18000208 -0.30802903
-0.59657151 0.17116687 -0.30124003
-0.61283338 0.16949277 -0.30981308
-0.58658636 0.16948450 -0.29473490
-0.57001579 0.19835158 -0.28051409
-0.65296376 0.17819650 -0.36196032
-0.56927365 0.16759700 -0.28037885
-0.58327240 0.20403141 -0.27693737
-0.55561978 0.16739964 -0.27843830
-0.63627845 0.17989118 -0.33531332
-0.61186659 0.16445272 -0.30506822
-0.57437879 0.17321110 -0.28181994
-0.58851385 0.19560266 -0.27746144
-0.65486467 0.18172958 -0.35186195
-0.57858068 0.16887406 -0.28641364
-0.55914074 0.19386221 -0.28008565
-0.61129689 0.16298784 -0.29777059
-0.59050763 0.16964877 -0.29816175
-0.58157915 0.16700000 -0.28872716
-0.58081675 0.19294475 -0.28063592
-0.58675021 0.19602451 -0.27550182
-0.61750716 0.17420498 -0.31349406
-0.60962301 0.17691796 -0.30869389
-0.53279227 0.19995941 -0.26730058
-0.62275064 0.17488518 -0.32098675
-0.55801868 0.17690785 -0.27689385
-0.56913787 0.18601538 -0.27949300
-0.56325114 0.18690066 -0.27754301
-0.55148703 0.17957260 -0.27589300
-0.57196158 0.19888586 -0.27929050
-0.57666636 0.19571827 -0.28024983
-0.64683878 0.18108729 -0.34728509
-0.53721672 0.18170300 -0.27307737
-0.53224695 0.17917706 -0.27390727
-0.54543746 0.18124834 -0.27370742
-0.54667121 0.18515192 -0.27321613
-0.66283464 0.18191734 -0.36727852
-0.58042514 0.16635863 -0.28781623
-0.55362773 0.19215581 -0.27878228
-0.52234185 0.19424857 -0.27111748
-0.57121110 0.18050194 -0.28104576
-0.55695957 0.19373685 -0.28043646
-0.53355706 0.19375286 -0.26877049
-0.53126037 0.18964395 -0.27053723
-0.66797286 0.17908777 -0.36770085
-0.57976830 0.18962350 -0.28129178
-0.57770610 0.18684286 -0.28152537
-0.58341980 0.19088864 -0.28152627
-0.54620862 0.19438191 -0.27657488
-0.54444891 0.19113709 -0.27237824
-0.53840351 0.19479710 -0.27047309
-0.57294726 0.18332066 -0.28095311
-0.56390452 0.19066337 -0.27982658
-0.55352831 0.17077763 -0.27352470
-0.55313498 0.17462640 -0.27464736
-0.58045286 0.17723186 -0.28723797
-0.57913387 0.17596115 -0.28624725
-0.65843105 0.17949893 -0.37224102
-0.52013689 0.19747759 -0.27100480
-0.56349438 0.19249019 -0.28022233
-0.56727219 0.16911623 -0.27915564
-0.60152125 0.19202913 -0.29163370
-0.63712668 0.18450198 -0.32439959
-0.61520493 0.17189305 -0.31157088
-0.51708657 0.18991117 -0.27075306
-0.57917303 0.20330621 -0.28055280
-0.59722853 0.17060173 -0.30335993
-0.59814352 0.19584246 -0.28105646
-0.59358311 0.18936563 -0.28273672
-0.59705883 0.17354995 -0.29684481
-0.63000816 0.18293674 -0.32105309
-0.63328803 0.18506618 -0.32137838
-0.60004026 0.19429627 -0.29177228
-0.54917783 0.19254187 -0.27743688
-0.54514945 0.19288288 -0.27392730
-0.59073430 0.18320012 -0.28763202
-0.59190118 0.18318772 -0.28823692
-0.59382898 0.18083672 -0.29372385
-0.59242511 0.19294992 -0.27872574
-0.59896886 0.19256034 -0.28699118
-0.59955955 0.18910380 -0.29120901
-0.59760737 0.18939511 -0.28912863
-0.64265341 0.18101566 -0.34345615
-0.60986841 0.17948967 -0.30809444
-0.51748025 0.18653229 -0.27051133
-0.52980161 0.19156739 -0.27091917
-0.54132676 0.18916704 -0.27078131
-0.65007228 0.17687386 -0.35561019
-0.64834696 0.17783220 -0.35325098
-0.64747339 0.18489386 -0.33542565
-0.63849556 0.18158172 -0.33094501
-0.64517498 0.17637198 -0.34700030
-0.64386356 0.17623335 -0.34513682
-0.52263778 0.19959612 -0.27006492
-0.58950537 0.17367107 -0.29174611
-0.58369881 0.17953959 -0.28831285
-0.55233008 0.19110796 -0.27653354
-0.55803502 0.18977931 -0.27860385
-0.60929370 0.17221405 -0.30211416
-0.55441123 0.19087088 -0.27836245
-0.55192041 0.19117488 -0.27743807
-0.58926708 0.19224510 -0.27954334
-0.59325254 0.18901962 -0.28143433
-0.58012873 0.20084797 -0.27843329
-0.62126231 0.17829874 -0.31707692
-0.51980031 0.19626385 -0.27122810
-0.52878696 0.19901228 -0.26778406
-0.56867635 0.19435479 -0.28117600
-0.48476350 0.18174963 -0.27873638
-0.43874279 0.16325189 -0.33617646
-0.46863171 0.18351838 -0.28848478
-0.49592689 0.19047575 -0.26949069
-0.45713925 0.17682658 -0.30257642
-0.45834616 0.17489254 -0.30231392
-0.45186502 0.17014055 -0.31501004
-0.45607391 0.18670000 -0.30259317
-0.42764410 0.16354054 -0.35015026
-0.45454133 0.16797100 -0.31378552
-0.44370106 0.16409370 -0.32814282
-0.41929150 0.16119228 -0.34137681
-0.43845639 0.16267611 -0.32645097
-0.46906504 0.18572748 -0.28829011
-0.49597520 0.18315145 -0.27262497
-0.43675551 0.16375980 -0.33790806
-0.42068130 0.16106488 -0.35194975
-0.42694914 0.16201493 -0.34324348
-0.41185269 0.17241870 -0.35199231
-0.42246845 0.16147925 -0.35217276
-0.45650521 0.17374010 -0.31196550
-0.42706776 0.16311012 -0.33804640
-0.44345188 0.16359833 -0.33224779
-0.41696528 0.16848306 -0.35553709
-0.47257710 0.17963953 -0.28617013
-0.44559756 0.16354200 -0.31624475
-0.47364739 0.18805243 -0.28189427
-0.49837083 0.19125181 -0.26844344
-0.49161226 0.18734765 -0.27121267
-0.44096124 0.16320723 -0.33098912
-0.48576334 0.18848385 -0.26976165
-0.44722757 0.16429561 -0.31782505
-0.44903511 0.17109974 -0.31407106
-0.48623312 0.17303956 -0.27778220
-0.45289910 0.17629492 -0.31367293
-0.45449120 0.17678721 -0.31018496
-0.47463858 0.18146761 -0.28327975
-0.47509903 0.19110963 -0.28057352
-0.50725865 0.18474765 -0.27044883
-0.41923600 0.16105163 -0.34651545
-0.41690680 0.16973437 -0.34126934
-0.41710901 0.16471675 -0.34340769
-0.46926427 0.17477298 -0.29528424
-0.45789188 0.16801509 -0.30605650
-0.49608248 0.18247323 -0.27168041
-0.48173714 0.18425187 -0.27638820
-0.48359433 0.18442987 -0.27531925
-0.49981546 0.18354832 -0.27137980
-0.50348711 0.18726507 -0.26975694
-0.45968527 0.17192930 -0.30261278
-0.50349456 0.18817925 -0.26756185
-0.50814593 0.18987595 -0.26902330
-0.48004428 0.19039527 -0.27606511
-0.46825260 0.18527795 -0.28856677
-0.45558909 0.16483711 -0.31323650
-0.46107113 0.18325087 -0.29602668
-0.49944156 0.17897512 -0.27286577
-0.50283128 0.17182747 -0.27194211
-0.50253141 0.18997779 -0.26822034
-0.50495940 0.19187355 -0.26971665
-0.49973482 0.18609594 -0.26949281
-0.48399174 0.17880011 -0.27809909
-0.48670730 0.17981158 -0.27688745
-0.45660076 0.18451703 -0.30250639
-0.46139193 0.18635388 -0.29878947
-0.46415871 0.17192733 -0.29665050
-0.45146236 0.18091315 -0.31174541
-0.47121295 0.17438225 -0.29311198
-0.49542862 0.16843711 -0.27184311
-0.48892614 0.16702500 -0.27325007
-0.49062800 0.17765622 -0.27619046
-0.48842776 0.17669764 -0.27720305
-0.47844994 0.18704127 -0.27521440
-0.47239625 0.18602528 -0.28460458
-0.43832013 0.16167226 -0.32190189
-0.48400840 0.19034916 -0.27219039
-0.50026017 0.18301111 -0.27054495
-0.47377151 0.19096139 -0.28492257
-0.46568042 0.17711185 -0.29302239
-0.47410533 0.17451657 -0.28867927
-0.51276839 0.18036504 -0.27082822
-0.50799495 0.18084574 -0.27130166
-0.37888432 0.15595241 -0.45649219
-0.38761646 0.15932335 -0.41997284
-0.41377988 0.17276649 -0.36509395
-0.40333265 0.17349529 -0.37825787
-0.36961657 0.14826167 -0.47719443
-0.39380962 0.16187449 -0.39660326
-0.36955485 0.14907981 -0.47441190
-0.37697047 0.16104707 -0.46423975
-0.39054218 0.16199200 -0.41350973
-0.38689354 0.16059172 -0.42561680
-0.40485451 0.16710947 -0.38741496
-0.41195700 0.17024134 -0.37396312
-0.40813363 0.17445341 -0.37384576
-0.37767813 0.15298086 -0.44444340
-0.40688118 0.17268468 -0.38159624
-0.39331505 0.16360487 -0.40813684
-0.40565929 0.16519037 -0.38750577
-0.37261680 0.14613938 -0.46609384
-0.37052646 0.14589638 -0.46931228
-0.39808324 0.16648927 -0.40019479
-0.40700364 0.17610230 -0.36143166
-0.39966846 0.16943340 -0.37869748
-0.40849605 0.16732018 -0.38148877
-0.40464267 0.16447797 -0.38480991
-0.40162575 0.17221685 -0.37956366
-0.40617335 0.16507536 -0.37905225
-0.41116983 0.16500969 -0.36982498
-0.41381446 0.17650259 -0.36505339
-0.41317597 0.17262906 -0.36119676
-0.38300598 0.15700848 -0.42940900
-0.40708131 0.17162290 -0.35981962
-0.40790659 0.17480032 -0.35651144
-0.41276631 0.17714570 -0.36794636
-0.39084959 0.16161053 -0.41666967
-0.39005813 0.16056043 -0.40937528
-0.36981574 0.14154801 -0.47810376
-0.39125520 0.15686849 -0.40388730
-0.39487639 0.16386004 -0.39558426
-0.40704256 0.17206764 -0.38211739
-0.40629077 0.16590427 -0.36253190
-0.40201795 0.16506428 -0.37058768
-0.40046000 0.16209963 -0.37263250
-0.40212056 0.16188015 -0.36940122
-0.41148710 0.17814377 -0.36019763
-0.37598231 0.15287314 -0.45228887
-0.38952926 0.15672137 -0.41039041
-0.38156602 0.15796755 -0.43243915
-0.36995846 0.15040530 -0.46962923
-0.40753850 0.16492440 -0.37545156
-0.37897983 0.16320720 -0.46285918
-0.38307357 0.15812063 -0.43519527
-0.69707543 -0.05932317 -0.42119971
-0.68577641 -0.02596069 -0.37009889
-0.69027919 -0.05234757 -0.41171819
-0.69003183 -0.03576018 -0.35938525
-0.69239563 -0.03654429 -0.35965461
-0.68801188 -0.05777534 -0.45031050
-0.68322223 -0.02747850 -0.36089355
-0.69160908 -0.06020680 -0.43714315
-0.69156080 -0.05798319 -0.43175513
-0.69303429 -0.06184295 -0.43900830
-0.68872583 -0.05316709 -0.41239351
-0.69103634 -0.05595415 -0.42478713
-0.69382387 -0.05474997 -0.41737160
-0.69416374 -0.05266613 -0.40912583
-0.70318466 -0.04780635 -0.41371045
-0.70240879 -0.04837380 -0.41237265
-0.68448275 -0.03747323 -0.36582670
-0.69071597 -0.06173611 -0.44386739
-0.68742496 -0.05931316 -0.45540661
-0.68614614 -0.03882483 -0.36417887
-0.69567269 -0.04238943 -0.37185994
-0.69581324 -0.03372629 -0.36019075
-0.68934500 -0.03734933 -0.37492201
-0.70571661 -0.03305499 -0.35580692
-0.70287704 -0.03487217 -0.36268219
-0.68643433 -0.06091048 -0.45983008
-0.70281225 -0.05579555 -0.42424464
-0.68824083 -0.05958619 -0.46128240
-0.69065315 -0.02237922 -0.36542287
-0.68692333 -0.04589542 -0.37995124
-0.69326901 -0.04629545 -0.37812433
-0.69232488 -0.03320365 -0.36899200
-0.69545668 -0.03456725 -0.36894929
-0.70203626 -0.04362281 -0.39519224
-0.70253932 -0.04320700 -0.40351203
-0.68766570 -0.04422334 -0.37401488
-0.69662648 -0.05902648 -0.44799319
-0.69994801 -0.05177743 -0.41153830
-0.70295215 -0.05369413 -0.41848767
-0.68683332 -0.05058772 -0.39860880
-0.69205570 -0.03010773 -0.36701944
-0.68739009 -0.02817581 -0.37043020
-0.70000041 -0.06071971 -0.42501131
-0.68982536 -0.04429626 -0.37051061
-0.68368983 -0.03502117 -0.36998558
-0.68695790 -0.03213464 -0.37177783
-0.69216043 -0.03854457 -0.36205721
-0.69482607 -0.03643109 -0.36245602
-0.70686781 -0.03425217 -0.37353104
-0.69993073 -0.05594716 -0.43054175
-0.70787531 -0.03358338 -0.35724777
-0.70316070 -0.03914020 -0.37785968
-0.70012575 -0.04800049 -0.39854303
-0.69604731 -0.04813440 -0.39378124
-0.71124917 -0.03379605 -0.35861829
-0.69372159 -0.04910226 -0.39621019
-0.69646937 -0.05138938 -0.40328121
-0.69577515 -0.04402572 -0.38199899
-0.69260454 -0.02146161 -0.36586279
-0.69531399 -0.04615298 -0.38793695
-0.69502568 -0.04619573 -0.38767537
-0.70215738 -0.04091952 -0.39672554
-0.69207233 -0.04589780 -0.37503144
-0.68615550 -0.02063519 -0.36542764
-0.69968128 -0.05521315 -0.41426197
-0.69638067 -0.05969534 -0.44201025
-0.58026814 0.08461642 -0.28505725
-0.59987199 0.11232001 -0.28771740
-0.60775924 0.12507899 -0.29515520
-0.63989145 0.16210657 -0.32807899
-0.60724550 0.10461362 -0.28029999
-0.60252166 0.09826465 -0.27974030
-0.63214463 0.11398132 -0.28027686
-0.63321906 0.11091594 -0.28402340
-0.60695273 0.09239429 -0.29245159
-0.61112094 0.12749690 -0.29324263
-0.58039546 0.05896265 -0.30157974
-0.59572560 0.11154549 -0.29734421
-0.66113484 0.17462270 -0.33794674
-0.58126086 0.06866458 -0.28437465
-0.57864481 0.05244465 -0.28657061
-0.58027601 0.05851861 -0.28515646
-0.60366607 0.09865094 -0.29513308
-0.60246092 0.08767938 -0.29407698
-0.64188749 0.13745970 -0.29823294
-0.60187745 0.11002911 -0.29843509
-0.59785974 0.09965251 -0.27978656
-0.59761721 0.09891478 -0.27967706
-0.63805127 0.16729510 -0.33325285
-0.58243352 0.08568797 -0.28096360
-0.58003712 0.07482053 -0.28611740
-0.61640131 0.10061101 -0.27761897
-0.60459381 0.10446411 -0.29626819
-0.65966201 0.18085721 -0.34204006
-0.66054636 0.17902124 -0.34785074
-0.63735467 0.15733705 -0.30306351
-0.58074003 0.09090244 -0.28049487
-0.59784222 0.11181372 -0.29874766
-0.59627938 0.09584835 -0.27921164
-0.60078388 0.08525426 -0.28011000
-0.59643859 0.07644312 -0.28137141
-0.59743869 0.08321323 -0.28025532
-0.62987244 0.14814220 -0.29909179
-0.63730305 0.11918687 -0.28825042
-0.66653687 0.16341637 -0.35820162
-0.64843428 0.14436631 -0.29961801
-0.64988691 0.14593999 -0.29999146
-0.63395464 0.11350632 -0.27549449
-0.63131064 0.10806081 -0.28045347
-0.61696869 0.13012578 -0.29344344
-0.61656350 0.13523048 -0.29667252
-0.62892860 0.12099696 -0.28442791
-0.63152325 0.11725251 -0.27748397
-0.59768045 0.08861593 -0.29479891
-0.61811870 0.10859106 -0.27798876
-0.61683029 0.10299370 -0.27767107
-0.65924478 0.18204848 -0.33992755
-0.62644130 0.15547965 -0.29749528
-0.63699949 0.12882377 -0.29449868
-0.59970236 0.09674376 -0.29458007
-0.59837753 0.10678668 -0.28325069
-0.62257898 0.17182957 -0.31846562
-0.65676242 0.17113906 -0.35794663
-0.62520224 0.13619538 -0.29600918
-0.60585874 0.07951669 -0.29497620
-0.65171373 0.16330244 -0.32644266
-0.65574682 0.16855721 -0.33646825
-0.61448681 0.11297824 -0.29291967
-0.60312206 0.11641380 -0.29298779
-0.60110563 0.10636362 -0.29761732
-0.60987777 0.12498257 -0.29206410
-0.61384839 0.11717209 -0.29026833
-0.61047840 0.10702372 -0.29605174
-0.57564384 0.06417666 -0.29475191
-0.63974410 0.13572142 -0.29618627
-0.58802432 0.06274376 -0.28353316
-0.59210533 0.06794762 -0.28410134
-0.58383983 0.08889424 -0.29610324
-0.65994614 0.16703160 -0.35577369
-0.63103288 0.13732536 -0.29794127
-0.59119290 0.07691649 -0.29870141
-0.64373696 0.14145423 -0.30072871
-0.60781455 0.15461037 -0.30601183
-0.63115603 0.16811197 -0.33664966
-0.62835282 0.12422258 -0.28728333
-0.57774186 0.07727430 -0.29135913
-0.57877684 0.07370086 -0.29983807
-0.58134836 0.07994005 -0.29774934
-0.59746951 0.07216102 -0.28993309
-0.59431762 0.06695519 -0.28957304
-0.63051158 0.14787765 -0.30829108
-0.59037703 0.08606119 -0.29598996
-0.63041651 0.11912858 -0.28466964
-0.61890829 0.13705529 -0.29587433
-0.58255756 0.08576976 -0.29694244
-0.65747064 0.17074059 -0.33708745
-0.63026869 0.16457996 -0.31928426
-0.62201256 0.14292406 -0.30031836
-0.61889851 0.11241623 -0.29026112
-0.61057329 0.15011349 -0.30487922
-0.63433820 0.11825647 -0.27982023
-0.63247353 0.12065636 -0.28446442
-0.64340055 0.16234320 -0.34337056
-0.61259401 0.10464484 -0.27810833
-0.61160243 0.10409895 -0.27836666
-0.61746663 0.09130856 -0.29021022
-0.60510939 0.07982760 -0.28874025
-0.60293090 0.07752857 -0.29549459
-0.59455365 0.07304158 -0.29677919
-0.58487076 0.06731769 -0.30078736
-0.63823271 0.16561283 -0.33766767
-0.63294846 0.14308862 -0.29615533
-0.63907325 0.14497148 -0.29719692
-0.61191022 0.12997945 -0.29596910
-0.64649999 0.13709539 -0.29523030
-0.62740618 0.13132967 -0.29419413
-0.62604219 0.14111140 -0.30010551
-0.62204838 0.13061862 -0.29308721
-0.63518637 0.13632408 -0.29802966
-0.63654232 0.14210095 -0.29662991
-0.60615104 0.09427896 -0.27868181
-0.58157885 0.07252447 -0.28448236
-0.57814986 0.06776403 -0.28767911
-0.63791329 0.13689165 -0.29865226
-0.63877219 0.12470586 -0.29268181
-0.58343250 0.05470248 -0.29712954
-0.61374342 0.15132649 -0.30117172
-0.58579093 0.06530670 -0.29949450
-0.60385394 0.08216035 -0.29467282
-0.58576828 0.05469390 -0.29230136
-0.61460716 0.09999987 -0.29163778
-0.62932020 0.15679865 -0.31643876
-0.65037203 0.14531350 -0.29696703
-0.66212094 0.17642871 -0.34883973
-0.57864600 0.10035027 -0.28190020
-0.61020386 0.08941132 -0.29311523
-0.61078668 0.08516830 -0.29241875
-0.58032584 0.06533917 -0.30308279
-0.62548822 0.15135752 -0.31009683
-0.62104392 0.11097752 -0.27810168
-0.62485909 0.10994696 -0.27696314
-0.61413860 0.09827547 -0.29300648
-0.61165440 0.15763271 -0.30329883
-0.60640222 0.12924883 -0.29766721
-0.60428655 0.12022611 -0.29304147
-0.60526395 0.12655924 -0.29732820
-0.63391995 0.17351681 -0.33244735
-0.61240417 0.11807869 -0.28586754
-0.61412543 0.11672531 -0.28349093
-0.59396142 0.09400956 -0.29487270
-0.62494808 0.09849151 -0.28285679
-0.62558186 0.17221333 -0.32414785
-0.59326649 0.07283420 -0.29708430
-0.57442385 0.06433462 -0.29860717
-0.57675439 0.06956890 -0.29959270
-0.61629266 0.09678996 -0.29175544
-0.59314305 0.10424623 -0.28153223
-0.57677549 0.06894600 -0.28945735
-0.59082764 0.09562031 -0.29862022
-0.62116265 0.11516489 -0.28167361
-0.59361225 0.09857862 -0.29913554
-0.62203759 0.17189574 -0.31895295
-0.58626539 0.10574101 -0.28980136
-0.65199625 0.16342930 -0.32454118
-0.60791409 0.10277075 -0.29589760
-0.63888085 0.14423648 -0.30239773
-0.62627286 0.10676796 -0.28215176
-0.61977226 0.14407635 -0.30203143
-0.61091322 0.13196000 -0.29569644
-0.64691007 0.17125672 -0.34901324
-0.62484801 0.11824144 -0.28100431
-0.65295058 0.16406254 -0.34732130
-0.65241176 0.16477858 -0.34304452
-0.62779194 0.17165767 -0.32869628
-0.57774949 0.08615249 -0.29411802
-0.62862659 0.14357495 -0.29807311
-0.61414641 0.14924663 -0.30407950
-0.64948332 0.16320638 -0.33013821
-0.65019387 0.16238263 -0.32651722
-0.57611227 0.09535914 -0.28547701
-0.65988672 0.16839872 -0.35053593
-0.58025140 0.09229416 -0.29405633
-0.62554562 0.11128650 -0.27962795
-0.63272876 0.11636297 -0.28345153
-0.66198814 0.16893841 -0.35673335
-0.58073795 0.08600534 -0.28391442
-0.64097399 0.12357363 -0.28992820
-0.63274568 0.15061243 -0.29843503
-0.59228522 0.07199703 -0.28209460
-0.58400160 0.05993234 -0.28387725
-0.58266747 0.06477171 -0.28345385
-0.61423361 0.13979569 -0.29807857
-0.60029119 0.12112539 -0.29776394
-0.59548199 0.11027265 -0.28732827
-0.62179112 0.17215911 -0.32453600
-0.61507416 0.13677581 -0.29775131
-0.65182734 0.15283835 -0.30529368
-0.64782012 0.15362422 -0.30798247
-0.66477627 0.17251609 -0.35851121
-0.62350971 0.14904502 -0.29861501
-0.62166429 0.14948821 -0.29976410
-0.63014430 0.13956247 -0.29931030
-0.62449986 0.13996100 -0.29936060
-0.62279296 0.15627594 -0.31056035
-0.62109709 0.16049911 -0.31013176
-0.61192924 0.10097741 -0.29471907
-0.62370288 0.15820524 -0.31184068
-0.63032281 0.10820887 -0.28149065
-0.62315267 0.17087315 -0.31777498
-0.63949418 0.16361257 -0.32940039
-0.63799226 0.16590346 -0.33039111
-0.64025164 0.15326917 -0.30157456
-0.58632046 0.08108567 -0.29923090
-0.58017033 0.09768289 -0.28679737
-0.59083056 0.09791636 -0.29821262
-0.62307513 0.10337491 -0.28804854
-0.58428389 0.10398453 -0.28744939
-0.64040512 0.13258593 -0.29427910
-0.58339995 0.10472326 -0.28357428
-0.63797462 0.12883382 -0.29208049
-0.59960288 0.11540436 -0.29246128
-0.59972537 0.11689051 -0.29445228
-0.66092592 0.17288385 -0.34329811
-0.62735647 0.12399409 -0.28795487
-0.62854904 0.15170395 -0.31155545
-0.61466217 0.16046409 -0.30936575
-0.63559365 0.17157808 -0.33702081
-0.64289558 0.15373878 -0.29985574
-0.63242459 0.16746573 -0.32276210
-0.63263738 0.16739714 -0.32341230
-0.64639258 0.16172260 -0.32883757
-0.63739634 0.16098396 -0.29894540
-0.64374119 0.16688071 -0.34534565
-0.61734164 0.12058997 -0.28520939
-0.61971045 0.12382685 -0.28782228
-0.60730314 0.13254869 -0.29925853
-0.63988596 0.17311451 -0.33929628
-0.64864379 0.14403057 -0.29569724
-0.62324488 0.12856589 -0.29039693
-0.62779188 0.12912461 -0.29047200
-0.65048355 0.16525958 -0.35064384
-0.60091680 0.11235481 -0.28727153
-0.60408992 0.11315858 -0.28648904
-0.61192739 0.08662620 -0.28579471
-0.60976487 0.08644022 -0.28396040
-0.60666561 0.13207470 -0.29937807
-0.64060342 0.12857717 -0.29272956
-0.59131527 0.10028675 -0.27968359
-0.61077034 0.09007964 -0.28015980
-0.61115527 0.08856260 -0.28254515
-0.64293563 0.12892228 -0.29111806
-0.60101914 0.07839490 -0.28490409
-0.59840328 0.07708805 -0.28185776
-0.64076525 0.15108772 -0.31062326
-0.61553466 0.10893161 -0.29343250
-0.63592023 0.11355984 -0.28386652
-0.63181335 0.10809045 -0.28165334
-0.62940711 0.16705684 -0.31758508
-0.58471155 0.10294645 -0.28899989
-0.60991049 0.14277586 -0.30252770
-0.64419609 0.14206621 -0.30085456
-0.59962046 0.07362058 -0.29419354
-0.62153524 0.12138428 -0.28435406
-0.62916738 0.12435051 -0.28842580
-0.62888747 0.12642983 -0.29017606
-0.59379977 0.06984248 -0.28466475
-0.59172809 0.06378493 -0.28887287
-0.62121415 0.15139432 -0.29906115
-0.62043124 0.15099688 -0.29981637
-0.58053547 0.09060282 -0.28093150
-0.62123144 0.14970958 -0.30487520
-0.60866570 0.15832108 -0.30934829
-0.61865288 0.10715183 -0.28647938
-0.63615179 0.14399846 -0.30288798
-0.63991684 0.14811704 -0.30597967
-0.57615173 0.06653442 -0.29472673
-0.64024788 0.16647299 -0.34364247
-0.62148660 0.09407315 -0.28466904
-0.62358290 0.09520125 -0.28501138
-0.64710331 0.16201368 -0.34217864
-0.66575503 0.17047407 -0.35991547
-0.62676418 0.17287076 -0.32965934
-0.61934590 0.12486681 -0.28817967
-0.60662490 0.13007392 -0.30262232
-0.64396828 0.15554915 -0.31821889
-0.64305979 0.15583105 -0.32004762
-0.62037939 0.16447276 -0.31145427
-0.61696118 0.16913891 -0.31443208
-0.65447074 0.16437857 -0.31742859
-0.65075010 0.16016197 -0.31611410
-0.60079747 0.12130369 -0.29751408
-0.58581871 0.08086340 -0.28115043
-0.58847213 0.08639435 -0.28012747
-0.58489782 0.08020558 -0.28129947
-0.63043040 0.14543474 -0.30551922
-0.63282216 0.14211860 -0.30221575
-0.59393334 0.11332209 -0.29397747
-0.59316921 0.07426353 -0.28173807
-0.58733809 0.07691271 -0.28171179
-0.65703392 0.17356145 -0.36213660
-0.65414244 0.17694892 -0.36334395
-0.63188159 0.12568261 -0.29062545
-0.64049077 0.15592664 -0.32100213
-0.57894635 0.09947740 -0.28428140
-0.65300679 0.16734959 -0.35402742
-0.64127058 0.15893832 -0.29899618
-0.62444979 0.17225136 -0.32031596
-0.64156914 0.12784393 -0.29223558
-0.59174329 0.09284702 -0.29651842
-0.58840346 0.10879995 -0.28940532
-0.59643269 0.11135605 -0.28858516
-0.70028496 0.20228167 -0.48681569
-0.64394742 0.16677517 -0.29695454
-0.64900190 0.16182002 -0.29797611
-0.60566825 0.17671669 -0.28023189
-0.60078955 0.18433188 -0.28857124
-0.60264766 0.17747866 -0.27960891
-0.60158026 0.17913432 -0.27765539
-0.62509024 0.17774256 -0.31687638
-0.62714612 0.18025947 -0.28339210
-0.61037558 0.19861932 -0.25927180
-0.61376768 0.19358835 -0.26181826
-0.61731344 0.18235157 -0.27797726
-0.62806535 0.18229717 -0.27359077
-0.63518798 0.16243958 -0.29392454
-0.61606908 0.17680776 -0.28773516
-0.63643336 0.18960573 -0.31762233
-0.60009235 0.17551550 -0.28195763
-0.65967298 0.17743820 -0.33352497
-0.63604724 0.17553392 -0.28055438
-0.60759890 0.18168107 -0.29086822
-0.65276760 0.15430556 -0.30622444
-0.65300113 0.16181862 -0.30051255
-0.65307778 0.15718122 -0.30589721
-0.60866076 0.19166091 -0.26158312
-0.62816656 0.17927343 -0.28241211
-0.60133815 0.18877776 -0.26407254
-0.60068893 0.19289446 -0.25929859
-0.65098315 0.17125985 -0.31019348
-0.65122908 0.17164209 -0.31611231
-0.62472886 0.18194743 -0.27438220
-0.62039804 0.18258329 -0.27319866
-0.61929381 0.18292306 -0.27218568
-0.61674505 0.18688798 -0.26704323
-0.61603802 0.15860237 -0.29169631
-0.63569325 0.17584178 -0.28279665
-0.65325677 0.18763493 -0.33323705
-0.61302197 0.16003741 -0.29285568
-0.62344521 0.17782468 -0.29064220
-0.62051308 0.17643750 -0.29084083
-0.65165412 0.15292232 -0.29907972
-0.63250268 0.18608235 -0.32000113
-0.62001765 0.19543281 -0.26061597
-0.63410205 0.17639515 -0.31974125
-0.63443089 0.16548115 -0.28262585
-0.61274874 0.18231606 -0.27723745
-0.60305065 0.18803015 -0.27414536
-0.65457290 0.17253657 -0.32634392
-0.65501344 0.16990772 -0.32310578
-0.65073228 0.17469147 -0.32117245
-0.63944125 0.18202630 -0.32511306
-0.60083574 0.19295613 -0.25912419
-0.60450166 0.18808146 -0.26204002
-0.60813498 0.18100321 -0.27269983
-0.60370243 0.18293346 -0.27230534
-0.61018080 0.18549713 -0.26588148
-0.61336046 0.18490176 -0.26846907
-0.64887452 0.15966070 -0.29759002
-0.62201560 0.17368861 -0.30882230
-0.59708482 0.18615906 -0.28539953
-0.62686300 0.17381744 -0.30448633
-0.62745440 0.17061529 -0.29607019
-0.61171514 0.18334264 -0.26981300
-0.61373591 0.18279658 -0.27175695
-0.61312544 0.17808934 -0.27937907
-0.60999930 0.19390512 -0.25399032
-0.62240601 0.18304959 -0.27064294
-0.59861827 0.18171403 -0.28445998
-0.62130839 0.17707323 -0.29128659
-0.61812812 0.17892051 -0.28398097
-0.62536031 0.17870414 -0.31691611
-0.62702584 0.18715058 -0.31509662
-0.60211563 0.18846762 -0.29208660
-0.61076897 0.18550886 -0.30501175
-0.62560630 0.16726451 -0.29589435
-0.60227418 0.18983313 -0.26994970
-0.63029718 0.17638139 -0.28976768
-0.63135600 0.17179738 -0.29132065
-0.63781762 0.18403916 -0.32378224
-0.64487034 0.18764336 -0.32008290
-0.64562339 0.18684418 -0.32646719
-0.62533659 0.17397770 -0.30326185
-0.63195729 0.17705086 -0.30060974
-0.63069189 0.17540823 -0.30539185
-0.62863946 0.17706253 -0.29760236
-0.64113027 0.17495121 -0.30862623
-0.62239647 0.19100781 -0.25941521
-0.62824714 0.18696311 -0.31639892
-0.61030376 0.17873704 -0.29079920
-0.59937418 0.19792092 -0.25968367
-0.60003746 0.18992513 -0.26715168
-0.62461084 0.18887995 -0.26538044
-0.61221224 0.18568820 -0.30800447
-0.60567927 0.19293793 -0.26830268
-0.62621319 0.18225648 -0.26745996
-0.62087572 0.18613172 -0.31114265
-0.62922370 0.19114378 -0.31611258
-0.63445348 0.17545174 -0.27694690
-0.61048001 0.18358898 -0.29592848
-0.61373550 0.18012771 -0.29895216
-0.61806595 0.18410975 -0.26979297
-0.61475843 0.18736726 -0.26465467
-0.59940964 0.18387908 -0.28607497
-0.60723007 0.18375485 -0.28512931
-0.63343710 0.17282036 -0.28873774
-0.62507367 0.15674523 -0.29674807
-0.61177498 0.17020045 -0.28473750
-0.59963995 0.17961119 -0.27935216
-0.59994686 0.18548550 -0.27315071
-0.61505473 0.18091178 -0.30735230
-0.65855235 0.18011919 -0.33505347
-0.61119980 0.17788711 -0.28526372
-0.60751754 0.19266275 -0.26514015
-0.62368375 0.16662261 -0.29531431
-0.62384725 0.16358157 -0.29494783
-0.65031755 0.17815933 -0.33142123
-0.61058974 0.18467037 -0.27119064
-0.64979839 0.17630439 -0.32649055
-0.63367999 0.16451883 -0.29149109
-0.64767230 0.18004717 -0.33238953
-0.65215319 0.17674398 -0.32931975
-0.65164620 0.18843055 -0.32647902
-0.62668002 0.18051140 -0.27675581
-0.64279532 0.18914221 -0.31777969
-0.61510003 0.17858228 -0.29785419
-0.64823377 0.17061538 -0.30362150
-0.64475715 0.17305210 -0.30446771
-0.61462194 0.17864344 -0.30463511
-0.62398994 0.17435697 -0.30259889
-0.64069307 0.17376848 -0.30160117
-0.64016747 0.17399482 -0.30025455
-0.62118274 0.17360666 -0.31403971
-0.61955047 0.17434438 -0.31335229
-0.63413495 0.17576468 -0.30983606
-0.63678950 0.17548460 -0.30502754
-0.60762674 0.18461049 -0.27491537
-0.61877143 0.18998310 -0.25862092
-0.60964489 0.19539650 -0.25193933
-0.60746509 0.16699095 -0.29098991
-0.62995356 0.17358306 -0.31889868
-0.65186322 0.16658366 -0.29967582
-0.62604457 0.18781497 -0.31495228
-0.63421410 0.18778983 -0.32052636
-0.64467293 0.17725511 -0.32524067
-0.61794132 0.18172625 -0.27967969
-0.62628710 0.18004575 -0.28138581
-0.61437643 0.17653121 -0.29186949
-0.63899946 0.18384057 -0.32492653
-0.62736881 0.17731170 -0.29123190
-0.61989158 0.19563505 -0.25786251
-0.62309420 0.19014220 -0.31035680
-0.60571402 0.18671027 -0.27237546
-0.61952931 0.16068844 -0.29231006
-0.63963306 0.17068636 -0.29129922
-0.60540372 0.18742302 -0.27902314
-0.63974637 0.16936448 -0.28607121
-0.63639545 0.16599275 -0.28929192
-0.62253636 0.18952766 -0.26494920
-0.64317614 0.18864672 -0.31717023
-0.61001134 0.16421239 -0.28855938
-0.63726676 0.17561337 -0.29703635
-0.63226938 0.17705408 -0.29121289
-0.61929929 0.17352380 -0.29158321
-0.61437035 0.17493264 -0.28394234
-0.62663734 0.17683944 -0.29551220
-0.63825530 0.16632415 -0.29269922
