-0.59216958 0.21461633 -0.23453780 121 157 49
-0.60590726 0.19803947 -0.24952249 159 191 45
-0.59468722 0.21156958 -0.23735589 139 172 65
-0.59201503 0.22307143 -0.22005475 167 213 16
-0.58624655 0.22999384 -0.21395849 167 206 35
-0.58312446 0.23435147 -0.21525985 70 94 0
-0.58732116 0.22714251 -0.21650018 188 226 65
-0.59974450 0.21826559 -0.24217300 123 146 4
-0.60822052 0.20246699 -0.24487054 136 175 6
-0.60805869 0.19930542 -0.24789305 180 213 34
-0.61043930 0.20557187 -0.25090626 149 173 0
-0.61345828 0.20221524 -0.25130445 122 140 22
-0.59629142 0.21975626 -0.22376582 183 230 14
-0.59507924 0.20872307 -0.24746151 109 137 26
-0.59562850 0.20795816 -0.25006300 101 133 24
-0.60704821 0.20846356 -0.25121665 165 188 10
-0.59830481 0.20010109 -0.25298223 137 172 10
-0.59662414 0.20140448 -0.25269228 147 179 20
-0.57687992 0.24374810 -0.20211959 93 113 26
-0.57668871 0.24659660 -0.20379554 92 111 0
-0.59445876 0.21531841 -0.24413909 86 117 14
-0.61508113 0.19765970 -0.25078019 158 181 11
-0.61363596 0.20059231 -0.24777129 159 188 22
-0.57676780 0.25351521 -0.20129001 85 108 0
-0.60183251 0.21773165 -0.23842490 144 170 9
-0.57280004 0.26956323 -0.18737662 128 146 0
-0.60180974 0.19994190 -0.26397485 153 177 31
-0.61037117 0.20863593 -0.24711162 149 170 13
-0.60574383 0.20871739 -0.25455707 169 192 0
-0.57083446 0.27264196 -0.18548593 144 161 7
-0.59301805 0.22842067 -0.21712522 134 168 9
-0.57656580 0.24771534 -0.20120187 114 142 6
-0.59894508 0.21196353 -0.25465438 161 182 29
-0.61171919 0.20669203 -0.24678393 120 148 27
-0.60009819 0.21928571 -0.23939602 150 173 21
-0.59404224 0.21572220 -0.22931719 146 183 17
-0.57997012 0.24046034 -0.20428221 142 168 45
-0.59927732 0.21137953 -0.23342213 145 183 8
-0.60218632 0.20401502 -0.24218740 137 172 20
-0.56835479 0.27078396 -0.18607053 161 179 33
-0.60289735 0.21422505 -0.23473160 136 172 14
-0.59809691 0.22198480 -0.22598720 173 210 35
-0.59811366 0.22035238 -0.22672585 143 183 0
-0.58425397 0.23487616 -0.21014436 177 206 38
-0.57096303 0.26105073 -0.19247860 116 146 0
-0.60647494 0.21289983 -0.24279068 140 163 11
-0.57069701 0.26585126 -0.18973631 131 150 0
-0.60750532 0.20983674 -0.24041757 135 158 18
-0.60284787 0.20051979 -0.26336098 156 183 8
-0.58246958 0.23914538 -0.21522780 89 114 13
-0.60207462 0.20268485 -0.26199752 168 191 25
-0.58234531 0.23697147 -0.21148664 143 162 47
-0.58569932 0.22827382 -0.22121766 59 88 0
-0.58692354 0.22781126 -0.22460426 61 95 8
-0.59712887 0.21592052 -0.24839233 87 111 0
-0.50341195 0.26948267 -0.45982721 135 161 88
-0.50237924 0.27072135 -0.46249384 104 131 64
-0.51566154 0.26504418 -0.45453802 132 170 59
-0.51800627 0.26410633 -0.45213830 142 177 77
-0.52410907 0.26576814 -0.44382662 88 124 16
-0.52941239 0.26281190 -0.44195211 92 121 11
-0.50906485 0.26913005 -0.45669240 148 172 96
-0.50998414 0.26750860 -0.45887539 130 170 47
-0.51401132 0.26656261 -0.45183223 140 169 77
-0.53562915 0.26255029 -0.43497470 73 103 13
-0.51780438 0.26826397 -0.45065397 112 144 35
-0.54090041 0.25954071 -0.42713189 32 65 0
-0.50045300 0.26828694 -0.46566957 89 124 44
-0.53232265 0.26241529 -0.43284747 56 92 0
-0.51719350 0.26619488 -0.45345354 117 160 44
-0.51924491 0.26700544 -0.44976923 138 170 61
-0.53060043 0.26296976 -0.44280994 94 126 15
-0.53142029 0.26144564 -0.44303373 96 122 25
-0.58189887 0.23242497 -0.39902896 84 121 25
-0.60979372 0.22417036 -0.38935637 64 112 0
-0.64246190 0.20756097 -0.39192483 50 88 3
-0.56396228 0.25000653 -0.40675899 59 93 16
-0.58897948 0.23531629 -0.39405259 88 132 8
-0.56316024 0.25562426 -0.40634584 79 118 37
-0.54608220 0.25885737 -0.42417562 60 91 11
-0.61379123 0.22015215 -0.39013454 78 127 1
-0.59699672 0.23203051 -0.39095002 101 146 27
-0.64259392 0.20859890 -0.39136785 64 102 17
-0.56460840 0.25012180 -0.40620145 90 124 47
-0.58588290 0.23620483 -0.39544883 54 93 2
-0.55899292 0.25296220 -0.41037995 51 86 4
-0.56703883 0.24935935 -0.40484616 64 99 17
-0.59279406 0.23701234 -0.39329281 90 146 0
-0.58093750 0.23300593 -0.39981785 112 147 55
-0.56948972 0.25048307 -0.40371743 82 133 6
-0.65983802 0.19632503 -0.40221313 69 94 29
-0.59509069 0.23861644 -0.38919112 90 135 6
-0.56827646 0.24577147 -0.40293992 57 100 10
-0.55597466 0.25646219 -0.41807386 43 77 0
-0.64676744 0.20107295 -0.39649442 43 85 0
-0.57005179 0.25046441 -0.40209714 97 139 55
-0.64012581 0.20904417 -0.39108747 39 75 0
-0.57727438 0.24821232 -0.40020651 65 113 3
-0.58264053 0.23354737 -0.39840078 82 131 6
-0.57350725 0.24133454 -0.40128237 71 122 4
-0.62434250 0.21826889 -0.38900962 99 144 17
-0.57947558 0.24438047 -0.39940575 94 145 6
-0.57161909 0.23948140 -0.40190732 102 144 44
-0.49224737 -0.07065097 -0.34965375 138 172 59
-0.48574585 -0.06707395 -0.35316598 111 151 52
-0.49704480 -0.06612965 -0.34308425 104 159 42
-0.49174732 -0.06378525 -0.34760943 71 113 15
-0.48174089 -0.07276419 -0.35646591 116 156 59
-0.49533069 -0.06590544 -0.34670952 116 154 43
-0.49072453 -0.07300652 -0.35148665 131 167 67
-0.48895797 -0.07141280 -0.35367534 77 112 18
-0.49447080 -0.06363851 -0.33867839 72 118 20
-0.50115150 -0.06371679 -0.34306741 112 148 22
-0.64646924 0.20531692 -0.39283055 120 146 85
-0.65829253 0.19865543 -0.39811942 95 116 57
-0.65617162 0.19473511 -0.40084550 73 98 32
-0.64870071 0.20137073 -0.39468428 84 117 48
-0.68029875 0.18999878 -0.41107672 110 117 66
-0.67136729 0.18448134 -0.39957219 61 93 10
-0.68980551 0.19664747 -0.45772538 77 71 37
-0.68361706 0.19362628 -0.43582782 67 81 28
-0.69489443 0.20035510 -0.47741449 65 79 20
-0.67127538 0.19200546 -0.41013700 73 94 25
-0.67114156 0.19423483 -0.40890065 53 74 9
-0.68519300 0.19442011 -0.44496334 90 100 48
-0.67790836 0.18662430 -0.40306208 79 99 36
-0.69410574 0.20030810 -0.47974995 126 133 91
-0.69551033 0.19343273 -0.44744861 70 90 39
-0.69401085 0.19494018 -0.44883835 68 87 41
-0.68807006 0.19748968 -0.45126525 64 79 24
-0.69358701 0.19805247 -0.47806683 128 132 81
-0.69372433 0.19833858 -0.46843299 39 64 0
-0.69168204 0.19395044 -0.44156846 70 88 46
-0.69553471 0.19199003 -0.44337347 80 100 49
-0.67602205 0.18246722 -0.39070913 85 105 56
-0.67464525 0.18211821 -0.38670376 90 107 73
-0.68434280 0.19347082 -0.42958316 67 82 43
-0.67989957 0.19114995 -0.41842979 38 53 10
-0.70337689 0.19797494 -0.47419250 63 79 6
-0.70515251 0.19502698 -0.47227454 81 96 11
-0.70136863 0.20137264 -0.48402867 29 47 0
-0.70002866 0.20193811 -0.48419994 34 54 1
-0.67796946 0.18967305 -0.42135763 41 57 10
-0.67708886 0.18925378 -0.42100012 56 71 28
-0.70263302 0.19535166 -0.46653989 60 82 0
-0.68406659 0.18040097 -0.40340802 99 117 35
-0.67867339 0.18079607 -0.39256775 89 110 51
-0.68266559 0.18948779 -0.41398400 53 69 32
-0.68485826 0.19335321 -0.44627348 93 101 50
-0.68776315 0.19376865 -0.45207128 88 97 50
-0.67578232 0.18977198 -0.40613413 60 82 17
-0.69405001 0.19586153 -0.47559008 94 106 42
-0.69658816 0.19897386 -0.47170830 40 65 0
-0.66333437 0.18104210 -0.38252720 126 147 52
-0.70053273 0.19467588 -0.46066937 64 83 17
-0.69462496 0.19673696 -0.45577562 56 78 29
-0.69576430 0.19719517 -0.45919961 50 73 19
-0.68981802 0.18244964 -0.42089838 104 130 43
-0.67492300 0.18471041 -0.39870685 89 111 49
-0.68671215 0.18573590 -0.41544539 82 94 28
-0.68729222 0.18670429 -0.41769147 63 73 20
-0.66872728 0.19480403 -0.40481350 54 81 14
-0.66939890 0.19582631 -0.40519869 51 76 11
-0.68187129 0.18669048 -0.40821970 73 92 28
-0.68689436 0.19486161 -0.43696666 70 85 42
-0.68492186 0.19458513 -0.43320364 69 84 43
-0.67330557 0.17074776 -0.36551750 104 133 17
-0.65963781 0.17292288 -0.36598545 76 100 4
-0.65939444 0.17059191 -0.36085629 63 81 0
-0.66965032 0.15473032 -0.34878919 94 120 31
-0.66800535 0.16039440 -0.35657033 68 94 5
-0.67260098 0.17733160 -0.39365914 70 104 7
-0.66697639 0.17300345 -0.37890783 74 101 8
-0.67941576 0.17830263 -0.39360836 112 136 58
-0.68588066 0.18008770 -0.40878430 116 126 30
-0.65646750 0.17687485 -0.36722103 80 102 1
-0.66004568 0.17981842 -0.37661210 69 95 8
-0.68262458 0.18458200 -0.42877507 108 118 68
-0.69413507 0.18473718 -0.44328138 116 138 66
-0.69211113 0.18449171 -0.44516683 96 116 55
-0.67530602 0.18583187 -0.41481757 65 78 34
-0.67562193 0.18811768 -0.41891068 48 65 23
-0.67158633 0.18462503 -0.40335029 46 77 1
-0.66905427 0.15447968 -0.35325599 69 95 8
-0.66455418 0.16404940 -0.36071298 116 126 73
-0.66861415 0.17376633 -0.38236222 66 100 6
-0.67192698 0.16698125 -0.36324430 97 122 30
-0.67392600 0.16389805 -0.35782701 99 123 9
-0.69241792 0.18711448 -0.45187876 107 122 63
-0.67817420 0.18015188 -0.40912512 56 102 3
-0.68393207 0.18019825 -0.40987024 113 133 46
-0.66653013 0.16420208 -0.36455694 60 94 0
-0.66324300 0.16952467 -0.36760336 73 101 0
-0.66541618 0.14181644 -0.33796379 94 128 0
-0.66682792 0.14247116 -0.33861250 87 120 7
-0.67601800 0.17798792 -0.40208602 65 101 3
-0.66872823 0.18075417 -0.39048842 80 110 22
-0.67823446 0.17803645 -0.39029300 97 121 45
-0.67852557 0.17839947 -0.38958231 106 128 55
-0.66958863 0.14889954 -0.34631768 66 96 0
-0.66507453 0.14577252 -0.34201509 87 119 0
-0.68120754 0.18792337 -0.43180814 100 116 69
-0.68132806 0.18721014 -0.43056014 104 116 70
-0.66619760 0.15728474 -0.35511887 73 104 10
-0.68733656 0.18106179 -0.41548729 108 127 48
-0.66716385 0.15124880 -0.34820148 70 100 2
-0.69199634 0.18348835 -0.43406320 118 147 54
-0.66521311 0.14491063 -0.34103370 100 127 0
-0.66556871 0.16680762 -0.36699492 57 90 0
-0.66894168 0.15986790 -0.36107540 76 104 4
-0.68603843 0.18206638 -0.42612490 125 155 83
-0.68045968 0.18219282 -0.41980508 103 125 79
-0.69161618 0.19063847 -0.45825231 100 118 60
-0.68598938 0.18723807 -0.44168979 104 118 67
-0.69018215 0.18897679 -0.45258364 104 118 65
-0.66865182 0.16572922 -0.36504129 66 91 7
-0.69748163 -0.05556913 -0.44285983 128 146 12
-0.68790668 -0.05182069 -0.43122908 97 125 22
-0.69084269 -0.05565948 -0.44904613 97 112 31
-0.69868094 -0.05511188 -0.43606952 129 138 49
-0.69659925 -0.05108528 -0.43991691 132 136 13
-0.68972969 -0.05195352 -0.44038916 101 128 15
-0.69135815 -0.05242080 -0.44253105 117 125 13
-0.68771994 -0.06070536 -0.46337301 67 94 17
-0.68794602 -0.05586665 -0.43958047 103 135 34
-0.69708186 -0.05820409 -0.44740647 90 120 0
-0.70206618 -0.04300488 -0.40606794 145 152 72
-0.69230539 -0.04962956 -0.42640495 93 129 0
-0.69034845 -0.04854454 -0.42931968 89 115 0
-0.68944561 -0.05089577 -0.42133513 87 124 31
-0.69678861 -0.04882256 -0.41062701 77 113 0
-0.68741822 -0.06043890 -0.46287200 110 137 60
-0.69854033 -0.04945754 -0.43300629 148 155 52
-0.69831097 -0.05042304 -0.43390396 134 140 32
-0.70378953 -0.04555614 -0.41296604 185 182 111
-0.68800390 -0.05165568 -0.42943355 145 170 76
-0.69847852 -0.05093520 -0.41574377 147 168 5
-0.70044380 -0.05017890 -0.41954693 110 123 5
-0.70031905 -0.04850351 -0.42632914 123 137 58
-0.69290245 -0.04838130 -0.41869274 134 177 46
-0.70389622 0.02014494 -0.31156972 151 182 18
-0.69517487 0.07001685 -0.30805716 160 179 38
-0.69003534 0.07981941 -0.31577334 105 120 39
-0.69397092 0.07941552 -0.30470622 108 118 21
-0.68870395 0.08939873 -0.31122395 111 117 69
-0.68515313 0.08955665 -0.31040573 161 198 23
-0.68766624 0.09318471 -0.30847472 94 117 3
-0.68307596 0.09663235 -0.31006142 158 187 7
-0.69394886 0.05423123 -0.31058729 173 201 18
-0.69792676 0.06261370 -0.30960673 174 199 56
-0.69172168 0.07990382 -0.31477851 128 148 53
-0.70399761 0.01064968 -0.31654969 154 172 8
-0.68551338 0.06638107 -0.31469873 138 168 10
-0.69067168 0.06336591 -0.30709028 161 195 23
-0.68502092 0.05364569 -0.31077099 138 180 68
-0.68610704 0.05506023 -0.31012258 150 190 42
-0.70377445 0.00621737 -0.32508853 138 161 9
-0.70357090 0.02703349 -0.30930340 161 176 33
-0.70285434 0.00949149 -0.31774020 225 239 56
-0.69912428 0.01275401 -0.31671637 189 208 4
-0.69671106 0.02890987 -0.30754685 161 190 0
-0.69350028 0.03626810 -0.30899429 191 216 37
-0.69810867 0.02069772 -0.32548535 164 179 38
-0.69045174 0.05957356 -0.30764911 141 176 11
-0.69086450 0.05401834 -0.30810875 132 165 14
-0.69140369 0.06285363 -0.30703497 188 218 24
-0.69943535 0.04089852 -0.31557184 168 192 46
-0.68715620 0.01958262 -0.31808275 144 183 56
-0.68928039 0.01534034 -0.31965229 150 192 68
-0.68976218 0.01478587 -0.31973809 158 200 74
-0.69292849 0.06749354 -0.30617666 130 161 0
-0.69380230 0.01420719 -0.32824966 82 115 8
-0.69949865 0.03862388 -0.30937490 154 188 41
-0.68671501 0.07404893 -0.30532417 144 188 5
-0.68156004 0.07812795 -0.30813515 173 207 24
-0.68560082 0.07970105 -0.30324069 179 216 24
-0.69997162 0.00810944 -0.32638371 138 163 10
-0.68105292 0.06942634 -0.31848097 159 182 12
-0.68519217 0.09795246 -0.31024632 80 108 0
-0.69595474 0.05413887 -0.31914788 160 172 44
-0.67928571 0.10756107 -0.31665570 159 191 22
-0.68113971 0.11384996 -0.32093734 88 113 0
-0.69287300 0.07035597 -0.31062713 171 192 29
-0.70716482 0.00863884 -0.32121944 133 156 26
-0.66694134 0.10318860 -0.31560072 113 139 0
-0.66657162 0.09725478 -0.31802464 160 185 6
-0.68102264 0.10263664 -0.31382105 75 113 4
-0.67763078 0.09946562 -0.31433159 141 182 24
-0.67964351 0.09936442 -0.31277588 145 185 9
-0.68692845 0.07076418 -0.31412485 173 204 15
-0.68046963 0.11125561 -0.31866288 97 132 14
-0.70684499 0.01003440 -0.31904447 168 195 18
-0.68398649 0.10265255 -0.31398129 152 185 20
-0.69103831 0.06479762 -0.31384793 153 188 0
-0.69952053 -0.00293423 -0.33042437 201 215 44
-0.69707012 -0.00015455 -0.32741812 167 195 85
-0.70418471 0.00434246 -0.32923198 151 169 35
-0.68609679 0.06243725 -0.31744897 177 205 7
-0.67805886 0.11192048 -0.31964046 126 163 6
-0.69045871 0.09061101 -0.30587530 94 114 0
-0.69354063 0.06323436 -0.31327495 171 203 16
-0.70145541 0.02805490 -0.30674955 172 201 21
-0.68965566 0.02849138 -0.31360203 165 197 51
-0.69265854 0.01929084 -0.31542420 205 234 45
-0.69486350 0.00175610 -0.32566610 162 189 86
-0.69646692 0.00927500 -0.32005709 217 239 50
-0.69302970 0.03787632 -0.30900395 171 200 30
-0.68853396 0.03251331 -0.31323096 159 194 74
-0.68746841 0.02827456 -0.31499001 106 147 41
-0.68816537 0.03280803 -0.31339097 156 190 78
-0.70221508 0.01702344 -0.31064862 238 251 24
-0.69356233 0.08380339 -0.30599093 156 168 42
-0.67436558 0.09257650 -0.31382039 108 141 11
-0.69386697 0.06786004 -0.30637774 178 218 33
-0.66894829 0.09487026 -0.31354213 180 194 10
-0.67370510 0.10495536 -0.31774613 67 100 13
-0.67160618 0.08673890 -0.31542999 187 213 20
-0.67663652 0.09322026 -0.31296557 87 118 24
-0.67205244 0.11504710 -0.32277906 78 111 24
-0.67465198 0.09519157 -0.31438330 80 111 8
-0.66851258 0.09435791 -0.31674108 195 221 24
-0.69847608 0.04664198 -0.31687602 140 162 27
-0.69823879 0.04533953 -0.31704944 131 149 31
-0.69839418 0.03926858 -0.30923268 125 156 0
-0.67780828 0.08286473 -0.31561422 144 175 22
-0.67503899 0.07535633 -0.31856522 121 145 0
-0.70595717 0.01715531 -0.31561032 132 165 26
-0.68067634 0.08610898 -0.31121936 161 187 25
-0.70319146 0.01595568 -0.32546422 134 146 48
-0.70191735 0.01488089 -0.32554170 126 147 16
-0.67032206 0.08913650 -0.31492564 188 208 12
-0.68492985 0.07621719 -0.31637585 172 196 46
-0.69647473 0.04881947 -0.32106692 163 187 27
-0.67942590 0.08175617 -0.31549364 83 110 17
-0.68075466 0.07287724 -0.31898135 167 193 0
-0.67097968 0.15084194 -0.34570220 87 112 31
-0.67651123 0.13017055 -0.32651186 134 166 0
-0.68230307 0.11877684 -0.32239830 80 108 0
-0.67517716 0.14135364 -0.33100778 108 144 0
-0.67620128 0.14043000 -0.32989669 149 189 15
-0.67823923 0.09707128 -0.31327310 132 172 23
-0.67287451 0.17416108 -0.37820154 92 113 34
-0.67226315 0.17383826 -0.38359022 95 115 43
-0.67464811 0.17550485 -0.37906131 90 109 43
-0.67713934 0.14065753 -0.33076060 145 177 14
-0.67026603 0.17339203 -0.36218774 98 119 26
-0.67182356 0.17381656 -0.36387071 89 109 24
-0.67510056 0.18119073 -0.38535270 99 119 66
-0.67291445 0.17988469 -0.37502301 73 89 53
-0.67064965 0.15367919 -0.34610385 78 109 5
-0.67373830 0.11853435 -0.32510689 112 144 47
-0.68169641 0.12030870 -0.32346579 164 189 46
-0.67115313 0.12798344 -0.32753673 100 129 39
-0.67279160 0.13250171 -0.32837981 108 143 17
-0.67674792 0.15661767 -0.34759665 89 123 0
-0.68714726 0.09064671 -0.30392423 102 145 0
-0.67319214 0.15675545 -0.35033575 94 123 4
-0.67191458 0.08284178 -0.31829035 187 207 30
-0.67142260 0.15176243 -0.34302619 88 121 4
-0.67466414 0.09980020 -0.31565136 114 147 68
-0.67290884 0.13613224 -0.33327800 77 110 19
-0.68022829 0.14759113 -0.33540910 104 139 11
-0.67403150 0.12186828 -0.32642180 80 116 16
-0.68191689 0.08064225 -0.30764627 182 221 34
-0.68188977 0.08646520 -0.30844620 151 190 11
-0.68275213 0.08687660 -0.30708858 141 182 4
-0.67556524 0.13145572 -0.32835150 155 189 15
-0.67530507 0.11711868 -0.32126850 117 160 27
-0.67506742 0.12156066 -0.32310849 116 155 12
-0.67771477 0.15505104 -0.34636551 88 117 0
-0.66817182 0.09460587 -0.31414008 149 181 0
-0.66925371 0.09254989 -0.31376627 171 200 30
-0.67015344 0.09679881 -0.31349677 108 143 0
-0.67741758 0.13256098 -0.32575715 103 136 0
-0.66948265 0.14705800 -0.34241456 88 113 29
-0.66808903 0.08942617 -0.31595951 166 193 0
-0.67421949 0.08704700 -0.31319115 128 170 46
-0.68265361 0.12175360 -0.32384223 165 189 41
-0.67707741 0.12528875 -0.32345453 133 168 24
-0.67678714 0.11491867 -0.31996250 101 143 7
-0.67059356 0.17212561 -0.36107165 90 111 18
-0.67141491 0.12843469 -0.33040813 60 88 3
-0.67816246 0.15066165 -0.33912429 103 132 13
-0.67046356 0.14484452 -0.34146708 71 101 13
-0.67261237 0.16179146 -0.35304695 82 116 4
-0.67358518 0.14555489 -0.33824119 110 147 16
-0.67962515 0.13682874 -0.32686415 159 187 25
-0.66565561 0.09999099 -0.31370953 189 220 54
-0.67263359 0.14324713 -0.33510783 92 127 0
-0.67018586 0.14815740 -0.34279013 93 119 28
-0.62510508 0.21897255 -0.38836536 94 149 3
-0.53998524 0.26010406 -0.42915955 82 109 32
-0.54848605 0.25413564 -0.41675121 63 99 0
-0.53556180 0.26224557 -0.43210968 67 88 11
-0.59817028 0.23616727 -0.38670400 68 114 26
-0.54188424 0.25837097 -0.42659390 58 88 0
-0.61113495 0.22015516 -0.38856748 100 143 61
-0.58308423 0.24622981 -0.39691189 56 96 25
-0.54698771 0.25397193 -0.41776770 77 113 3
-0.62140214 0.22349577 -0.38942116 80 134 12
-0.56739265 0.24452363 -0.40106127 68 110 26
-0.63074720 0.21393047 -0.38918704 123 157 80
-0.60918790 0.21988936 -0.39017025 65 115 18
-0.54733700 0.25598007 -0.42116928 65 95 21
-0.59184229 0.23489255 -0.39216152 109 149 63
-0.52713615 0.26417568 -0.44109210 142 166 70
-0.57413131 0.24766746 -0.39949575 97 137 51
-0.62899268 0.21276638 -0.38858739 91 123 38
-0.64091736 0.20808846 -0.39083654 125 155 93
-0.63699472 0.20784369 -0.39131820 96 127 57
-0.60252637 0.23297998 -0.38713527 120 171 68
-0.61434090 0.22710653 -0.38935333 62 107 26
-0.62526995 0.21688214 -0.38849324 133 166 97
-0.59358168 0.23757209 -0.38852707 98 146 46
-0.62866902 0.21720913 -0.38796645 80 124 11
-0.61515343 0.22355580 -0.38802484 118 159 65
-0.58911538 0.23357955 -0.39406505 94 139 10
-0.59555763 0.23443413 -0.38969150 100 144 55
-0.58655792 0.23010659 -0.39504141 147 184 91
-0.59055895 0.23450589 -0.39228767 109 147 62
-0.58499688 0.23428866 -0.39299679 97 142 37
-0.51893866 0.26429960 -0.44992188 164 190 91
-0.55807292 0.25244322 -0.40921092 52 88 1
-0.52745241 0.25948501 -0.44481423 142 159 63
-0.63672143 0.20973948 -0.39121464 54 85 7
-0.57751065 0.24373701 -0.39751580 113 153 67
-0.58167708 0.23367389 -0.39785039 76 114 27
-0.59161454 0.23062131 -0.39013803 73 113 25
-0.58584112 0.24576727 -0.39674670 59 110 9
-0.53022426 0.25999498 -0.44357908 106 122 33
-0.61361849 0.22712591 -0.38879415 79 124 41
-0.61513960 0.21874072 -0.38982099 113 153 65
-0.62694979 0.21294577 -0.38790658 81 115 31
-0.52364242 0.26584885 -0.44252369 124 149 45
-0.70487285 -0.03768998 -0.37994063 112 130 10
-0.71122950 -0.01557959 -0.35541049 90 125 7
-0.70840478 -0.03310743 -0.35537523 199 219 34
-0.69448924 -0.00925648 -0.34594730 74 112 13
-0.69127089 -0.02598200 -0.35071257 165 198 67
-0.69786882 -0.00414917 -0.34666193 154 179 26
-0.70972645 -0.02342627 -0.36083078 96 141 0
-0.68344736 -0.02632872 -0.35492241 191 197 49
-0.69932532 -0.00770847 -0.36056480 156 175 47
-0.69841933 -0.01452463 -0.34098992 154 181 86
-0.69643426 -0.02274144 -0.34813669 131 163 66
-0.70100516 -0.03654558 -0.37115598 96 129 0
-0.69517028 -0.01097148 -0.33692837 124 148 36
-0.69559407 -0.01361132 -0.33933833 127 155 34
-0.70301127 -0.00213320 -0.33857870 116 149 34
-0.70399779 0.00317454 -0.33424294 156 176 16
-0.70145518 -0.03630561 -0.39078534 81 101 0
-0.69492477 -0.00238371 -0.33041167 82 121 30
-0.69388616 -0.01258432 -0.36342984 151 152 14
-0.70713729 -0.01817046 -0.36273700 117 137 14
-0.70920140 -0.01289980 -0.34975612 132 151 0
-0.70965171 -0.02524452 -0.35292050 154 180 9
-0.70302814 0.00024337 -0.33587459 69 95 0
-0.70303732 0.00012510 -0.33764181 65 100 6
-0.70127958 -0.00266390 -0.33021131 142 164 4
-0.70768392 -0.01836639 -0.34802270 153 175 12
-0.70496607 -0.01871307 -0.34499636 172 182 7
-0.68778300 -0.02257163 -0.34716681 195 211 26
-0.70371681 -0.03738133 -0.37889838 74 99 0
-0.70330012 -0.01163446 -0.35799062 151 170 45
-0.70613116 -0.01026033 -0.35618868 128 157 51
-0.68710834 -0.01981908 -0.33863118 126 141 0
-0.69223022 -0.01697489 -0.33993980 133 159 6
-0.69305581 -0.01387712 -0.33611134 124 149 0
-0.69112021 -0.01540612 -0.33215967 168 189 24
-0.70425314 -0.00421227 -0.34239528 110 124 26
-0.69257021 -0.02117984 -0.34606734 141 168 35
-0.68886769 -0.04627640 -0.38866219 121 160 35
-0.69331354 -0.00919111 -0.34628281 90 125 31
-0.69077289 -0.04135255 -0.37841672 75 105 9
-0.68795246 -0.01608304 -0.35929620 107 150 32
-0.69022334 -0.00808712 -0.34319577 110 151 33
-0.68800247 -0.05029787 -0.39355439 145 169 47
-0.70086563 -0.03508009 -0.36831674 114 145 0
-0.70659029 -0.03376383 -0.37464857 122 144 9
-0.70102417 -0.02740369 -0.35186002 132 172 47
-0.70111495 -0.01897737 -0.34547415 161 184 32
-0.70479947 -0.02347550 -0.34826332 177 191 34
-0.71246338 -0.02025096 -0.35508162 140 169 41
-0.70206624 -0.03710961 -0.38644695 117 137 22
-0.68931335 -0.04894886 -0.40380499 114 157 26
-0.69602656 0.00029525 -0.32848731 103 143 10
-0.70723295 -0.01520020 -0.34648216 159 171 9
-0.69556218 -0.04396530 -0.38473287 23 63 0
-0.69299382 -0.04395732 -0.38263071 53 94 0
-0.68773460 -0.04798883 -0.38525543 155 181 54
-0.70243102 0.00206160 -0.32852483 106 139 0
-0.69952458 -0.04163008 -0.38337287 120 154 18
-0.70507431 -0.02302981 -0.36688697 154 169 64
-0.71167678 -0.01725112 -0.35598424 101 140 11
-0.70483691 -0.01365524 -0.35907677 173 191 57
-0.69777834 -0.02395217 -0.36805317 185 193 58
-0.70859718 -0.02840830 -0.36797780 130 153 10
-0.68680400 -0.04809602 -0.39368442 115 146 19
-0.70438093 -0.00511403 -0.34698093 148 163 60
-0.69975924 -0.00341014 -0.34616986 74 106 0
-0.68707907 -0.04789418 -0.39152279 65 93 0
-0.70696813 -0.00792073 -0.35186523 74 99 41
-0.69859397 -0.00331979 -0.34079972 110 134 0
-0.69639844 -0.04559879 -0.40150183 113 152 9
-0.71255821 -0.02753896 -0.36012155 82 110 7
-0.68463618 -0.02166007 -0.35149699 154 176 33
-0.69542199 -0.04639823 -0.40564203 142 182 60
-0.68485636 -0.02096566 -0.34536976 88 112 2
-0.69184124 -0.01375612 -0.36404756 104 124 0
-0.69379419 -0.00769897 -0.35862586 189 203 22
-0.69623876 -0.03818552 -0.37453508 42 79 0
-0.70754272 -0.02292790 -0.36530450 125 148 0
-0.69056523 -0.01215481 -0.35684830 120 161 41
-0.69161600 -0.01046211 -0.34916258 30 69 2
-0.68558955 -0.03075613 -0.35547292 230 247 83
-0.57586390 0.02402432 -0.30407062 119 137 37
-0.57982814 0.03839374 -0.30003351 65 98 9
-0.57792443 0.05238803 -0.28711838 113 165 82
-0.57496625 0.04823939 -0.28860813 102 151 72
-0.57157087 0.04556229 -0.29069719 136 181 98
-0.57213771 0.02434386 -0.29095593 85 141 34
-0.57387447 0.03716398 -0.28910115 166 218 108
-0.57553226 0.03459954 -0.28856719 101 151 54
-0.58126593 0.04038502 -0.29727972 70 106 8
-0.57759809 0.03082496 -0.29511252 62 105 13
-0.58340669 0.05191942 -0.29387695 65 107 0
-0.56494105 0.00985083 -0.30799952 51 85 0
-0.57390904 0.01756173 -0.30042884 129 167 2
-0.55927879 -0.00244234 -0.30881310 47 78 8
-0.55596137 -0.00911077 -0.30725032 43 78 0
-0.58127356 0.04232945 -0.29438162 83 126 18
-0.57782966 0.03384378 -0.29337454 83 135 11
-0.57986349 0.04791000 -0.28652611 135 183 74
-0.55294502 -0.01119338 -0.31318426 68 101 12
-0.58072561 0.04689035 -0.29579237 59 100 0
-0.56389797 0.00616371 -0.30827495 84 116 19
-0.57977450 0.05573367 -0.30349389 69 96 1
-0.57826269 0.03038808 -0.29803127 61 92 0
-0.58032954 0.03925145 -0.29385501 71 116 0
-0.58267713 0.04640345 -0.29181677 56 97 1
-0.55604535 0.00145108 -0.31075171 83 122 29
-0.55261868 -0.01375683 -0.31220436 41 72 0
-0.56763339 0.00668667 -0.30431271 106 142 0
-0.56947398 0.01812300 -0.30666691 82 115 0
-0.57583594 0.02463575 -0.30530742 120 132 20
-0.69209695 0.00131991 -0.32991618 72 107 17
-0.68072551 0.05966563 -0.31381738 108 142 4
-0.68201166 0.03669087 -0.31808567 169 201 12
-0.68315995 0.04429641 -0.31450161 118 164 16
-0.69198614 0.02690453 -0.32300544 100 136 30
-0.68276930 0.03787921 -0.32286063 195 224 20
-0.67409396 0.06176604 -0.30961519 138 174 16
-0.67707813 0.07376318 -0.31020939 161 202 80
-0.68362832 0.01536682 -0.33176365 142 169 52
-0.69846284 0.02331670 -0.32392681 188 194 42
-0.69100362 0.03757487 -0.31946394 169 201 6
-0.67977256 0.01879891 -0.32521734 110 150 0
-0.68254787 -0.01885514 -0.33743727 105 128 11
-0.68179029 0.01438038 -0.33142760 98 137 30
-0.68628860 -0.01886092 -0.36012155 119 159 26
-0.68047947 0.01143369 -0.32709995 181 196 53
-0.68876654 -0.01541789 -0.33016762 189 205 11
-0.68564910 -0.01027615 -0.32724896 198 217 3
-0.68495077 0.04201858 -0.32049260 139 173 0
-0.68179244 -0.01256165 -0.32908982 151 147 47
-0.68840063 -0.01127042 -0.32906526 160 185 6
-0.69086951 -0.00830925 -0.32881740 141 170 0
-0.67419559 0.06204018 -0.31023103 136 169 16
-0.67297024 0.07396429 -0.31223109 180 201 22
-0.67465484 0.07015773 -0.31834555 167 198 61
-0.67450398 0.07013055 -0.31671375 109 140 11
-0.68616593 0.01319744 -0.33242756 178 194 10
-0.68089002 0.02101943 -0.32774615 162 190 27
-0.69161749 0.01649810 -0.32876486 129 159 27
-0.68546343 -0.00874110 -0.34055156 124 151 44
-0.68306923 -0.01796278 -0.32779408 111 111 13
-0.69830638 0.03288000 -0.31854618 185 199 44
-0.68589079 0.00814466 -0.32149792 200 241 17
-0.68676156 0.00871625 -0.32158872 175 212 11
-0.68700433 0.01106757 -0.32088107 122 166 7
-0.70202500 0.03079425 -0.31459919 143 163 30
-0.70497376 0.02592110 -0.31340840 63 82 1
-0.67575818 0.04562831 -0.31618717 184 214 38
-0.67377973 0.04984366 -0.31446639 154 198 27
-0.68091941 0.03566414 -0.32061151 137 167 0
-0.69269907 0.01383747 -0.32893366 139 163 25
-0.68039560 0.00105664 -0.33084679 92 123 20
-0.67092198 0.05680076 -0.31278670 121 154 15
-0.68650347 -0.01050935 -0.34746963 80 113 0
-0.68411511 -0.00426525 -0.33371443 88 114 5
-0.67627895 0.05766505 -0.31331372 123 162 9
-0.68341678 -0.02157734 -0.35626850 180 206 45
-0.70011628 0.03501558 -0.31619498 97 114 2
-0.67755985 0.06046988 -0.31245419 67 113 0
-0.68486470 0.05772957 -0.31590334 176 206 14
-0.69580001 0.02708661 -0.32160679 181 192 14
-0.68651527 -0.01306969 -0.35094565 138 170 43
-0.67306560 0.05910264 -0.31649557 124 160 0
-0.68025804 0.04968993 -0.31963062 178 200 11
-0.68049598 0.04360654 -0.32282764 170 198 0
-0.68739301 0.03242586 -0.32379761 168 208 15
-0.68452626 0.03055147 -0.32483330 147 173 11
-0.69336778 0.03298311 -0.31890953 150 196 10
-0.68993086 0.05030053 -0.32031345 186 209 5
-0.67939061 0.05590586 -0.31456396 74 114 0
-0.68057609 0.05848938 -0.31051487 127 172 53
-0.68081540 0.06714068 -0.31016439 93 133 44
-0.68787336 0.04900328 -0.31978640 131 168 0
-0.68418723 0.05464595 -0.31618547 146 171 0
-0.69352138 0.04217433 -0.32005879 96 144 0
-0.68557256 0.02005766 -0.33058161 152 174 4
-0.68429530 -0.01338660 -0.34154677 82 102 0
-0.67349970 0.04634269 -0.31749514 154 187 20
-0.68072420 0.03631913 -0.32187694 125 159 0
-0.67790824 0.04017828 -0.32032865 133 161 0
-0.67911631 0.01180791 -0.32560715 150 187 0
-0.68201184 0.02892349 -0.31993002 164 195 14
-0.68231696 0.01808190 -0.32166147 162 202 18
-0.68094587 0.01567190 -0.32330415 155 198 20
-0.67975909 0.05349486 -0.31086925 168 213 60
-0.67603409 0.05514663 -0.31122398 155 195 19
-0.68358332 0.01859442 -0.33088771 174 199 20
-0.68066376 -0.00534366 -0.33163521 168 183 54
-0.68523324 -0.01930129 -0.34793076 122 139 7
-0.69438326 0.01919628 -0.32713550 91 125 49
-0.68112963 -0.01053494 -0.33538866 154 171 43
-0.68032527 0.01040946 -0.32474256 133 172 0
-0.68136901 0.00927943 -0.32399052 180 222 24
-0.68150574 0.00652838 -0.32431820 190 230 22
-0.53290749 -0.03216751 -0.32402468 113 169 82
-0.53001714 -0.02079531 -0.31484357 43 74 0
-0.52620184 -0.02500475 -0.31635559 44 74 2
-0.54438281 -0.03435559 -0.32321113 147 190 82
-0.57271856 0.04556504 -0.30348423 39 70 0
-0.56961799 0.04419526 -0.30153003 85 122 29
-0.52593517 -0.03727489 -0.32585955 124 174 89
-0.53171659 -0.03764251 -0.33319733 83 112 56
-0.54802746 -0.00496251 -0.31373885 80 114 2
-0.52071154 -0.04598257 -0.33618939 93 114 75
-0.54838294 0.00339354 -0.30748677 98 122 72
-0.56111223 0.01909669 -0.29441321 116 168 67
-0.52150726 -0.04098853 -0.32773271 128 182 106
-0.54848087 -0.02903584 -0.32053852 132 145 63
-0.55600220 0.00372638 -0.29566884 124 178 38
-0.54569519 -0.00505435 -0.30098748 145 198 82
-0.54702985 -0.01580153 -0.31729671 75 113 28
-0.54825634 -0.01643387 -0.31750235 77 115 12
-0.54063660 -0.03217362 -0.32672766 51 90 0
-0.54401731 -0.02418742 -0.32357582 110 146 46
-0.56309599 0.02993590 -0.30226409 79 112 7
-0.56469482 0.02630474 -0.30470532 40 70 8
-0.56198376 0.01935906 -0.30591813 45 73 0
-0.56118512 -0.00308342 -0.30409732 61 96 12
-0.55667192 -0.00926245 -0.30464062 48 81 24
-0.53882486 -0.03489505 -0.32505673 145 199 87
-0.54191470 -0.01293719 -0.31634444 71 108 3
-0.52384764 -0.04812975 -0.33092529 127 178 60
-0.54703009 -0.01627704 -0.30669650 187 221 100
-0.54588586 -0.01698007 -0.30792239 118 152 39
-0.53913593 -0.02388327 -0.30817896 150 196 61
-0.55427271 0.00189649 -0.31118962 41 72 2
-0.54389781 -0.01377630 -0.31653416 97 136 11
-0.55348420 -0.00699424 -0.29733661 132 188 39
-0.52473819 -0.04226357 -0.33367497 88 104 65
-0.55435550 -0.01203727 -0.30625254 49 84 18
-0.54148978 -0.02221554 -0.32394034 99 122 14
-0.53983033 -0.02242869 -0.32286057 129 161 50
-0.53455901 -0.02961410 -0.32538477 123 163 51
-0.53361714 -0.03018402 -0.32916242 117 144 39
-0.56399322 0.02655863 -0.29332986 92 147 53
-0.56499225 0.02387374 -0.29305181 114 173 65
-0.51516956 -0.04557554 -0.33914736 117 120 129
-0.56684977 0.00228623 -0.29420650 156 200 25
-0.52120560 -0.03784512 -0.32681733 113 146 29
-0.56993425 0.04913169 -0.29886791 77 113 39
-0.57088917 0.05122544 -0.29721013 104 134 70
-0.56714559 0.03747245 -0.29316652 108 150 74
-0.56648248 0.03923507 -0.29864439 94 131 28
-0.55852538 0.01688710 -0.29819125 88 129 51
-0.55436081 -0.01186470 -0.30534264 44 76 11
-0.55718887 -0.00843638 -0.29825214 232 255 98
-0.56093395 0.02757560 -0.30082536 97 134 54
-0.56104881 0.01092762 -0.30908057 109 148 29
-0.56139255 0.00718050 -0.30904487 68 108 0
-0.53202319 -0.01936234 -0.31486702 35 65 0
-0.52355427 -0.03186124 -0.32198775 52 80 0
-0.57053488 0.01123626 -0.29496804 118 163 20
-0.56824255 0.00951558 -0.29213443 78 128 13
-0.52024156 -0.04055671 -0.32853204 123 154 35
-0.53420341 -0.03888319 -0.32769066 136 193 78
-0.55016237 -0.01011114 -0.29953447 163 221 74
-0.54848087 -0.00751260 -0.29981530 151 211 61
-0.52289146 -0.04716360 -0.33167374 126 180 43
-0.53455687 -0.03196534 -0.33121422 130 146 99
-0.56984025 0.01688436 -0.29147199 56 112 3
-0.56942642 0.01458107 -0.29148799 88 144 35
-0.56513768 0.01123744 -0.29267806 137 201 65
-0.57243621 0.01367630 -0.29692149 76 113 7
-0.52976769 -0.03254261 -0.32486051 97 130 13
-0.57679129 0.04126750 -0.30594882 142 160 50
-0.57650781 0.04608493 -0.30492926 62 87 0
-0.56016350 0.02413556 -0.29908878 82 129 27
-0.55927408 0.01385559 -0.30744547 56 84 10
-0.53106487 -0.04188637 -0.32994810 131 188 49
-0.51796633 -0.04980511 -0.33287299 130 168 67
-0.53927851 -0.01043882 -0.31233612 45 72 17
-0.56228143 0.00364187 -0.29323906 113 165 29
-0.55721611 -0.00064453 -0.29501069 156 211 66
-0.51712602 -0.05135492 -0.33327857 149 198 73
-0.57802141 0.05737490 -0.30322155 53 81 0
-0.56515765 0.03517172 -0.29729086 87 122 40
-0.55474871 0.01445268 -0.30357695 115 143 92
-0.55004829 0.00504154 -0.30238730 80 118 43
-0.55672228 0.01331158 -0.29893762 84 124 53
-0.54936391 0.00285752 -0.30139607 84 126 40
-0.53395385 -0.02522790 -0.32088551 123 156 26
-0.53307074 -0.03067011 -0.33124474 77 83 69
-0.54136550 -0.03045718 -0.32662427 107 147 35
-0.57222956 0.03885223 -0.30539921 33 61 0
-0.56597692 0.02340031 -0.30669904 33 71 12
-0.53782809 -0.01304018 -0.31354877 44 71 2
-0.53897661 -0.02545421 -0.32694966 118 136 52
-0.54924244 0.00259991 -0.30912662 55 86 8
-0.55431366 0.00580418 -0.30927834 111 149 28
-0.52968246 -0.02466838 -0.30885702 140 192 56
-0.53242493 -0.03934542 -0.33107844 114 169 42
-0.53738403 -0.01162878 -0.30947167 35 62 9
-0.51812696 -0.04317787 -0.33003774 110 144 24
-0.57645297 0.03120482 -0.30523840 105 126 0
-0.57154036 0.03093874 -0.30630717 52 76 0
-0.53168863 -0.02380464 -0.30811399 109 168 16
-0.53696740 -0.01835080 -0.30599365 128 186 48
-0.54299730 -0.01116517 -0.30308449 164 223 79
-0.54576862 -0.01724328 -0.30285165 140 198 51
-0.68617773 0.18839654 -0.48543283 145 137 118
-0.69506049 0.20240405 -0.48679212 143 138 116
-0.68805414 0.19627632 -0.48567629 162 155 129
-0.68574619 0.19629984 -0.48456520 172 164 141
-0.52903628 -0.03310860 -0.31075352 108 162 16
-0.51375169 -0.04939593 -0.33317897 110 166 79
-0.51386446 -0.03747380 -0.32243454 88 119 16
-0.51066244 -0.04017352 -0.32430819 84 107 16
-0.51194912 -0.04382702 -0.32960275 55 85 0
-0.49173754 -0.06237577 -0.33996090 146 180 70
-0.50318658 -0.04864631 -0.33031946 98 124 25
-0.50299078 -0.05202217 -0.33711231 65 101 5
-0.51998681 -0.03224691 -0.31584674 120 144 68
-0.48739621 -0.07643670 -0.35294986 83 133 20
-0.53210783 -0.02890219 -0.31974655 95 143 69
-0.52978218 -0.03414859 -0.31123659 148 194 43
-0.54508805 -0.02951388 -0.32209426 136 188 62
-0.53971511 -0.02228288 -0.31205776 76 116 17
-0.49971339 -0.05520717 -0.33924535 80 121 15
-0.53313762 -0.02734987 -0.31878757 100 148 64
-0.53581619 -0.02584977 -0.31611547 65 111 13
-0.51279336 -0.05369714 -0.33489537 131 188 81
-0.50757706 -0.05490841 -0.33844793 84 121 15
-0.49478465 -0.05909081 -0.34100139 73 108 18
-0.52267295 -0.03702004 -0.31668028 142 193 52
-0.50812697 -0.05579124 -0.33647221 93 152 62
-0.49679479 -0.05553113 -0.33820838 59 91 8
-0.50523806 -0.05101362 -0.32878947 171 217 69
-0.54837209 -0.02187921 -0.31830978 105 127 26
-0.51129293 -0.04469992 -0.32168147 169 205 55
-0.50822723 -0.04606332 -0.32464010 158 192 56
-0.51808482 -0.03806696 -0.31563443 139 172 29
-0.51294571 -0.04617154 -0.32258928 108 161 21
-0.52059889 -0.03839139 -0.31744477 138 188 41
-0.52093154 -0.03929047 -0.32555580 126 174 114
-0.51133889 -0.04707414 -0.32575908 73 129 38
-0.54606235 -0.02533504 -0.31886035 112 172 50
-0.51877970 -0.03981064 -0.31459281 139 151 25
-0.52267480 -0.03514993 -0.31200385 131 180 28
-0.50459391 -0.05653618 -0.33899346 86 128 4
-0.48515800 -0.07223616 -0.35036352 67 113 15
-0.50515866 -0.05413951 -0.33144295 73 129 28
-0.48813218 -0.07583292 -0.35224542 80 130 15
-0.49402896 -0.06273083 -0.33699611 52 88 0
-0.50430924 -0.05490178 -0.33526546 72 125 47
-0.49718583 -0.06132400 -0.33670667 66 112 14
-0.48712185 -0.06559937 -0.34721124 112 153 59
-0.51667112 -0.04886304 -0.33276612 131 191 93
-0.54644358 -0.02218900 -0.31515479 107 164 51
-0.50888312 -0.05725025 -0.33843142 101 149 14
-0.53437930 -0.02796934 -0.32256499 124 177 89
-0.52115697 -0.03720453 -0.32109556 61 114 60
-0.51083881 -0.05712266 -0.33811882 129 178 27
-0.53754753 -0.02565297 -0.32244724 103 158 65
-0.53067738 -0.02056895 -0.31190881 57 82 16
-0.50354499 -0.04860901 -0.33257899 51 78 1
-0.70967966 0.18866344 -0.48268995 52 55 12
-0.69482458 0.19551279 -0.47977784 103 112 65
-0.69999367 0.19146582 -0.47799176 40 60 0
-0.69713914 0.18643376 -0.45512754 105 123 37
-0.69288874 0.18786003 -0.43325007 101 121 52
-0.69742852 0.19489439 -0.48369858 120 127 93
-0.70464611 0.19025755 -0.48304403 79 95 7
-0.69370449 0.18501225 -0.43394440 105 126 51
-0.70312047 0.19300838 -0.46623251 99 110 31
-0.70294362 0.19289126 -0.46405971 98 111 32
-0.70116055 0.19099285 -0.45766070 131 142 73
-0.70291317 0.18976933 -0.47299969 92 106 0
-0.68969917 0.19157442 -0.48929933 106 96 71
-0.69721168 0.19001263 -0.46646130 88 111 21
-0.69428319 0.18838453 -0.45731506 106 127 50
-0.69725108 0.18843783 -0.44524491 97 115 33
-0.39113972 0.15454710 -0.42100585 88 138 0
-0.41306177 0.17788051 -0.34581536 91 131 0
-0.38610283 0.15149158 -0.44786477 67 114 0
-0.39439273 0.14997935 -0.38771799 115 150 20
-0.39436889 0.14993393 -0.38218811 121 162 34
-0.52988243 0.17962562 -0.27159646 154 187 83
-0.52705783 0.17559050 -0.27193871 165 197 72
-0.39098352 0.15154819 -0.42763087 78 125 0
-0.52008450 0.17076436 -0.27465525 220 252 91
-0.53194946 0.17099458 -0.27245668 216 245 103
-0.54045004 0.16375245 -0.27224052 206 222 25
-0.49318871 0.17555515 -0.27587029 88 129 1
-0.39341941 0.15184435 -0.42069072 108 157 14
-0.47622761 0.17269129 -0.28319508 108 154 3
-0.43091428 0.16567613 -0.32790896 149 186 11
-0.50817204 0.18006380 -0.27492189 99 138 11
-0.42100960 0.16290204 -0.35832596 100 146 21
-0.46350357 0.16409829 -0.28522816 161 196 78
-0.46444684 0.16174696 -0.28210133 146 184 81
-0.54811949 0.16887671 -0.27302918 189 228 59
-0.39690301 0.16395314 -0.40293905 64 102 15
-0.44315588 0.16037874 -0.32190773 129 175 7
-0.46922785 0.17219920 -0.28522187 131 172 0
-0.46965626 0.15971228 -0.27408668 84 126 2
-0.42485541 0.16681255 -0.33098570 89 128 1
-0.42737752 0.17704059 -0.31634048 149 191 67
-0.42933816 0.17967173 -0.31495702 121 168 62
-0.52307445 0.16783729 -0.27519840 157 187 3
-0.46011630 0.16632928 -0.29796115 95 143 0
-0.51435912 0.17877960 -0.27429000 162 197 45
-0.43448210 0.16384083 -0.32495186 94 132 0
-0.49821383 0.17099889 -0.27233613 166 196 4
-0.47009552 0.16036624 -0.27194721 128 170 32
-0.46800855 0.15735559 -0.28513443 158 196 21
-0.45221448 0.16006812 -0.31807470 78 127 9
-0.44054678 0.16199954 -0.31912324 154 189 24
-0.44039801 0.16142148 -0.32043725 114 151 11
-0.45064029 0.16272394 -0.30052945 174 212 47
-0.43543583 0.16629750 -0.31708664 159 204 99
-0.44116601 0.16226336 -0.31775442 157 193 25
-0.44484636 0.16697334 -0.30679768 125 165 43
-0.44355500 0.16938804 -0.30823565 149 187 104
-0.45149499 0.16345069 -0.29950088 178 217 50
-0.52868295 0.17781979 -0.27413523 86 131 4
-0.54013789 0.17844923 -0.27396819 85 130 1
-0.51711708 0.18034117 -0.27096903 154 187 83
-0.49304876 0.17232193 -0.27419531 179 203 5
-0.49094060 0.17121154 -0.27441114 192 215 11
-0.39474732 0.16392393 -0.38405475 92 111 29
-0.58769977 0.17752109 -0.29089659 125 169 14
-0.46261734 0.16312061 -0.28300449 103 144 0
-0.46457243 0.15810387 -0.29192513 124 165 1
-0.58308440 0.18163760 -0.28625566 159 202 50
-0.59019536 0.18348017 -0.28813398 188 231 63
-0.44930768 0.16080928 -0.30793750 153 194 30
-0.44844732 0.16020073 -0.31110564 151 190 13
-0.45992187 0.15790892 -0.30052125 97 146 5
-0.38971055 0.15197684 -0.43778649 45 94 0
-0.45691299 0.15917315 -0.31214407 57 106 0
-0.46262649 0.15751320 -0.30129361 100 147 0
-0.38411564 0.15069392 -0.44279763 129 181 34
-0.38258657 0.15064202 -0.44007429 108 157 29
-0.44774619 0.17945498 -0.31325689 144 183 4
-0.39632097 0.14949884 -0.38354588 97 136 7
-0.47980395 0.16700880 -0.27566564 172 203 11
-0.39234984 0.15809438 -0.39975595 112 144 79
-0.53867245 0.17169905 -0.27239513 206 238 101
-0.52057880 0.18358448 -0.27005228 142 178 44
-0.52295661 0.18375623 -0.27060801 129 168 27
-0.45227221 0.18750137 -0.30619946 74 108 31
-0.43479130 0.16216181 -0.33730447 119 164 21
-0.47748348 0.16605328 -0.27635592 136 175 22
-0.50912660 0.17387213 -0.27225572 168 201 70
-0.51029623 0.17131245 -0.27331018 160 193 62
-0.40029815 0.16165109 -0.37960687 71 111 0
-0.50383842 0.16461752 -0.27292740 164 205 5
-0.37573308 0.15666969 -0.47506246 180 179 53
-0.53351426 0.16853233 -0.27146122 148 176 29
-0.38587657 0.15510944 -0.44616717 108 139 19
-0.52025723 0.16969267 -0.27403206 186 210 36
-0.50144744 0.16624808 -0.27230763 136 174 0
-0.44757754 0.17326729 -0.31027150 132 170 0
-0.59128195 0.17546090 -0.29308507 164 215 26
-0.39202642 0.15556216 -0.41193819 93 142 0
-0.47155589 0.15808600 -0.27254680 123 160 0
-0.45142561 0.18252949 -0.30046818 137 180 39
-0.46543589 0.17286722 -0.28937614 128 174 6
-0.48462164 0.16423073 -0.27250037 154 195 0
-0.48582274 0.16330215 -0.27191523 106 151 0
-0.46034771 0.16008602 -0.30333701 94 139 0
-0.45773518 0.15938406 -0.31194532 71 112 10
-0.57669538 0.17956580 -0.28409031 140 178 57
-0.56541765 0.17705013 -0.27910876 127 161 22
-0.57290614 0.18370669 -0.27989200 182 216 57
-0.44597775 0.17506538 -0.30908549 163 199 13
-0.55164379 0.16850147 -0.27495039 129 164 0
-0.47151601 0.16067544 -0.27167413 73 120 0
-0.59977692 0.17650907 -0.28269172 132 145 57
-0.47747812 0.15842211 -0.27259886 131 174 22
-0.59631360 0.18469866 -0.28663424 165 204 35
-0.37871289 0.16040638 -0.46889696 116 131 26
-0.50804257 0.16830795 -0.27462342 174 203 14
-0.38543841 0.15120085 -0.43065727 107 153 28
-0.39994186 0.14947921 -0.37248549 121 162 58
-0.39899400 0.15109622 -0.37250453 147 188 82
-0.39270806 0.15536597 -0.38652331 109 148 21
-0.46986592 0.17013034 -0.28240362 162 192 0
-0.38295975 0.15530883 -0.46269739 92 123 6
-0.44647288 0.16945608 -0.31109601 138 171 0
-0.41540119 0.17192210 -0.33856672 105 153 33
-0.53332525 0.17127098 -0.27258250 179 214 36
-0.53625572 0.17421222 -0.27315873 154 183 0
-0.54618573 0.16912800 -0.27167267 201 223 63
-0.47172761 0.17679788 -0.28557593 138 179 77
-0.47313288 0.17848329 -0.28378248 179 222 80
-0.39253688 0.15687661 -0.38889712 77 108 49
-0.59606522 0.18180360 -0.28538871 149 184 28
-0.41905728 0.17627689 -0.32352659 150 188 51
-0.41744983 0.17679572 -0.33362779 77 116 0
-0.44543955 0.18307307 -0.30467549 141 177 51
-0.43406135 0.16535412 -0.32055992 144 181 3
-0.43483761 0.18126312 -0.30952421 109 154 12
-0.41503721 0.16080603 -0.36502188 28 63 0
-0.39058229 0.15077886 -0.38712409 75 94 72
-0.40948406 0.15424329 -0.36839473 69 110 18
-0.53461862 0.16260237 -0.27161720 175 213 65
-0.52910608 0.16525096 -0.27258906 179 220 56
-0.58740675 0.18653972 -0.28330544 208 237 69
-0.58017278 0.18604718 -0.28094077 192 222 62
-0.41312665 0.15604304 -0.36245063 81 133 25
-0.41347802 0.15628225 -0.36137640 73 125 15
-0.44247127 0.18569537 -0.31104788 71 109 22
-0.47894034 0.16212474 -0.27111724 128 174 52
-0.46800548 0.16016459 -0.27474731 149 188 69
-0.48648578 0.16371492 -0.27118903 142 183 51
-0.42250478 0.16445671 -0.33719161 162 209 55
-0.41709393 0.16023062 -0.34712532 156 204 40
-0.42228079 0.16380486 -0.33808398 132 178 44
-0.42202935 0.17523031 -0.32877353 148 187 6
-0.41630268 0.16692132 -0.36084345 125 163 16
-0.41631022 0.17565876 -0.33831444 138 177 6
-0.37449732 0.14513321 -0.48061851 103 128 24
-0.46012247 0.17161538 -0.29202256 119 156 51
-0.45856014 0.17072037 -0.29266486 141 182 41
-0.46872553 0.18093471 -0.28591353 119 160 19
-0.43353805 0.18210301 -0.31041706 160 201 11
-0.42798352 0.16855720 -0.32329461 100 144 49
-0.41808876 0.16895044 -0.33655331 142 187 45
-0.42403582 0.17019573 -0.32566312 153 198 56
-0.43442908 0.17375118 -0.31597224 147 193 9
-0.42680061 0.17433052 -0.32124761 169 212 21
-0.39583188 0.16041040 -0.39525589 73 120 4
-0.39648378 0.16130412 -0.39127848 83 130 0
-0.40790382 0.16133025 -0.37195754 121 166 5
-0.53886479 0.16725799 -0.27148432 163 193 9
-0.37878543 0.15133470 -0.47445267 78 88 25
-0.37563428 0.14680488 -0.46154028 112 156 35
-0.41952282 0.16986611 -0.33695650 81 127 0
-0.39890492 0.16138369 -0.38099071 102 147 18
-0.44469845 0.16047949 -0.32213035 83 128 11
-0.38938722 0.15877707 -0.43297330 42 83 7
-0.42733303 0.17851093 -0.31575346 163 200 6
-0.38128829 0.14967105 -0.45319322 94 142 7
-0.59927690 0.17835321 -0.28403804 90 95 39
-0.42570138 0.16746783 -0.32861751 106 146 75
-0.42704815 0.16552266 -0.33012366 162 206 57
-0.43637103 0.16152163 -0.32548267 145 188 23
-0.43047723 0.16308090 -0.33399621 111 153 15
-0.37995803 0.14865816 -0.46016616 95 136 14
-0.41476989 0.16434085 -0.34681901 125 167 67
-0.41161045 0.16751184 -0.35013771 106 152 43
-0.42047697 0.17293233 -0.32691607 153 193 17
-0.45706540 0.16437282 -0.29385921 124 157 40
-0.46479920 0.16749375 -0.28615698 177 214 48
-0.45285299 0.16657634 -0.29817000 139 174 30
-0.41235998 0.17090857 -0.34677815 99 145 36
-0.40859881 0.17247123 -0.35505450 106 150 52
-0.43648458 0.17397936 -0.31429648 146 194 12
-0.40854412 0.16439080 -0.35884190 120 160 74
-0.40809920 0.16082829 -0.35953590 124 168 55
-0.38193044 0.15331161 -0.46519935 98 132 19
-0.38179559 0.15188244 -0.46189880 119 159 37
-0.42176163 0.16069132 -0.34410590 112 158 34
-0.51028603 0.16215035 -0.27615905 125 171 11
-0.43825954 0.16809113 -0.31384975 146 185 96
-0.44556302 0.17096065 -0.30601513 158 195 126
-0.43502182 0.17143105 -0.31302428 145 191 66
-0.39107934 0.15554434 -0.43099344 111 159 39
-0.41684607 0.15813078 -0.35456723 105 153 31
-0.41845557 0.15797511 -0.35686445 73 126 8
-0.41245836 0.17873923 -0.34180894 106 150 5
-0.37909675 0.14900890 -0.47272432 98 146 26
-0.38109261 0.15770514 -0.46009168 88 106 7
-0.39387956 0.15267053 -0.41169530 85 132 0
-0.55564117 0.16832836 -0.27779925 136 172 24
-0.56304616 0.16781113 -0.27930167 157 190 49
-0.46999815 0.17385931 -0.28613234 139 175 85
-0.42383283 0.16550794 -0.33317360 141 186 5
-0.39097160 0.15505935 -0.38306698 73 103 39
-0.39299446 0.15816651 -0.38923705 59 101 0
-0.40282342 0.15927216 -0.37728173 82 122 8
-0.40347168 0.15745355 -0.37663975 79 121 0
-0.50055718 0.17707343 -0.27412382 121 160 35
-0.45637858 0.16062231 -0.29758555 122 156 35
-0.45927507 0.16090451 -0.28972960 127 165 43
-0.50213253 0.16005887 -0.27391100 131 180 36
-0.44819871 0.18495986 -0.31106690 63 107 12
-0.37679026 0.14528686 -0.47547853 117 159 57
-0.46103072 0.18030059 -0.29244497 106 143 14
-0.38967603 0.15222797 -0.43856266 62 110 8
-0.56608301 0.16705611 -0.28051853 206 235 83
-0.56083047 0.17258616 -0.27771261 196 227 74
-0.38313478 0.15348545 -0.45985931 73 114 0
-0.38373771 0.15012164 -0.45403478 84 132 0
-0.37223804 0.15132307 -0.48066175 109 107 66
-0.39069661 0.15728489 -0.42021573 45 99 0
-0.39234409 0.15354413 -0.39420667 120 158 21
-0.42016035 0.17735535 -0.32734662 125 170 7
-0.39105284 0.15470195 -0.43505993 92 138 13
-0.46842450 0.16879591 -0.28242716 161 195 10
-0.41517115 0.17623143 -0.33784059 94 136 24
-0.40128803 0.15354335 -0.37815389 119 161 23
-0.39950359 0.14883757 -0.37671003 83 118 0
-0.42929450 0.16260025 -0.33949304 81 129 9
-0.51032150 0.17740278 -0.28119910 136 168 0
-0.47226530 0.16360871 -0.27556828 148 194 46
-0.39907935 0.16327555 -0.39865223 46 94 0
-0.50430757 0.17553712 -0.27746096 108 150 4
-0.41936955 0.17707491 -0.31817049 133 175 65
-0.39177826 0.15580463 -0.39248565 112 152 20
-0.39080879 0.15557693 -0.38927537 88 126 0
-0.39479044 0.15323102 -0.41947174 123 173 24
-0.39000642 0.16130836 -0.42073527 33 74 4
-0.36994094 0.14036517 -0.48017743 93 94 54
-0.46045506 0.17888504 -0.29337263 156 195 44
-0.46016243 0.17516042 -0.29394308 128 172 77
-0.52925611 0.16726534 -0.27357385 202 222 13
-0.44206429 0.17660099 -0.30822566 140 178 43
-0.44291198 0.17451486 -0.30584496 134 176 64
-0.44300553 0.17785543 -0.30553216 114 164 53
-0.42957228 0.17469241 -0.31487054 126 165 46
-0.43138480 0.17840633 -0.31260136 122 166 7
-0.44076207 0.16478221 -0.31545588 118 154 0
-0.51037347 0.16984692 -0.27564123 143 172 0
-0.38087115 0.15569900 -0.45591772 80 108 0
-0.48756427 0.17087831 -0.27568588 200 219 13
-0.37295276 0.15410134 -0.47692499 94 83 79
-0.39377558 0.15984552 -0.38113385 111 139 28
-0.43541738 0.17026958 -0.31648836 101 146 1
-0.45744076 0.16145918 -0.31049666 139 176 18
-0.45425710 0.16301458 -0.31580177 121 156 26
-0.39430869 0.16170982 -0.38248208 124 149 48
-0.50059944 0.16031997 -0.27306280 143 192 48
-0.49166700 0.15951581 -0.27073398 112 156 0
-0.38171265 0.15754923 -0.46418625 110 125 22
-0.56736922 0.17553307 -0.28085217 157 193 33
-0.56290084 0.17437053 -0.27857539 179 215 57
-0.57068908 0.17400578 -0.28208050 197 233 73
-0.48212022 0.17600620 -0.28203052 156 196 64
-0.42282477 0.16577950 -0.33437818 135 179 8
-0.39435685 0.16012391 -0.41154608 43 99 10
-0.41091871 0.17665754 -0.34585595 85 120 0
-0.46398461 0.17321947 -0.29153615 103 143 8
-0.47105467 0.16252971 -0.27502245 85 132 0
-0.51383305 0.18007565 -0.27849913 140 167 0
-0.39668328 0.15919411 -0.37544498 127 161 66
-0.39532000 0.15526298 -0.37446147 130 167 64
-0.45009139 0.17607789 -0.30082154 153 197 60
-0.44875219 0.17949969 -0.30145395 115 166 47
-0.39170030 0.15232174 -0.39237931 121 145 71
-0.41349995 0.17332374 -0.34554768 129 175 41
-0.60336590 0.17660771 -0.29204652 106 126 27
-0.39062205 0.15384574 -0.40811467 100 144 47
-0.43443334 0.18360688 -0.31237888 101 149 47
-0.43413982 0.17257728 -0.31690586 114 165 2
-0.46866715 0.15827489 -0.27224797 174 210 76
-0.53384644 0.16220719 -0.27378583 179 206 13
-0.48332709 0.17472257 -0.28010079 98 136 0
-0.46870506 0.16886070 -0.28346765 187 217 31
-0.42746168 0.17922693 -0.31540772 169 207 8
-0.53504920 0.17741887 -0.27219510 141 170 64
-0.55030042 0.17509322 -0.27497011 171 203 58
-0.50299686 0.16935103 -0.27263314 146 178 35
-0.51187974 0.16455983 -0.27499649 174 213 62
-0.51129073 0.17428704 -0.27881122 115 153 18
-0.59118646 0.18023574 -0.28973415 139 182 32
-0.48987669 0.16438946 -0.27070957 155 197 63
-0.45985723 0.16551429 -0.29119569 128 156 0
-0.46263298 0.16006047 -0.29584458 127 161 0
-0.59449077 0.17869893 -0.29249203 149 193 22
-0.46671644 0.15884688 -0.28186461 108 167 1
-0.46794114 0.15860565 -0.27967507 88 136 0
-0.46099246 0.16597858 -0.28568819 138 171 0
-0.57474023 0.26201856 -0.19347070 184 228 73
-0.58189476 0.23804586 -0.21377152 107 138 8
-0.58992016 0.23345779 -0.22015762 82 116 0
-0.58951998 0.23157161 -0.21619958 167 197 23
-0.57374668 0.26357126 -0.19161747 176 221 70
-0.58235592 0.24685454 -0.21064802 127 164 24
-0.58218402 0.25102571 -0.20567748 144 161 49
-0.59086764 0.22935852 -0.23034790 84 112 28
-0.58878887 0.23382840 -0.22515602 101 124 34
-0.57061929 0.26973361 -0.18610390 183 223 74
-0.59143078 0.21693179 -0.23460044 119 153 33
-0.59020919 0.22028241 -0.23135780 89 125 3
-0.57016259 0.27197105 -0.18312120 216 252 92
-0.57998937 0.24615943 -0.20737743 106 140 4
-0.58702737 0.23956738 -0.21709272 84 117 0
-0.56761122 0.27711591 -0.18004586 221 247 76
-0.59919065 0.22504391 -0.23092304 113 132 40
-0.59611154 0.22995946 -0.21971855 93 106 36
-0.58129203 0.25715292 -0.19791606 183 214 33
-0.57210702 0.26983461 -0.18340780 187 221 72
-0.59731823 0.22187877 -0.23814267 107 133 23
-0.59406000 0.21885668 -0.24176782 57 87 0
-0.59363228 0.22436191 -0.23793124 64 89 23
-0.58530807 0.24529998 -0.21215516 141 164 50
-0.58456951 0.24602264 -0.21050671 116 152 18
-0.57543808 0.26228771 -0.19310351 169 214 61
-0.59633934 0.23014271 -0.22534044 121 133 49
-0.57366467 0.26690099 -0.19018807 152 175 7
-0.57914931 0.25907809 -0.19747160 123 141 21
-0.57118982 0.27215958 -0.18138735 210 240 90
-0.58362311 0.24416338 -0.21428238 117 139 39
-0.58111590 0.24335673 -0.21115091 61 89 0
-0.60824156 0.17198998 -0.29510835 152 180 44
-0.57114619 0.18828695 -0.28029507 173 205 60
-0.57141805 0.18854938 -0.28033820 206 238 92
-0.63964444 0.18760854 -0.32446373 113 133 18
-0.58550709 0.18867905 -0.28023723 242 255 100
-0.57875758 0.18984629 -0.28042671 171 201 55
-0.60949045 0.17209649 -0.29991129 157 188 58
-0.55889827 0.19502403 -0.28034133 150 180 48
-0.61413413 0.18357782 -0.30794469 78 105 2
-0.61714822 0.18503369 -0.31148005 80 103 13
-0.64067835 0.18331334 -0.32893366 66 89 0
-0.60641354 0.16603431 -0.31030738 140 177 12
-0.61527163 0.18242823 -0.30747932 101 131 17
-0.61607140 0.17973709 -0.31015345 66 97 0
-0.66059989 0.18284686 -0.36700222 74 90 41
-0.57769620 0.19911882 -0.27831209 190 227 61
-0.60861301 0.18736564 -0.30818257 115 141 8
-0.60587305 0.18649775 -0.29873952 72 105 0
-0.52109957 0.18409283 -0.27208632 170 195 7
-0.56347162 0.16554588 -0.28003001 182 211 69
-0.54005891 0.19701578 -0.27351922 135 179 30
-0.65956706 0.18261841 -0.36288503 68 81 35
-0.57066548 0.16480799 -0.28186646 217 240 90
-0.58678150 0.20287073 -0.28071445 134 140 106
-0.59545618 0.19632807 -0.28219613 111 145 6
-0.59302515 0.19903564 -0.27797300 138 168 34
-0.59424704 0.19308133 -0.28052035 123 153 0
-0.66505116 0.17580621 -0.35935378 109 125 54
-0.60650468 0.17937826 -0.30506277 58 88 2
-0.59873986 0.19631247 -0.28812453 104 137 4
-0.65578645 0.18341941 -0.34559578 76 95 13
-0.65218276 0.18614189 -0.33652130 82 98 10
-0.63794667 0.18064407 -0.33805570 45 68 0
-0.67012686 0.18410999 -0.38130656 70 91 60
-0.66955268 0.18180078 -0.37494564 72 85 55
-0.61009896 0.18260734 -0.30275944 103 141 6
-0.66321957 0.18285248 -0.37320730 82 98 49
-0.55608743 0.18121293 -0.27475119 159 203 68
-0.56345689 0.18429741 -0.27653962 174 204 30
-0.56083518 0.18273368 -0.27597526 162 205 40
-0.55985725 0.18066308 -0.27599403 170 208 89
-0.51333231 0.18920380 -0.27029607 122 154 0
-0.62739617 0.17705418 -0.32466123 43 70 1
-0.61563069 0.16841123 -0.31557521 66 93 0
-0.60283870 0.17728421 -0.30222687 127 160 27
-0.63448894 0.18127392 -0.32698733 51 75 0
-0.59508061 0.19898330 -0.27934149 149 173 75
-0.59685099 0.18614236 -0.28719583 114 143 15
-0.57459843 0.19863424 -0.27812791 163 196 1
-0.60656333 0.16721426 -0.31041029 204 228 106
-0.57358259 0.19373257 -0.27940512 231 251 91
-0.54218435 0.18832617 -0.27172917 137 172 0
-0.54360360 0.18276486 -0.27312309 173 212 9
-0.52769345 0.18679993 -0.27128252 196 218 22
-0.59652787 0.18021385 -0.29608613 79 115 5
-0.60204369 0.17030832 -0.30654114 180 214 58
-0.60699528 0.16906805 -0.29164046 159 180 61
-0.53379852 0.18593788 -0.27130118 208 242 95
-0.52843887 0.19039765 -0.27155119 202 242 84
-0.52752018 0.18783270 -0.27160069 153 184 47
-0.53923976 0.18331297 -0.27174965 176 212 62
-0.54306352 0.18645804 -0.27099383 203 236 71
-0.55081660 0.18013437 -0.27385280 206 238 137
-0.55646020 0.17037584 -0.27518785 137 174 8
-0.56724966 0.17139053 -0.27796280 181 205 21
-0.56062853 0.18945219 -0.27972603 175 203 41
-0.56177491 0.18694368 -0.27633592 126 165 12
-0.65328473 0.18828502 -0.32964766 126 144 60
-0.64954627 0.18827453 -0.32418925 147 163 65
-0.59224474 0.19664468 -0.27776623 187 218 37
-0.56969476 0.19826080 -0.27998161 185 222 21
-0.59432125 0.17161715 -0.29785481 108 138 0
-0.61177516 0.18000208 -0.30802903 72 102 2
-0.59657151 0.17116687 -0.30124003 176 207 67
-0.61283338 0.16949277 -0.30981308 177 202 58
-0.58658636 0.16948450 -0.29473490 114 146 11
-0.57001579 0.19835158 -0.28051409 145 188 23
-0.65296376 0.17819650 -0.36196032 84 100 11
-0.56927365 0.16759700 -0.28037885 204 229 65
-0.58327240 0.20403141 -0.27693737 114 128 40
-0.55561978 0.16739964 -0.27843830 177 208 42
-0.63627845 0.17989118 -0.33531332 40 63 0
-0.61186659 0.16445272 -0.30506822 85 119 6
-0.57437879 0.17321110 -0.28181994 190 219 49
-0.58851385 0.19560266 -0.27746144 183 214 12
-0.65486467 0.18172958 -0.35186195 50 71 12
-0.57858068 0.16887406 -0.28641364 173 203 55
-0.55914074 0.19386221 -0.28008565 172 205 56
-0.61129689 0.16298784 -0.29777059 101 129 10
-0.59050763 0.16964877 -0.29816175 140 172 35
-0.58157915 0.16700000 -0.28872716 104 142 7
-0.58081675 0.19294475 -0.28063592 159 193 44
-0.58675021 0.19602451 -0.27550182 217 249 62
-0.61750716 0.17420498 -0.31349406 60 91 0
-0.60962301 0.17691796 -0.30869389 133 161 38
-0.53279227 0.19995941 -0.26730058 122 169 29
-0.62275064 0.17488518 -0.32098675 56 81 0
-0.55801868 0.17690785 -0.27689385 86 124 0
-0.56913787 0.18601538 -0.27949300 202 227 47
-0.56325114 0.18690066 -0.27754301 165 194 18
-0.55148703 0.17957260 -0.27589300 109 146 6
-0.57196158 0.19888586 -0.27929050 150 183 0
-0.57666636 0.19571827 -0.28024983 211 232 69
-0.64683878 0.18108729 -0.34728509 53 72 8
-0.53721672 0.18170300 -0.27307737 129 163 0
-0.53224695 0.17917706 -0.27390727 117 151 12
-0.54543746 0.18124834 -0.27370742 120 154 7
-0.54667121 0.18515192 -0.27321613 197 218 55
-0.66283464 0.18191734 -0.36727852 83 96 50
-0.58042514 0.16635863 -0.28781623 120 159 16
-0.55362773 0.19215581 -0.27878228 155 180 24
-0.52234185 0.19424857 -0.27111748 171 212 14
-0.57121110 0.18050194 -0.28104576 111 141 7
-0.55695957 0.19373685 -0.28043646 133 163 0
-0.53355706 0.19375286 -0.26877049 187 226 13
-0.53126037 0.18964395 -0.27053723 184 211 22
-0.66797286 0.17908777 -0.36770085 98 109 51
-0.57976830 0.18962350 -0.28129178 179 202 24
-0.57770610 0.18684286 -0.28152537 163 190 0
-0.58341980 0.19088864 -0.28152627 203 226 58
-0.54620862 0.19438191 -0.27657488 102 137 0
-0.54444891 0.19113709 -0.27237824 106 144 5
-0.53840351 0.19479710 -0.27047309 157 195 12
-0.57294726 0.18332066 -0.28095311 175 207 2
-0.56390452 0.19066337 -0.27982658 165 195 9
-0.55352831 0.17077763 -0.27352470 122 158 0
-0.55313498 0.17462640 -0.27464736 157 187 1
-0.58045286 0.17723186 -0.28723797 95 133 0
-0.57913387 0.17596115 -0.28624725 96 139 0
-0.65843105 0.17949893 -0.37224102 69 90 11
-0.52013689 0.19747759 -0.27100480 120 156 30
-0.56349438 0.19249019 -0.28022233 191 220 44
-0.56727219 0.16911623 -0.27915564 175 205 9
-0.60152125 0.19202913 -0.29163370 76 107 0
-0.63712668 0.18450198 -0.32439959 105 129 9
-0.61520493 0.17189305 -0.31157088 129 160 7
-0.51708657 0.18991117 -0.27075306 166 201 19
-0.57917303 0.20330621 -0.28055280 191 225 14
-0.59722853 0.17060173 -0.30335993 177 209 63
-0.59814352 0.19584246 -0.28105646 99 138 9
-0.59358311 0.18936563 -0.28273672 156 188 25
-0.59705883 0.17354995 -0.29684481 134 182 18
-0.63000816 0.18293674 -0.32105309 72 99 0
-0.63328803 0.18506618 -0.32137838 89 113 1
-0.60004026 0.19429627 -0.29177228 62 91 0
-0.54917783 0.19254187 -0.27743688 160 190 6
-0.54514945 0.19288288 -0.27392730 142 180 5
-0.59073430 0.18320012 -0.28763202 179 207 44
-0.59190118 0.18318772 -0.28823692 185 211 49
-0.59382898 0.18083672 -0.29372385 103 144 6
-0.59242511 0.19294992 -0.27872574 157 185 25
-0.59896886 0.19256034 -0.28699118 141 177 15
-0.59955955 0.18910380 -0.29120901 105 133 20
-0.59760737 0.18939511 -0.28912863 149 181 48
-0.64265341 0.18101566 -0.34345615 45 65 2
-0.60986841 0.17948967 -0.30809444 56 86 0
-0.51748025 0.18653229 -0.27051133 184 205 38
-0.52980161 0.19156739 -0.27091917 146 190 35
-0.54132676 0.18916704 -0.27078131 168 205 30
-0.65007228 0.17687386 -0.35561019 75 94 12
-0.64834696 0.17783220 -0.35325098 78 96 20
-0.64747339 0.18489386 -0.33542565 98 117 28
-0.63849556 0.18158172 -0.33094501 58 82 8
-0.64517498 0.17637198 -0.34700030 59 81 0
-0.64386356 0.17623335 -0.34513682 53 74 0
-0.52263778 0.19959612 -0.27006492 143 196 30
-0.58950537 0.17367107 -0.29174611 108 149 0
-0.58369881 0.17953959 -0.28831285 86 132 44
-0.55233008 0.19110796 -0.27653354 109 142 0
-0.55803502 0.18977931 -0.27860385 169 203 31
-0.60929370 0.17221405 -0.30211416 101 133 10
-0.55441123 0.19087088 -0.27836245 111 146 4
-0.55192041 0.19117488 -0.27743807 99 138 0
-0.58926708 0.19224510 -0.27954334 208 231 39
-0.59325254 0.18901962 -0.28143433 187 208 45
-0.58012873 0.20084797 -0.27843329 183 216 5
-0.62126231 0.17829874 -0.31707692 50 78 4
-0.51980031 0.19626385 -0.27122810 159 199 66
-0.52878696 0.19901228 -0.26778406 168 208 83
-0.56867635 0.19435479 -0.28117600 187 217 67
-0.48476350 0.18174963 -0.27873638 149 190 0
-0.43874279 0.16325189 -0.33617646 107 152 25
-0.46863171 0.18351838 -0.28848478 163 196 17
-0.49592689 0.19047575 -0.26949069 111 159 0
-0.45713925 0.17682658 -0.30257642 170 209 22
-0.45834616 0.17489254 -0.30231392 105 151 1
-0.45186502 0.17014055 -0.31501004 75 119 0
-0.45607391 0.18670000 -0.30259317 98 139 35
-0.42764410 0.16354054 -0.35015026 60 99 0
-0.45454133 0.16797100 -0.31378552 87 136 10
-0.44370106 0.16409370 -0.32814282 70 114 0
-0.41929150 0.16119228 -0.34137681 159 195 0
-0.43845639 0.16267611 -0.32645097 96 132 0
-0.46906504 0.18572748 -0.28829011 143 181 36
-0.49597520 0.18315145 -0.27262497 168 201 10
-0.43675551 0.16375980 -0.33790806 92 131 6
-0.42068130 0.16106488 -0.35194975 101 137 13
-0.42694914 0.16201493 -0.34324348 107 140 9
-0.41185269 0.17241870 -0.35199231 100 141 0
-0.42246845 0.16147925 -0.35217276 68 102 0
-0.45650521 0.17374010 -0.31196550 131 172 8
-0.42706776 0.16311012 -0.33804640 147 184 19
-0.44345188 0.16359833 -0.33224779 99 144 2
-0.41696528 0.16848306 -0.35553709 118 157 4
-0.47257710 0.17963953 -0.28617013 122 173 10
-0.44559756 0.16354200 -0.31624475 64 100 0
-0.47364739 0.18805243 -0.28189427 161 199 16
-0.49837083 0.19125181 -0.26844344 112 156 0
-0.49161226 0.18734765 -0.27121267 135 175 14
-0.44096124 0.16320723 -0.33098912 103 147 10
-0.48576334 0.18848385 -0.26976165 173 217 44
-0.44722757 0.16429561 -0.31782505 46 92 0
-0.44903511 0.17109974 -0.31407106 83 133 2
-0.48623312 0.17303956 -0.27778220 145 185 53
-0.45289910 0.17629492 -0.31367293 139 185 14
-0.45449120 0.17678721 -0.31018496 100 139 0
-0.47463858 0.18146761 -0.28327975 169 202 9
-0.47509903 0.19110963 -0.28057352 139 180 14
-0.50725865 0.18474765 -0.27044883 192 218 23
-0.41923600 0.16105163 -0.34651545 145 179 4
-0.41690680 0.16973437 -0.34126934 93 139 5
-0.41710901 0.16471675 -0.34340769 131 169 6
-0.46926427 0.17477298 -0.29528424 152 197 6
-0.45789188 0.16801509 -0.30605650 103 146 5
-0.49608248 0.18247323 -0.27168041 170 209 54
-0.48173714 0.18425187 -0.27638820 147 184 42
-0.48359433 0.18442987 -0.27531925 171 205 58
-0.49981546 0.18354832 -0.27137980 138 171 0
-0.50348711 0.18726507 -0.26975694 123 153 0
-0.45968527 0.17192930 -0.30261278 74 123 8
-0.50349456 0.18817925 -0.26756185 173 208 44
-0.50814593 0.18987595 -0.26902330 158 197 16
-0.48004428 0.19039527 -0.27606511 142 184 12
-0.46825260 0.18527795 -0.28856677 99 138 0
-0.45558909 0.16483711 -0.31323650 145 186 19
-0.46107113 0.18325087 -0.29602668 120 163 0
-0.49944156 0.17897512 -0.27286577 147 193 69
-0.50283128 0.17182747 -0.27194211 195 225 65
-0.50253141 0.18997779 -0.26822034 98 138 13
-0.50495940 0.19187355 -0.26971665 89 138 0
-0.49973482 0.18609594 -0.26949281 147 177 19
-0.48399174 0.17880011 -0.27809909 167 216 73
-0.48670730 0.17981158 -0.27688745 145 191 59
-0.45660076 0.18451703 -0.30250639 157 193 23
-0.46139193 0.18635388 -0.29878947 66 104 1
-0.46415871 0.17192733 -0.29665050 132 182 47
-0.45146236 0.18091315 -0.31174541 112 156 17
-0.47121295 0.17438225 -0.29311198 95 140 0
-0.49542862 0.16843711 -0.27184311 179 212 43
-0.48892614 0.16702500 -0.27325007 181 217 47
-0.49062800 0.17765622 -0.27619046 139 178 71
-0.48842776 0.17669764 -0.27720305 154 189 99
-0.47844994 0.18704127 -0.27521440 148 186 38
-0.47239625 0.18602528 -0.28460458 190 220 28
-0.43832013 0.16167226 -0.32190189 131 168 29
-0.48400840 0.19034916 -0.27219039 169 208 27
-0.50026017 0.18301111 -0.27054495 143 179 27
-0.47377151 0.19096139 -0.28492257 112 161 18
-0.46568042 0.17711185 -0.29302239 176 219 15
-0.47410533 0.17451657 -0.28867927 142 181 0
-0.51276839 0.18036504 -0.27082822 134 179 62
-0.50799495 0.18084574 -0.27130166 166 199 66
-0.37888432 0.15595241 -0.45649219 98 134 0
-0.38761646 0.15932335 -0.41997284 87 112 82
-0.41377988 0.17276649 -0.36509395 73 107 0
-0.40333265 0.17349529 -0.37825787 68 86 38
-0.36961657 0.14826167 -0.47719443 69 72 89
-0.39380962 0.16187449 -0.39660326 71 90 68
-0.36955485 0.14907981 -0.47441190 65 62 69
-0.37697047 0.16104707 -0.46423975 128 149 10
-0.39054218 0.16199200 -0.41350973 105 126 47
-0.38689354 0.16059172 -0.42561680 105 120 81
-0.40485451 0.16710947 -0.38741496 52 87 7
-0.41195700 0.17024134 -0.37396312 42 71 0
-0.40813363 0.17445341 -0.37384576 91 106 51
-0.37767813 0.15298086 -0.44444340 133 150 114
-0.40688118 0.17268468 -0.38159624 94 111 56
-0.39331505 0.16360487 -0.40813684 111 129 30
-0.40565929 0.16519037 -0.38750577 46 88 4
-0.37261680 0.14613938 -0.46609384 145 179 41
-0.37052646 0.14589638 -0.46931228 138 153 94
-0.39808324 0.16648927 -0.40019479 96 107 28
-0.40700364 0.17610230 -0.36143166 107 119 53
-0.39966846 0.16943340 -0.37869748 97 117 54
-0.40849605 0.16732018 -0.38148877 36 74 0
-0.40464267 0.16447797 -0.38480991 54 94 0
-0.40162575 0.17221685 -0.37956366 108 126 52
-0.40617335 0.16507536 -0.37905225 31 73 0
-0.41116983 0.16500969 -0.36982498 38 77 0
-0.41381446 0.17650259 -0.36505339 69 97 0
-0.41317597 0.17262906 -0.36119676 80 118 0
-0.38300598 0.15700848 -0.42940900 35 59 35
-0.40708131 0.17162290 -0.35981962 128 162 78
-0.40790659 0.17480032 -0.35651144 129 158 92
-0.41276631 0.17714570 -0.36794636 65 86 27
-0.39084959 0.16161053 -0.41666967 99 125 86
-0.39005813 0.16056043 -0.40937528 114 133 103
-0.36981574 0.14154801 -0.47810376 167 177 116
-0.39125520 0.15686849 -0.40388730 87 117 57
-0.39487639 0.16386004 -0.39558426 105 115 90
-0.40704256 0.17206764 -0.38211739 111 131 70
-0.40629077 0.16590427 -0.36253190 101 143 57
-0.40201795 0.16506428 -0.37058768 109 138 72
-0.40046000 0.16209963 -0.37263250 153 183 93
-0.40212056 0.16188015 -0.36940122 146 181 97
-0.41148710 0.17814377 -0.36019763 98 114 41
-0.37598231 0.15287314 -0.45228887 100 119 37
-0.38952926 0.15672137 -0.41039041 82 110 88
-0.38156602 0.15796755 -0.43243915 41 61 34
-0.36995846 0.15040530 -0.46962923 83 78 82
-0.40753850 0.16492440 -0.37545156 28 69 0
-0.37897983 0.16320720 -0.46285918 135 161 8
-0.38307357 0.15812063 -0.43519527 88 110 71
-0.69707543 -0.05932317 -0.42119971 107 133 0
-0.68577641 -0.02596069 -0.37009889 82 111 0
-0.69027919 -0.05234757 -0.41171819 104 141 28
-0.69003183 -0.03576018 -0.35938525 160 191 38
-0.69239563 -0.03654429 -0.35965461 151 193 49
-0.68801188 -0.05777534 -0.45031050 86 125 6
-0.68322223 -0.02747850 -0.36089355 165 182 26
-0.69160908 -0.06020680 -0.43714315 100 137 8
-0.69156080 -0.05798319 -0.43175513 109 148 42
-0.69303429 -0.06184295 -0.43900830 127 160 9
-0.68872583 -0.05316709 -0.41239351 112 146 25
-0.69103634 -0.05595415 -0.42478713 84 127 37
-0.69382387 -0.05474997 -0.41737160 99 135 35
-0.69416374 -0.05266613 -0.40912583 88 123 59
-0.70318466 -0.04780635 -0.41371045 171 177 77
-0.70240879 -0.04837380 -0.41237265 127 135 34
-0.68448275 -0.03747323 -0.36582670 150 146 38
-0.69071597 -0.06173611 -0.44386739 114 155 15
-0.68742496 -0.05931316 -0.45540661 73 102 0
-0.68614614 -0.03882483 -0.36417887 240 246 52
-0.69567269 -0.04238943 -0.37185994 86 118 11
-0.69581324 -0.03372629 -0.36019075 127 164 48
-0.68934500 -0.03734933 -0.37492201 50 84 0
-0.70571661 -0.03305499 -0.35580692 152 163 0
-0.70287704 -0.03487217 -0.36268219 110 141 24
-0.68643433 -0.06091048 -0.45983008 66 94 9
-0.70281225 -0.05579555 -0.42424464 136 143 47
-0.68824083 -0.05958619 -0.46128240 73 100 23
-0.69065315 -0.02237922 -0.36542287 57 89 13
-0.68692333 -0.04589542 -0.37995124 130 148 26
-0.69326901 -0.04629545 -0.37812433 119 148 30
-0.69232488 -0.03320365 -0.36899200 77 113 3
-0.69545668 -0.03456725 -0.36894929 77 112 10
-0.70203626 -0.04362281 -0.39519224 112 129 23
-0.70253932 -0.04320700 -0.40351203 107 119 47
-0.68766570 -0.04422334 -0.37401488 119 140 11
-0.69662648 -0.05902648 -0.44799319 141 172 16
-0.69994801 -0.05177743 -0.41153830 173 196 64
-0.70295215 -0.05369413 -0.41848767 137 150 60
-0.68683332 -0.05058772 -0.39860880 130 153 37
-0.69205570 -0.03010773 -0.36701944 113 149 25
-0.68739009 -0.02817581 -0.37043020 67 100 0
-0.70000041 -0.06071971 -0.42501131 201 212 71
-0.68982536 -0.04429626 -0.37051061 149 162 0
-0.68368983 -0.03502117 -0.36998558 176 194 24
-0.68695790 -0.03213464 -0.37177783 110 136 0
-0.69216043 -0.03854457 -0.36205721 164 207 55
-0.69482607 -0.03643109 -0.36245602 145 185 53
-0.70686781 -0.03425217 -0.37353104 123 140 34
-0.69993073 -0.05594716 -0.43054175 122 144 33
-0.70787531 -0.03358338 -0.35724777 225 226 24
-0.70316070 -0.03914020 -0.37785968 138 157 29
-0.70012575 -0.04800049 -0.39854303 89 114 33
-0.69604731 -0.04813440 -0.39378124 101 128 77
-0.71124917 -0.03379605 -0.35861829 136 164 4
-0.69372159 -0.04910226 -0.39621019 85 112 43
-0.69646937 -0.05138938 -0.40328121 96 127 67
-0.69577515 -0.04402572 -0.38199899 93 119 54
-0.69260454 -0.02146161 -0.36586279 55 88 0
-0.69531399 -0.04615298 -0.38793695 85 114 48
-0.69502568 -0.04619573 -0.38767537 91 120 54
-0.70215738 -0.04091952 -0.39672554 90 97 4
-0.69207233 -0.04589780 -0.37503144 105 138 0
-0.68615550 -0.02063519 -0.36542764 141 176 34
-0.69968128 -0.05521315 -0.41426197 138 168 38
-0.69638067 -0.05969534 -0.44201025 137 167 17
-0.58026814 0.08461642 -0.28505725 127 162 16
-0.59987199 0.11232001 -0.28771740 178 203 37
-0.60775924 0.12507899 -0.29515520 162 180 10
-0.63989145 0.16210657 -0.32807899 134 160 11
-0.60724550 0.10461362 -0.28029999 127 168 48
-0.60252166 0.09826465 -0.27974030 208 242 155
-0.63214463 0.11398132 -0.28027686 150 178 5
-0.63321906 0.11091594 -0.28402340 140 166 5
-0.60695273 0.09239429 -0.29245159 143 172 0
-0.61112094 0.12749690 -0.29324263 210 222 74
-0.58039546 0.05896265 -0.30157974 75 105 0
-0.59572560 0.11154549 -0.29734421 127 150 8
-0.66113484 0.17462270 -0.33794674 161 186 82
-0.58126086 0.06866458 -0.28437465 185 217 116
-0.57864481 0.05244465 -0.28657061 133 187 103
-0.58027601 0.05851861 -0.28515646 135 177 101
-0.60366607 0.09865094 -0.29513308 136 163 8
-0.60246092 0.08767938 -0.29407698 138 170 0
-0.64188749 0.13745970 -0.29823294 210 232 62
-0.60187745 0.11002911 -0.29843509 144 166 5
-0.59785974 0.09965251 -0.27978656 147 178 58
-0.59761721 0.09891478 -0.27967706 155 186 69
-0.63805127 0.16729510 -0.33325285 80 107 0
-0.58243352 0.08568797 -0.28096360 216 238 101
-0.58003712 0.07482053 -0.28611740 125 161 27
-0.61640131 0.10061101 -0.27761897 203 238 86
-0.60459381 0.10446411 -0.29626819 161 189 16
-0.65966201 0.18085721 -0.34204006 125 141 66
-0.66054636 0.17902124 -0.34785074 92 109 41
-0.63735467 0.15733705 -0.30306351 133 156 6
-0.58074003 0.09090244 -0.28049487 189 219 35
-0.59784222 0.11181372 -0.29874766 135 155 4
-0.59627938 0.09584835 -0.27921164 180 215 99
-0.60078388 0.08525426 -0.28011000 158 200 72
-0.59643859 0.07644312 -0.28137141 112 158 34
-0.59743869 0.08321323 -0.28025532 151 194 89
-0.62987244 0.14814220 -0.29909179 161 186 24
-0.63730305 0.11918687 -0.28825042 139 165 3
-0.66653687 0.16341637 -0.35820162 99 121 23
-0.64843428 0.14436631 -0.29961801 199 211 77
-0.64988691 0.14593999 -0.29999146 206 216 93
-0.63395464 0.11350632 -0.27549449 114 150 0
-0.63131064 0.10806081 -0.28045347 204 219 68
-0.61696869 0.13012578 -0.29344344 157 183 14
-0.61656350 0.13523048 -0.29667252 166 187 20
-0.62892860 0.12099696 -0.28442791 151 180 14
-0.63152325 0.11725251 -0.27748397 122 152 6
-0.59768045 0.08861593 -0.29479891 131 160 0
-0.61811870 0.10859106 -0.27798876 174 207 54
-0.61683029 0.10299370 -0.27767107 187 219 82
-0.65924478 0.18204848 -0.33992755 123 139 64
-0.62644130 0.15547965 -0.29749528 142 161 10
-0.63699949 0.12882377 -0.29449868 180 203 51
-0.59970236 0.09674376 -0.29458007 154 184 0
-0.59837753 0.10678668 -0.28325069 169 198 32
-0.62257898 0.17182957 -0.31846562 159 178 112
-0.65676242 0.17113906 -0.35794663 61 79 0
-0.62520224 0.13619538 -0.29600918 128 156 0
-0.60585874 0.07951669 -0.29497620 127 161 22
-0.65171373 0.16330244 -0.32644266 137 159 35
-0.65574682 0.16855721 -0.33646825 121 147 22
-0.61448681 0.11297824 -0.29291967 158 185 28
-0.60312206 0.11641380 -0.29298779 170 189 35
-0.60110563 0.10636362 -0.29761732 172 191 22
-0.60987777 0.12498257 -0.29206410 220 232 88
-0.61384839 0.11717209 -0.29026833 133 163 3
-0.61047840 0.10702372 -0.29605174 131 156 0
-0.57564384 0.06417666 -0.29475191 107 142 40
-0.63974410 0.13572142 -0.29618627 199 213 66
-0.58802432 0.06274376 -0.28353316 130 179 64
-0.59210533 0.06794762 -0.28410134 112 162 11
-0.58383983 0.08889424 -0.29610324 181 199 19
-0.65994614 0.16703160 -0.35577369 136 150 63
-0.63103288 0.13732536 -0.29794127 152 185 18
-0.59119290 0.07691649 -0.29870141 140 175 10
-0.64373696 0.14145423 -0.30072871 212 228 57
-0.60781455 0.15461037 -0.30601183 236 252 101
-0.63115603 0.16811197 -0.33664966 99 125 0
-0.62835282 0.12422258 -0.28728333 156 180 0
-0.57774186 0.07727430 -0.29135913 130 165 21
-0.57877684 0.07370086 -0.29983807 95 119 0
-0.58134836 0.07994005 -0.29774934 171 198 0
-0.59746951 0.07216102 -0.28993309 87 128 8
-0.59431762 0.06695519 -0.28957304 108 153 26
-0.63051158 0.14787765 -0.30829108 161 189 6
-0.59037703 0.08606119 -0.29598996 194 216 17
-0.63041651 0.11912858 -0.28466964 170 191 26
-0.61890829 0.13705529 -0.29587433 219 234 69
-0.58255756 0.08576976 -0.29694244 187 210 14
-0.65747064 0.17074059 -0.33708745 135 156 51
-0.63026869 0.16457996 -0.31928426 130 155 11
-0.62201256 0.14292406 -0.30031836 204 219 66
-0.61889851 0.11241623 -0.29026112 125 161 1
-0.61057329 0.15011349 -0.30487922 203 226 34
-0.63433820 0.11825647 -0.27982023 145 173 13
-0.63247353 0.12065636 -0.28446442 152 178 16
-0.64340055 0.16234320 -0.34337056 98 124 0
-0.61259401 0.10464484 -0.27810833 170 205 63
-0.61160243 0.10409895 -0.27836666 191 229 90
-0.61746663 0.09130856 -0.29021022 123 152 8
-0.60510939 0.07982760 -0.28874025 128 169 29
-0.60293090 0.07752857 -0.29549459 97 138 8
-0.59455365 0.07304158 -0.29677919 81 125 2
-0.58487076 0.06731769 -0.30078736 148 180 19
-0.63823271 0.16561283 -0.33766767 107 131 9
-0.63294846 0.14308862 -0.29615533 140 172 9
-0.63907325 0.14497148 -0.29719692 193 218 30
-0.61191022 0.12997945 -0.29596910 236 250 95
-0.64649999 0.13709539 -0.29523030 215 229 90
-0.62740618 0.13132967 -0.29419413 152 184 15
-0.62604219 0.14111140 -0.30010551 158 190 21
-0.62204838 0.13061862 -0.29308721 135 167 34
-0.63518637 0.13632408 -0.29802966 175 197 26
-0.63654232 0.14210095 -0.29662991 175 198 20
-0.60615104 0.09427896 -0.27868181 190 235 90
-0.58157885 0.07252447 -0.28448236 156 187 68
-0.57814986 0.06776403 -0.28767911 116 156 44
-0.63791329 0.13689165 -0.29865226 212 233 66
-0.63877219 0.12470586 -0.29268181 166 191 37
-0.58343250 0.05470248 -0.29712954 63 102 0
-0.61374342 0.15132649 -0.30117172 156 182 21
-0.58579093 0.06530670 -0.29949450 56 94 0
-0.60385394 0.08216035 -0.29467282 74 108 0
-0.58576828 0.05469390 -0.29230136 75 118 11
-0.61460716 0.09999987 -0.29163778 113 148 0
-0.62932020 0.15679865 -0.31643876 188 211 58
-0.65037203 0.14531350 -0.29696703 189 203 68
-0.66212094 0.17642871 -0.34883973 147 166 84
-0.57864600 0.10035027 -0.28190020 188 209 46
-0.61020386 0.08941132 -0.29311523 139 170 7
-0.61078668 0.08516830 -0.29241875 122 163 22
-0.58032584 0.06533917 -0.30308279 98 126 3
-0.62548822 0.15135752 -0.31009683 142 168 6
-0.62104392 0.11097752 -0.27810168 199 231 58
-0.62485909 0.10994696 -0.27696314 215 240 97
-0.61413860 0.09827547 -0.29300648 114 149 0
-0.61165440 0.15763271 -0.30329883 175 208 33
-0.60640222 0.12924883 -0.29766721 207 219 73
-0.60428655 0.12022611 -0.29304147 161 177 26
-0.60526395 0.12655924 -0.29732820 215 227 81
-0.63391995 0.17351681 -0.33244735 84 106 5
-0.61240417 0.11807869 -0.28586754 150 184 28
-0.61412543 0.11672531 -0.28349093 130 167 25
-0.59396142 0.09400956 -0.29487270 192 212 0
-0.62494808 0.09849151 -0.28285679 172 201 59
-0.62558186 0.17221333 -0.32414785 77 97 2
-0.59326649 0.07283420 -0.29708430 87 130 12
-0.57442385 0.06433462 -0.29860717 90 120 30
-0.57675439 0.06956890 -0.29959270 99 130 11
-0.61629266 0.09678996 -0.29175544 145 180 0
-0.59314305 0.10424623 -0.28153223 199 223 63
-0.57677549 0.06894600 -0.28945735 100 139 30
-0.59082764 0.09562031 -0.29862022 176 193 39
-0.62116265 0.11516489 -0.28167361 158 182 0
-0.59361225 0.09857862 -0.29913554 196 212 54
-0.62203759 0.17189574 -0.31895295 37 58 0
-0.58626539 0.10574101 -0.28980136 143 166 14
-0.65199625 0.16342930 -0.32454118 136 157 38
-0.60791409 0.10277075 -0.29589760 121 149 2
-0.63888085 0.14423648 -0.30239773 198 217 65
-0.62627286 0.10676796 -0.28215176 188 206 34
-0.61977226 0.14407635 -0.30203143 158 179 14
-0.61091322 0.13196000 -0.29569644 187 200 48
-0.64691007 0.17125672 -0.34901324 76 100 2
-0.62484801 0.11824144 -0.28100431 181 203 33
-0.65295058 0.16406254 -0.34732130 144 168 54
-0.65241176 0.16477858 -0.34304452 110 137 34
-0.62779194 0.17165767 -0.32869628 78 104 13
-0.57774949 0.08615249 -0.29411802 181 205 49
-0.62862659 0.14357495 -0.29807311 155 186 20
-0.61414641 0.14924663 -0.30407950 204 215 74
-0.64948332 0.16320638 -0.33013821 111 143 34
-0.65019387 0.16238263 -0.32651722 143 165 54
-0.57611227 0.09535914 -0.28547701 186 205 27
-0.65988672 0.16839872 -0.35053593 136 169 62
-0.58025140 0.09229416 -0.29405633 189 209 32
-0.62554562 0.11128650 -0.27962795 191 210 40
-0.63272876 0.11636297 -0.28345153 164 187 11
-0.66198814 0.16893841 -0.35673335 143 171 60
-0.58073795 0.08600534 -0.28391442 140 177 22
-0.64097399 0.12357363 -0.28992820 165 193 23
-0.63274568 0.15061243 -0.29843503 169 192 26
-0.59228522 0.07199703 -0.28209460 166 214 112
-0.58400160 0.05993234 -0.28387725 128 175 81
-0.58266747 0.06477171 -0.28345385 196 234 147
-0.61423361 0.13979569 -0.29807857 238 246 101
-0.60029119 0.12112539 -0.29776394 148 167 15
-0.59548199 0.11027265 -0.28732827 142 172 16
-0.62179112 0.17215911 -0.32453600 95 120 19
-0.61507416 0.13677581 -0.29775131 222 238 90
-0.65182734 0.15283835 -0.30529368 175 187 63
-0.64782012 0.15362422 -0.30798247 178 195 65
-0.66477627 0.17251609 -0.35851121 115 134 45
-0.62350971 0.14904502 -0.29861501 152 174 13
-0.62166429 0.14948821 -0.29976410 175 192 38
-0.63014430 0.13956247 -0.29931030 138 168 12
-0.62449986 0.13996100 -0.29936060 168 190 1
-0.62279296 0.15627594 -0.31056035 180 200 53
-0.62109709 0.16049911 -0.31013176 138 170 0
-0.61192924 0.10097741 -0.29471907 153 186 11
-0.62370288 0.15820524 -0.31184068 135 160 7
-0.63032281 0.10820887 -0.28149065 184 208 8
-0.62315267 0.17087315 -0.31777498 159 169 117
-0.63949418 0.16361257 -0.32940039 112 139 6
-0.63799226 0.16590346 -0.33039111 99 129 5
-0.64025164 0.15326917 -0.30157456 154 182 10
-0.58632046 0.08108567 -0.29923090 209 229 34
-0.58017033 0.09768289 -0.28679737 159 179 0
-0.59083056 0.09791636 -0.29821262 202 217 66
-0.62307513 0.10337491 -0.28804854 164 186 15
-0.58428389 0.10398453 -0.28744939 179 202 32
-0.64040512 0.13258593 -0.29427910 219 231 85
-0.58339995 0.10472326 -0.28357428 167 198 34
-0.63797462 0.12883382 -0.29208049 206 223 83
-0.59960288 0.11540436 -0.29246128 163 189 30
-0.59972537 0.11689051 -0.29445228 148 172 26
-0.66092592 0.17288385 -0.34329811 166 198 75
-0.62735647 0.12399409 -0.28795487 158 186 23
-0.62854904 0.15170395 -0.31155545 176 197 44
-0.61466217 0.16046409 -0.30936575 163 194 2
-0.63559365 0.17157808 -0.33702081 149 167 49
-0.64289558 0.15373878 -0.29985574 157 178 0
-0.63242459 0.16746573 -0.32276210 118 139 10
-0.63263738 0.16739714 -0.32341230 123 143 18
-0.64639258 0.16172260 -0.32883757 94 129 1
-0.63739634 0.16098396 -0.29894540 151 190 11
-0.64374119 0.16688071 -0.34534565 114 131 16
-0.61734164 0.12058997 -0.28520939 125 164 9
-0.61971045 0.12382685 -0.28782228 131 163 17
-0.60730314 0.13254869 -0.29925853 198 208 73
-0.63988596 0.17311451 -0.33929628 78 98 0
-0.64864379 0.14403057 -0.29569724 176 198 12
-0.62324488 0.12856589 -0.29039693 121 157 0
-0.62779188 0.12912461 -0.29047200 190 208 44
-0.65048355 0.16525958 -0.35064384 82 103 0
-0.60091680 0.11235481 -0.28727153 165 191 30
-0.60408992 0.11315858 -0.28648904 174 204 31
-0.61192739 0.08662620 -0.28579471 156 194 31
-0.60976487 0.08644022 -0.28396040 155 193 30
-0.60666561 0.13207470 -0.29937807 196 212 51
-0.64060342 0.12857717 -0.29272956 193 212 42
-0.59131527 0.10028675 -0.27968359 181 216 52
-0.61077034 0.09007964 -0.28015980 141 178 21
-0.61115527 0.08856260 -0.28254515 157 194 39
-0.64293563 0.12892228 -0.29111806 156 186 0
-0.60101914 0.07839490 -0.28490409 145 188 23
-0.59840328 0.07708805 -0.28185776 139 188 19
-0.64076525 0.15108772 -0.31062326 144 173 19
-0.61553466 0.10893161 -0.29343250 126 156 0
-0.63592023 0.11355984 -0.28386652 195 219 63
-0.63181335 0.10809045 -0.28165334 197 216 39
-0.62940711 0.16705684 -0.31758508 111 138 21
-0.58471155 0.10294645 -0.28899989 170 192 21
-0.60991049 0.14277586 -0.30252770 212 229 52
-0.64419609 0.14206621 -0.30085456 205 222 46
-0.59962046 0.07362058 -0.29419354 102 144 10
-0.62153524 0.12138428 -0.28435406 165 191 6
-0.62916738 0.12435051 -0.28842580 147 169 6
-0.62888747 0.12642983 -0.29017606 153 177 5
-0.59379977 0.06984248 -0.28466475 135 182 26
-0.59172809 0.06378493 -0.28887287 100 144 31
-0.62121415 0.15139432 -0.29906115 178 196 36
-0.62043124 0.15099688 -0.29981637 197 214 56
-0.58053547 0.09060282 -0.28093150 189 219 35
-0.62123144 0.14970958 -0.30487520 174 195 54
-0.60866570 0.15832108 -0.30934829 153 179 8
-0.61865288 0.10715183 -0.28647938 156 180 4
-0.63615179 0.14399846 -0.30288798 166 192 5
-0.63991684 0.14811704 -0.30597967 188 211 43
-0.57615173 0.06653442 -0.29472673 80 115 21
-0.64024788 0.16647299 -0.34364247 120 135 18
-0.62148660 0.09407315 -0.28466904 166 200 43
-0.62358290 0.09520125 -0.28501138 135 165 17
-0.64710331 0.16201368 -0.34217864 122 148 13
-0.66575503 0.17047407 -0.35991547 130 152 54
-0.62676418 0.17287076 -0.32965934 44 72 0
-0.61934590 0.12486681 -0.28817967 131 163 0
-0.60662490 0.13007392 -0.30262232 207 218 80
-0.64396828 0.15554915 -0.31821889 139 166 49
-0.64305979 0.15583105 -0.32004762 110 141 12
-0.62037939 0.16447276 -0.31145427 155 184 6
-0.61696118 0.16913891 -0.31443208 156 164 104
-0.65447074 0.16437857 -0.31742859 157 174 68
-0.65075010 0.16016197 -0.31611410 142 159 53
-0.60079747 0.12130369 -0.29751408 166 186 29
-0.58581871 0.08086340 -0.28115043 159 192 75
-0.58847213 0.08639435 -0.28012747 177 211 101
-0.58489782 0.08020558 -0.28129947 157 197 49
-0.63043040 0.14543474 -0.30551922 154 189 0
-0.63282216 0.14211860 -0.30221575 143 171 9
-0.59393334 0.11332209 -0.29397747 134 159 16
-0.59316921 0.07426353 -0.28173807 186 232 142
-0.58733809 0.07691271 -0.28171179 189 228 109
-0.65703392 0.17356145 -0.36213660 70 93 3
-0.65414244 0.17694892 -0.36334395 77 101 3
-0.63188159 0.12568261 -0.29062545 172 193 30
-0.64049077 0.15592664 -0.32100213 136 168 9
-0.57894635 0.09947740 -0.28428140 205 226 37
-0.65300679 0.16734959 -0.35402742 86 98 0
-0.64127058 0.15893832 -0.29899618 144 174 14
-0.62444979 0.17225136 -0.32031596 166 179 126
-0.64156914 0.12784393 -0.29223558 196 216 65
-0.59174329 0.09284702 -0.29651842 208 231 5
-0.58840346 0.10879995 -0.28940532 150 177 38
-0.59643269 0.11135605 -0.28858516 145 174 24
-0.70028496 0.20228167 -0.48681569 33 47 0
-0.64394742 0.16677517 -0.29695454 161 185 27
-0.64900190 0.16182002 -0.29797611 143 164 7
-0.60566825 0.17671669 -0.28023189 172 210 27
-0.60078955 0.18433188 -0.28857124 159 180 85
-0.60264766 0.17747866 -0.27960891 190 210 113
-0.60158026 0.17913432 -0.27765539 180 207 74
-0.62509024 0.17774256 -0.31687638 54 80 6
-0.62714612 0.18025947 -0.28339210 170 196 9
-0.61037558 0.19861932 -0.25927180 170 191 8
-0.61376768 0.19358835 -0.26181826 171 195 13
-0.61731344 0.18235157 -0.27797726 151 172 5
-0.62806535 0.18229717 -0.27359077 148 165 33
-0.63518798 0.16243958 -0.29392454 144 189 10
-0.61606908 0.17680776 -0.28773516 114 136 9
-0.63643336 0.18960573 -0.31762233 121 140 22
-0.60009235 0.17551550 -0.28195763 187 196 117
-0.65967298 0.17743820 -0.33352497 165 179 91
-0.63604724 0.17553392 -0.28055438 137 156 38
-0.60759890 0.18168107 -0.29086822 144 154 81
-0.65276760 0.15430556 -0.30622444 177 191 78
-0.65300113 0.16181862 -0.30051255 164 188 32
-0.65307778 0.15718122 -0.30589721 178 193 88
-0.60866076 0.19166091 -0.26158312 163 188 0
-0.62816656 0.17927343 -0.28241211 139 161 26
-0.60133815 0.18877776 -0.26407254 151 187 35
-0.60068893 0.19289446 -0.25929859 151 184 45
-0.65098315 0.17125985 -0.31019348 153 174 53
-0.65122908 0.17164209 -0.31611231 144 163 56
-0.62472886 0.18194743 -0.27438220 135 155 6
-0.62039804 0.18258329 -0.27319866 150 180 4
-0.61929381 0.18292306 -0.27218568 152 184 11
-0.61674505 0.18688798 -0.26704323 148 171 0
-0.61603802 0.15860237 -0.29169631 167 193 66
-0.63569325 0.17584178 -0.28279665 161 178 64
-0.65325677 0.18763493 -0.33323705 59 73 0
-0.61302197 0.16003741 -0.29285568 174 196 87
-0.62344521 0.17782468 -0.29064220 143 164 7
-0.62051308 0.17643750 -0.29084083 135 159 9
-0.65165412 0.15292232 -0.29907972 174 193 41
-0.63250268 0.18608235 -0.32000113 124 145 28
-0.62001765 0.19543281 -0.26061597 178 197 53
-0.63410205 0.17639515 -0.31974125 133 155 54
-0.63443089 0.16548115 -0.28262585 149 183 24
-0.61274874 0.18231606 -0.27723745 144 164 5
-0.60305065 0.18803015 -0.27414536 153 174 33
-0.65457290 0.17253657 -0.32634392 141 162 61
-0.65501344 0.16990772 -0.32310578 138 155 53
-0.65073228 0.17469147 -0.32117245 111 131 20
-0.63944125 0.18202630 -0.32511306 89 113 1
-0.60083574 0.19295613 -0.25912419 176 209 68
-0.60450166 0.18808146 -0.26204002 159 195 23
-0.60813498 0.18100321 -0.27269983 126 162 14
-0.60370243 0.18293346 -0.27230534 188 215 76
-0.61018080 0.18549713 -0.26588148 126 162 0
-0.61336046 0.18490176 -0.26846907 151 184 15
-0.64887452 0.15966070 -0.29759002 159 182 14
-0.62201560 0.17368861 -0.30882230 24 28 0
-0.59708482 0.18615906 -0.28539953 128 167 16
-0.62686300 0.17381744 -0.30448633 149 172 22
-0.62745440 0.17061529 -0.29607019 137 164 0
-0.61171514 0.18334264 -0.26981300 150 187 12
-0.61373591 0.18279658 -0.27175695 130 163 0
-0.61312544 0.17808934 -0.27937907 154 190 2
-0.60999930 0.19390512 -0.25399032 136 168 5
-0.62240601 0.18304959 -0.27064294 165 194 8
-0.59861827 0.18171403 -0.28445998 162 190 69
-0.62130839 0.17707323 -0.29128659 153 186 7
-0.61812812 0.17892051 -0.28398097 153 187 15
-0.62536031 0.17870414 -0.31691611 54 81 2
-0.62702584 0.18715058 -0.31509662 116 137 18
-0.60211563 0.18846762 -0.29208660 110 142 7
-0.61076897 0.18550886 -0.30501175 83 108 0
-0.62560630 0.16726451 -0.29589435 155 191 23
-0.60227418 0.18983313 -0.26994970 67 94 0
-0.63029718 0.17638139 -0.28976768 160 186 24
-0.63135600 0.17179738 -0.29132065 149 175 4
-0.63781762 0.18403916 -0.32378224 112 137 10
-0.64487034 0.18764336 -0.32008290 127 147 24
-0.64562339 0.18684418 -0.32646719 129 150 33
-0.62533659 0.17397770 -0.30326185 135 158 16
-0.63195729 0.17705086 -0.30060974 108 130 3
-0.63069189 0.17540823 -0.30539185 124 152 5
-0.62863946 0.17706253 -0.29760236 142 166 18
-0.64113027 0.17495121 -0.30862623 106 135 19
-0.62239647 0.19100781 -0.25941521 159 185 34
-0.62824714 0.18696311 -0.31639892 117 140 24
-0.61030376 0.17873704 -0.29079920 101 117 18
-0.59937418 0.19792092 -0.25968367 99 137 18
-0.60003746 0.18992513 -0.26715168 126 162 14
-0.62461084 0.18887995 -0.26538044 178 196 60
-0.61221224 0.18568820 -0.30800447 97 124 7
-0.60567927 0.19293793 -0.26830268 142 165 15
-0.62621319 0.18225648 -0.26745996 194 218 34
-0.62087572 0.18613172 -0.31114265 74 99 0
-0.62922370 0.19114378 -0.31611258 163 183 60
-0.63445348 0.17545174 -0.27694690 143 166 24
-0.61048001 0.18358898 -0.29592848 125 150 49
-0.61373550 0.18012771 -0.29895216 111 135 51
-0.61806595 0.18410975 -0.26979297 150 183 8
-0.61475843 0.18736726 -0.26465467 152 183 19
-0.59940964 0.18387908 -0.28607497 186 200 125
-0.60723007 0.18375485 -0.28512931 143 157 80
-0.63343710 0.17282036 -0.28873774 162 187 7
-0.62507367 0.15674523 -0.29674807 144 169 13
-0.61177498 0.17020045 -0.28473750 137 182 4
-0.59963995 0.17961119 -0.27935216 93 99 73
-0.59994686 0.18548550 -0.27315071 100 124 10
-0.61505473 0.18091178 -0.30735230 101 130 11
-0.65855235 0.18011919 -0.33505347 120 134 49
-0.61119980 0.17788711 -0.28526372 135 152 48
-0.60751754 0.19266275 -0.26514015 168 192 20
-0.62368375 0.16662261 -0.29531431 140 178 5
-0.62384725 0.16358157 -0.29494783 134 171 14
-0.65031755 0.17815933 -0.33142123 83 107 21
-0.61058974 0.18467037 -0.27119064 147 169 6
-0.64979839 0.17630439 -0.32649055 91 117 10
-0.63367999 0.16451883 -0.29149109 122 170 9
-0.64767230 0.18004717 -0.33238953 91 115 19
-0.65215319 0.17674398 -0.32931975 83 105 5
-0.65164620 0.18843055 -0.32647902 128 145 51
-0.62668002 0.18051140 -0.27675581 150 178 5
-0.64279532 0.18914221 -0.31777969 96 119 5
-0.61510003 0.17858228 -0.29785419 123 147 61
-0.64823377 0.17061538 -0.30362150 152 172 38
-0.64475715 0.17305210 -0.30446771 122 148 15
-0.61462194 0.17864344 -0.30463511 102 139 36
-0.62398994 0.17435697 -0.30259889 166 190 52
-0.64069307 0.17376848 -0.30160117 134 154 39
-0.64016747 0.17399482 -0.30025455 139 159 44
-0.62118274 0.17360666 -0.31403971 65 74 29
-0.61955047 0.17434438 -0.31335229 93 111 29
-0.63413495 0.17576468 -0.30983606 101 129 10
-0.63678950 0.17548460 -0.30502754 100 125 7
-0.60762674 0.18461049 -0.27491537 132 156 0
-0.61877143 0.18998310 -0.25862092 177 205 35
-0.60964489 0.19539650 -0.25193933 164 200 32
-0.60746509 0.16699095 -0.29098991 157 178 61
-0.62995356 0.17358306 -0.31889868 136 143 76
-0.65186322 0.16658366 -0.29967582 180 202 59
-0.62604457 0.18781497 -0.31495228 106 131 14
-0.63421410 0.18778983 -0.32052636 130 152 28
-0.64467293 0.17725511 -0.32524067 43 71 0
-0.61794132 0.18172625 -0.27967969 148 171 3
-0.62628710 0.18004575 -0.28138581 157 179 34
-0.61437643 0.17653121 -0.29186949 138 155 40
-0.63899946 0.18384057 -0.32492653 146 172 45
-0.62736881 0.17731170 -0.29123190 156 185 9
-0.61989158 0.19563505 -0.25786251 172 196 60
-0.62309420 0.19014220 -0.31035680 76 100 2
-0.60571402 0.18671027 -0.27237546 129 158 8
-0.61952931 0.16068844 -0.29231006 154 192 17
-0.63963306 0.17068636 -0.29129922 137 157 42
-0.60540372 0.18742302 -0.27902314 140 155 62
-0.63974637 0.16936448 -0.28607121 152 174 48
-0.63639545 0.16599275 -0.28929192 128 156 11
-0.62253636 0.18952766 -0.26494920 165 185 51
-0.64317614 0.18864672 -0.31717023 144 166 31
-0.61001134 0.16421239 -0.28855938 177 201 89
-0.63726676 0.17561337 -0.29703635 142 164 37
-0.63226938 0.17705408 -0.29121289 140 160 27
-0.61929929 0.17352380 -0.29158321 131 170 0
-0.61437035 0.17493264 -0.28394234 122 162 0
-0.62663734 0.17683944 -0.29551220 142 166 8
-0.63825530 0.16632415 -0.29269922 125 154 10
