0.51514071 0.47035965 -0.21956261
0.50902754 0.46738583 -0.19671167
0.50834799 0.46506894 -0.19877860
0.50979686 0.46454027 -0.19190143
0.50935566 0.46571079 -0.20562845
0.50798249 0.46411884 -0.18512136
0.50706619 0.46571907 -0.18790935
0.50686741 0.46641773 -0.18945642
0.50976664 0.47291517 -0.21815152
0.50986969 0.47229835 -0.21592063
0.50467587 0.46803424 -0.18992026
0.51122165 0.46888506 -0.20609517
0.51333839 0.47029507 -0.21542999
0.50696051 0.46347883 -0.18110657
0.50860453 0.46370846 -0.18999946
0.51383549 0.46961674 -0.21759880
0.51476568 0.46751961 -0.22465687
0.50963193 0.46839142 -0.20097239
0.51333487 0.47194549 -0.22311729
0.51428878 0.47190002 -0.22608630
0.50601774 0.46243072 -0.19169667
0.50531244 0.46197733 -0.19074786
0.51244450 0.46698365 -0.22412004
0.51575953 0.47138616 -0.22541350
0.51119810 0.46709245 -0.22541945
0.50841981 0.46949950 -0.20279822
0.50289315 0.46381679 -0.19417748
0.50077689 0.46355110 -0.18843555
0.51113749 0.46753648 -0.20783944
0.51123214 0.46767101 -0.20775184
0.49379608 0.36569196 -0.00023098
0.49108365 0.38306823 -0.00881016
0.49284494 0.38335595 -0.01052329
0.48241991 0.38108587 -0.00850106
0.48518664 0.37788552 -0.00319133
0.49157012 0.33917949 0.02077735
0.49204317 0.33356407 0.02524347
0.49091503 0.34545499 0.01631257
0.49510169 0.33860761 0.02653258
0.49450877 0.37507114 -0.00552880
0.49337268 0.37071756 -0.00096937
0.49988657 0.32222125 0.03808981
0.49066970 0.35933405 0.01319016
0.49572477 0.33262688 0.03041815
0.50120658 0.32094485 0.03874858
0.48866951 0.34025010 0.02034761
0.48443466 0.37824848 -0.00756282
0.48960680 0.36158568 0.01492887
0.48784339 0.35850123 0.01782314
0.48910227 0.38320643 -0.00802561
0.48976451 0.38046259 -0.00579957
0.49311200 0.36644331 0.00220323
0.49352846 0.36439979 0.00294947
0.49238580 0.34894508 0.01902431
0.49112821 0.35234320 0.01346436
0.48941866 0.34180793 0.02158292
0.48943591 0.34394220 0.01891603
0.48909962 0.33610606 0.02377552
0.49179998 0.36625347 -0.00206490
0.48424396 0.37478286 -0.00266564
0.49530101 0.33608374 0.02791942
0.49335366 0.34344089 0.02497992
0.48976403 0.36572376 0.00846198
0.49083140 0.36739185 0.00513265
0.49151093 0.33585420 0.02750039
0.48758429 0.37334666 0.00228339
0.48700503 0.37736464 -0.00254067
0.49124482 0.35172370 0.01164387
0.48525929 0.38163534 -0.00886190
0.49148855 0.37114319 -0.00413814
0.49223775 0.34387100 0.02014192
0.49266779 0.34639689 0.02104516
0.50483215 0.31598249 0.04129942
0.48774320 0.36736175 0.00869981
0.49175033 0.35285178 0.01964229
0.49109402 0.35659924 0.01683521
0.49430951 0.36997503 -0.00367403
0.49431339 0.37956509 -0.00971191
0.49460283 0.36876994 -0.00252183
0.49292582 0.35999349 0.00391499
0.59720665 0.26305807 -0.10113949
0.59405434 0.27128696 -0.09562514
0.59249526 0.27310225 -0.09363682
0.59689409 0.26588205 -0.09804995
0.58975935 0.27361891 -0.09244669
0.58807951 0.27574205 -0.09033401
0.58398932 0.28294832 -0.08268055
0.57630908 0.29386663 -0.09246680
0.57633471 0.29045853 -0.09306833
0.58036011 0.29470617 -0.09167593
0.58590662 0.28689012 -0.08085407
0.58695453 0.29390270 -0.07958104
0.58137429 0.29092091 -0.09323143
0.58448410 0.27729842 -0.08965190
0.58538479 0.27454391 -0.09307023
0.58336979 0.27607399 -0.09236939
0.58523011 0.29481712 -0.08472425
0.58688861 0.29285991 -0.08126192
0.57665652 0.29603609 -0.09155814
0.58269966 0.28321454 -0.08169115
0.58234155 0.27867073 -0.09356676
0.57992095 0.28968847 -0.09473348
0.58545631 0.28682899 -0.08877662
0.57754302 0.28748021 -0.09377147
0.57951641 0.28304547 -0.09419642
0.58386719 0.28215244 -0.09138888
0.58168542 0.29471320 -0.09030157
0.58279425 0.27776593 -0.09323911
0.58236939 0.27735102 -0.09448498
0.58296740 0.27759796 -0.09037818
0.58035111 0.28193229 -0.08960339
0.58381742 0.27832586 -0.09054150
0.57681829 0.28550681 -0.09064802
0.58378226 0.28043926 -0.08466660
0.58606333 0.28172958 -0.08481506
0.58174747 0.28244907 -0.08465557
0.57983500 0.28481185 -0.08533237
0.58133602 0.29295823 -0.09188680
0.58838469 0.26943061 -0.09516539
0.59508646 0.26175743 -0.10079904
0.49011296 0.36381027 0.00629352
0.48810872 0.39029574 -0.01802869
0.48617312 0.39290011 -0.01824909
0.48584124 0.39343432 -0.01887489
0.48743117 0.39331520 -0.01773104
0.48739663 0.39506567 -0.01908412
0.48614293 0.37166560 0.00188025
0.49406180 0.38295138 -0.01086923
0.47377411 0.41153955 -0.04193237
0.47142845 0.41123146 -0.04261488
0.47579107 0.40597257 -0.03558957
0.48874977 0.37924197 -0.00471909
0.49112254 0.36841542 0.00149429
0.49214497 0.40033263 -0.02177603
0.48613730 0.39950812 -0.02347518
0.48688886 0.40143982 -0.02464122
0.48693040 0.40057597 -0.02380305
0.48202717 0.40490887 -0.03194483
0.48577684 0.40639904 -0.03018576
0.49389669 0.39355350 -0.01785626
0.49010167 0.36310989 0.00430367
0.48507541 0.36577967 0.00842035
0.48591673 0.36024868 0.01495320
0.49339229 0.38713735 -0.01587359
0.49102715 0.40669161 -0.02669047
0.49071482 0.40697730 -0.02684129
0.48734957 0.37749991 -0.00218024
0.48897412 0.36431569 0.00890111
0.48609877 0.37728983 -0.00263025
0.49027666 0.39045131 -0.01421003
0.48639300 0.36680138 0.00831823
0.48956951 0.35269734 0.01301205
0.48976359 0.35071844 0.01403786
0.48710424 0.37251028 0.00064482
0.48778817 0.40835437 -0.02964555
0.48983687 0.40384257 -0.02417017
0.48542577 0.41362482 -0.03600917
0.48353985 0.41003063 -0.03534964
0.49004564 0.34773174 0.01358337
0.49439418 0.38336062 -0.01128326
0.49094433 0.36070144 0.00308640
0.48782071 0.38495588 -0.01028490
0.49387658 0.40801141 -0.02838544
0.49491146 0.40554640 -0.02628422
0.48979449 0.34844893 0.01465819
0.49216011 0.37829366 -0.00853951
0.49500507 0.39430472 -0.01826059
0.49228692 0.39654157 -0.01971112
0.49269539 0.39793694 -0.02030931
0.49153879 0.37246436 -0.00442067
0.49113494 0.37129185 -0.00715836
0.49137700 0.38314736 -0.01143203
0.48150238 0.40306216 -0.03064513
0.47943428 0.40136427 -0.02979165
0.48003778 0.39785111 -0.02621914
0.48922035 0.34475765 0.01455246
0.49220559 0.33420375 0.02895455
0.48652306 0.35860029 0.01772777
0.49642223 0.32977781 0.03461247
0.50284952 0.31859139 0.04140670
0.48843461 0.35804909 0.01530664
0.49011204 0.35016096 0.01732518
0.50392061 0.32062444 0.04081826
0.48817399 0.35295880 0.02157875
0.48784357 0.35449693 0.02014223
0.49393940 0.33613360 0.03114928
0.49008688 0.34818703 0.02190134
0.49211174 0.34106088 0.02835139
0.49148905 0.34787190 0.02367822
0.49347207 0.33846229 0.02655254
0.49330047 0.33193159 0.02892822
0.50040585 0.31848386 0.04098374
0.49131787 0.35310912 0.02228510
0.49350157 0.33251929 0.02748575
0.49101856 0.34467220 0.02256274
0.49059728 0.34656566 0.01906101
0.40889272 0.46098712 -0.04686714
0.39592591 0.45729566 -0.04723100
0.45517281 0.45698282 -0.08057655
0.42181039 0.46916121 -0.05472945
0.40675551 0.45785448 -0.06647583
0.40171969 0.45742106 -0.06594756
0.43676957 0.46181571 -0.07240568
0.39751583 0.43839297 -0.05776113
0.42832527 0.46431106 -0.04959555
0.42731389 0.46190345 -0.04823318
0.42643028 0.45300421 -0.07127646
0.42773089 0.45437190 -0.07010158
0.40224102 0.45637637 -0.04735339
0.40932778 0.45755887 -0.04711292
0.40231830 0.45493293 -0.04787479
0.44447944 0.45394993 -0.07894974
0.44904888 0.46228495 -0.07446951
0.43822557 0.46528468 -0.07017228
0.42912120 0.45201620 -0.07432676
0.43144768 0.44967142 -0.07461558
0.43228570 0.44745895 -0.06123987
0.42919528 0.44896522 -0.07358902
0.44403970 0.46365950 -0.07308368
0.44314939 0.46364173 -0.07400528
0.42180899 0.46197712 -0.06010614
0.37765533 0.44056639 -0.03587534
0.38121143 0.44197154 -0.03809447
0.39638430 0.46348342 -0.06175283
0.45979086 0.45385140 -0.08323072
0.43259504 0.44119850 -0.07514771
0.42595094 0.45965624 -0.04913078
0.42745003 0.45946473 -0.05054086
0.40995815 0.46019506 -0.06218306
0.40749940 0.46051270 -0.05796639
0.41717878 0.46910307 -0.05488544
0.39987487 0.43519092 -0.05346856
0.44245195 0.44708288 -0.07430103
0.43041226 0.46125907 -0.06614930
0.41439492 0.45845756 -0.06234823
0.40769246 0.43881547 -0.05183554
0.40046665 0.43465745 -0.04876591
0.40634876 0.43911257 -0.04953644
0.41286772 0.43963680 -0.05751663
0.39947352 0.45270023 -0.06676473
0.39960989 0.45279732 -0.06673238
0.39373481 0.46012414 -0.05099268
0.39987993 0.46302438 -0.05006510
0.40357053 0.46628416 -0.05037624
0.42458278 0.46841246 -0.04791871
0.40619308 0.44426271 -0.04612357
0.40649170 0.44155252 -0.04600366
0.41171226 0.45693037 -0.06705657
0.41467482 0.45404804 -0.06780629
0.41628706 0.45307317 -0.06959379
0.40036765 0.44806796 -0.04602599
0.42873922 0.46190482 -0.05027360
0.43276885 0.46006003 -0.05647440
0.41521129 0.44834176 -0.05131720
0.41225448 0.45072138 -0.04985914
0.41941932 0.45374566 -0.05118547
0.41984987 0.45238382 -0.05233657
0.38154554 0.43268397 -0.03148566
0.40800357 0.44508600 -0.04712743
0.41469446 0.44445184 -0.05049212
0.43324578 0.44298482 -0.06384628
0.43219739 0.44302648 -0.06315953
0.43292156 0.46665174 -0.05906310
0.43607602 0.44480503 -0.07527924
0.38887927 0.43134016 -0.04510768
0.38991445 0.43212858 -0.04774837
0.44436988 0.44892046 -0.07513367
0.41780227 0.45528513 -0.06763560
0.38673028 0.46576273 -0.05785282
0.43397224 0.46617121 -0.06756330
0.44079801 0.46716493 -0.06694751
0.45667034 0.45766899 -0.08002446
0.40476897 0.45029622 -0.04782155
0.39571768 0.45555949 -0.04691488
0.44949511 0.46479651 -0.07181632
0.44518659 0.46605688 -0.06912056
0.38275108 0.45923400 -0.05349022
0.38873404 0.46201602 -0.05437246
0.43080035 0.45651910 -0.07006303
0.41984367 0.45967636 -0.06081299
0.39490071 0.46482071 -0.05465189
0.39877254 0.46715459 -0.05477642
0.41416210 0.44113678 -0.05504744
0.41392678 0.44192445 -0.05212225
0.40661979 0.43937576 -0.04944099
0.41111839 0.44129288 -0.04995580
0.42148462 0.44243377 -0.05851906
0.41681322 0.44280109 -0.05290799
0.39710391 0.43718645 -0.04087040
0.39577520 0.43513352 -0.04247890
0.44286287 0.45250511 -0.07814284
0.38446072 0.43912598 -0.03338423
0.38361207 0.43853965 -0.03187929
0.41043371 0.45173955 -0.06862976
0.42167398 0.45502168 -0.06704690
0.41714951 0.45993185 -0.04729237
0.42419219 0.45956337 -0.04865806
0.43338382 0.46283251 -0.06828324
0.42696759 0.45838505 -0.06527745
0.45116174 0.45179096 -0.08209391
0.44100770 0.44948506 -0.07769623
0.42461562 0.46878815 -0.05371808
0.39547938 0.43338594 -0.04874000
0.41303897 0.46896812 -0.05270166
0.41140082 0.46510452 -0.04691450
0.40673551 0.46479517 -0.04820583
0.41491812 0.46529371 -0.05610958
0.44418931 0.44140339 -0.07241474
0.44016996 0.44046998 -0.07280948
0.41319799 0.46191543 -0.05752658
0.41762018 0.46240950 -0.05810938
0.40376240 0.46682027 -0.05476734
0.39597705 0.43784410 -0.05517445
0.40344545 0.46827710 -0.05295359
0.40829870 0.46866396 -0.05109864
0.43252879 0.45483121 -0.05868738
0.43093017 0.45321569 -0.05821344
0.39081773 0.43550882 -0.03681609
0.43632138 0.44665107 -0.07564323
0.38491869 0.44741401 -0.04344107
0.38264766 0.44385231 -0.04104706
0.39063674 0.43359879 -0.04866534
0.41226530 0.47012261 -0.05004082
0.38937721 0.44254926 -0.03897510
0.43562612 0.45780143 -0.07762926
0.43818244 0.46053448 -0.07733929
0.41818699 0.44061047 -0.06167933
0.42633843 0.44203272 -0.06165696
0.39864486 0.46314219 -0.06201489
0.38618037 0.43915671 -0.03446689
0.38799366 0.43636250 -0.03507965
0.42219612 0.46638113 -0.04437547
0.42433152 0.46288818 -0.04662479
0.41030782 0.45904395 -0.06669655
0.42319936 0.45058808 -0.05468468
0.42033973 0.45000544 -0.05364552
0.39512101 0.44176447 -0.04152055
0.40136486 0.44189167 -0.04358568
0.39448273 0.45790756 -0.04851377
0.39027709 0.46193498 -0.05394255
0.45188442 0.44995701 -0.07735058
0.42505488 0.46368617 -0.06226100
0.45351040 0.45521951 -0.08192225
0.38929701 0.43048465 -0.04105629
0.39063933 0.43113962 -0.04179798
0.42667517 0.46766964 -0.05172987
0.39981651 0.46558228 -0.05266685
0.39968538 0.46389443 -0.05101070
0.39188963 0.46529174 -0.06008973
0.43016207 0.45641941 -0.05642366
0.43704113 0.45232478 -0.07696276
0.43678385 0.45365763 -0.07731312
0.41638553 0.47083905 -0.05146230
0.44857621 0.46121788 -0.07639748
0.45224586 0.45400545 -0.08236843
0.39883459 0.46763718 -0.05552470
0.41048178 0.45972103 -0.06508122
0.42032066 0.47066677 -0.04815940
0.41966304 0.47117090 -0.04981972
0.42283151 0.44445106 -0.05636867
0.41385418 0.46034029 -0.05937448
0.38247395 0.43163615 -0.03309924
0.42901629 0.46715960 -0.05920755
0.42495486 0.46801612 -0.05881007
0.43889070 0.45967895 -0.07789960
0.44136941 0.45912656 -0.07843374
0.40604874 0.46089786 -0.05700735
0.43173367 0.44894776 -0.06024894
0.45214909 0.44961393 -0.08062380
0.40256116 0.46124646 -0.06354326
0.40062925 0.46699807 -0.05545069
0.38769206 0.44188744 -0.03788016
0.38507605 0.44061983 -0.03628038
0.38648647 0.44780204 -0.04368087
0.41925591 0.46591946 -0.04465091
0.41674933 0.46641859 -0.04544536
0.41429895 0.46199706 -0.04575756
0.42967910 0.44395024 -0.07459625
0.42085245 0.45420402 -0.06887206
0.44340417 0.46140474 -0.07820998
0.43854782 0.45635965 -0.07833643
0.40867186 0.43853360 -0.06135436
0.40154055 0.43596989 -0.05632970
0.40900028 0.43757513 -0.05677652
0.40046635 0.43448225 -0.05065225
0.41651276 0.46959615 -0.04648844
0.41809267 0.47162488 -0.05001727
0.42831039 0.45719379 -0.06694651
0.45019013 0.45216706 -0.07342906
0.39557949 0.44730449 -0.04439884
0.39690131 0.44491202 -0.04294048
0.41616729 0.45799857 -0.04819111
0.41397321 0.45899850 -0.04709675
0.39398885 0.45295793 -0.04621383
0.39653069 0.44910219 -0.04576979
0.45374188 0.46049911 -0.07708570
0.45818269 0.45873296 -0.07961518
0.43032777 0.46708333 -0.05982816
0.43162477 0.46710780 -0.06060091
0.42036200 0.46247265 -0.05912971
0.42873162 0.46641952 -0.06463107
0.24073385 0.47924763 -0.12737991
0.24348380 0.48153359 -0.12594762
0.24148232 0.48329824 -0.12963939
0.26274595 0.46498773 -0.10332030
0.27026707 0.46258190 -0.09510340
0.27130499 0.46223739 -0.09947733
0.26732105 0.46244034 -0.09340412
0.26550424 0.46357647 -0.09288858
0.26138687 0.46539339 -0.09386177
0.25746614 0.46810600 -0.09571654
0.25056672 0.47161648 -0.10381079
0.25589842 0.46992722 -0.09709725
0.25398239 0.46827313 -0.09959688
0.26553035 0.46344176 -0.10543189
0.25682136 0.46617934 -0.10310418
0.26085040 0.46831232 -0.11115806
0.27515000 0.45854267 -0.09789800
0.26682642 0.46490896 -0.10805786
0.26709661 0.47234476 -0.10720825
0.26501334 0.47210315 -0.10894114
0.26023772 0.46792781 -0.09417608
0.25949889 0.47607294 -0.10930722
0.27020276 0.46462482 -0.08889300
0.25950620 0.46745127 -0.10681543
0.26555938 0.46887529 -0.10961414
0.25954574 0.47344652 -0.11186014
0.25283721 0.46939299 -0.10840421
0.26056486 0.47081453 -0.11182876
0.25527018 0.46766388 -0.10795897
0.27328083 0.45782250 -0.09489863
0.25168911 0.46816629 -0.10481197
0.25086367 0.47310624 -0.11187536
0.26174346 0.46590313 -0.10989615
0.26479051 0.46424013 -0.10742749
0.25932160 0.46529299 -0.09985051
0.25446460 0.47064820 -0.09815952
0.27217141 0.46333134 -0.10293552
0.53833473 0.38464567 -0.08204418
0.53885394 0.38514325 -0.08210828
0.57445568 0.29823974 -0.07903638
0.53482175 0.39578426 -0.08226965
0.55120659 0.35593587 -0.07641929
0.57722068 0.31325725 -0.07698528
0.58008134 0.31067750 -0.07749329
0.53891593 0.38809848 -0.08306146
0.54033530 0.36092612 -0.08377472
0.55486333 0.34822911 -0.07391645
0.57368767 0.28942719 -0.09056073
0.53211135 0.38273373 -0.08224829
0.57083762 0.30118465 -0.08648227
0.56969434 0.29480571 -0.08880050
0.57535458 0.29169473 -0.08292329
0.57242990 0.31590170 -0.07420211
0.57734609 0.30846024 -0.07546540
0.57893378 0.30747327 -0.07578251
0.55031419 0.35471624 -0.07549795
0.54832894 0.36483008 -0.07775919
0.53206342 0.36812401 -0.08043231
0.56178528 0.33868858 -0.07360096
0.54542434 0.36616820 -0.07994413
0.53450471 0.38409081 -0.08120593
0.56990981 0.30462599 -0.08353253
0.57174796 0.32039994 -0.07880465
0.54263246 0.35895911 -0.08061894
0.53300840 0.38550723 -0.08058695
0.56819600 0.31547368 -0.07367706
0.54562157 0.37175593 -0.07894003
0.53802955 0.38366434 -0.08170756
0.56514317 0.31299433 -0.07383797
0.54977649 0.34987783 -0.07404909
0.56664181 0.30452353 -0.08086026
0.57469732 0.28764978 -0.08845665
0.53780979 0.37450239 -0.08127415
0.53677368 0.37651765 -0.08137354
0.57830840 0.28833050 -0.08330565
0.56922096 0.30649862 -0.07639285
0.57398313 0.30400094 -0.07618603
0.57239962 0.30529207 -0.07620310
0.55246782 0.36062029 -0.07881693
0.56395507 0.33075702 -0.07623591
0.57174224 0.32132071 -0.07903226
0.55381572 0.35407615 -0.07510388
0.57409251 0.31851500 -0.07855325
0.57010716 0.32345161 -0.07635444
0.54142112 0.36855671 -0.08077328
0.54692250 0.37410486 -0.08007260
0.54937315 0.35817468 -0.07680284
0.56719822 0.30086491 -0.07901220
0.56378353 0.33143264 -0.07449041
0.54532790 0.37397939 -0.08006092
0.55848640 0.34973884 -0.07579653
0.54204708 0.36485988 -0.08147762
0.54377007 0.36549225 -0.08068527
0.57960701 0.29595092 -0.07700863
0.58050632 0.29361728 -0.07735466
0.57622671 0.28575838 -0.08913979
0.56545770 0.32816532 -0.07219341
0.54723918 0.35445741 -0.07618786
0.57470912 0.29000929 -0.09227935
0.57587665 0.28926086 -0.09298459
0.57349730 0.29673851 -0.08056022
0.53857327 0.37127998 -0.08259353
0.54761803 0.35616004 -0.07699099
0.53758270 0.35982415 -0.08287396
0.53860325 0.39279476 -0.08385157
0.57983482 0.29225704 -0.07920983
0.58013475 0.29197487 -0.07898346
0.53638738 0.37169951 -0.08410437
0.53369963 0.36513731 -0.08141282
0.55070782 0.37266198 -0.08012167
0.54919195 0.37107563 -0.07970399
0.55935454 0.33842906 -0.07404672
0.58389455 0.29108557 -0.07634567
0.57955354 0.29897290 -0.07628138
0.54742169 0.36773449 -0.07756684
0.56496346 0.32756680 -0.07625076
0.56554580 0.30016947 -0.08306473
0.57132024 0.31422025 -0.07442430
0.57567340 0.30409431 -0.07568055
0.56902307 0.29382554 -0.08840571
0.56517673 0.30159795 -0.08271607
0.56792164 0.29927236 -0.07993019
0.54086339 0.37823597 -0.08019315
0.56473804 0.32936105 -0.07646232
0.53621191 0.39494666 -0.08181448
0.54147267 0.35690477 -0.08058820
0.37384933 0.53359526 -0.21041696
0.34674934 0.55305797 -0.22798398
0.37033892 0.54166305 -0.21318291
0.34060025 0.55390733 -0.22317831
0.36137354 0.54501402 -0.22092894
0.35938403 0.54650259 -0.22207977
0.37839857 0.53434092 -0.20982139
0.37572888 0.53756887 -0.21203808
0.36489099 0.54540145 -0.21746755
0.35772869 0.54979736 -0.22330508
0.34608975 0.55006915 -0.22579148
0.38065270 0.53057003 -0.20783892
0.34646523 0.55212861 -0.21797745
0.35014638 0.55459452 -0.22516222
0.37899372 0.52563101 -0.19977826
0.35112768 0.55500555 -0.22450075
0.34865585 0.55927712 -0.23024938
0.35399061 0.54876924 -0.22448528
0.34247866 0.55417877 -0.22095157
0.34200639 0.55536526 -0.22183706
0.37317044 0.52714866 -0.20830160
0.38845843 0.52677399 -0.20118307
0.39169046 0.52251494 -0.19861583
0.39240393 0.52504349 -0.20126447
0.39017409 0.51875132 -0.19509241
0.34143314 0.55279738 -0.22340664
0.34616333 0.54864991 -0.22234187
0.38249016 0.52695471 -0.20529503
0.35585850 0.54435527 -0.22150522
0.37806734 0.52659130 -0.20684807
0.38238418 0.52666152 -0.19930920
0.39428729 0.52076918 -0.19861047
0.39300710 0.51902205 -0.19617125
0.38383201 0.52663571 -0.20300591
0.34530485 0.55825764 -0.23178601
0.38862899 0.52100384 -0.19619924
0.37646970 0.53166252 -0.20919326
0.35065275 0.54602861 -0.22026107
0.35644266 0.54369736 -0.22077204
0.37601802 0.52519655 -0.20331523
0.34759358 0.55155861 -0.22697783
0.35893029 0.54946965 -0.22234252
0.35794315 0.55014563 -0.22282900
0.36165351 0.54763073 -0.22079235
0.55381191 0.36202794 -0.06945405
0.55440551 0.36547843 -0.06901719
0.54040664 0.39700514 -0.08590557
0.53585255 0.38409144 -0.07472970
0.53108025 0.38844991 -0.07669212
0.53014630 0.38750941 -0.07565627
0.53481466 0.40614635 -0.09130599
0.55390412 0.36487454 -0.07910929
0.55848831 0.35899433 -0.07136482
0.55994636 0.36152363 -0.07286387
0.53642863 0.37002739 -0.07014810
0.53586113 0.37198505 -0.07052114
0.52979207 0.37691373 -0.07033778
0.53644490 0.40120974 -0.08790512
0.55452234 0.33390614 -0.06630837
0.55369216 0.33334464 -0.06575401
0.52083516 0.42363393 -0.10481093
0.55577242 0.34529921 -0.06942414
0.55796486 0.34347117 -0.06994939
0.55293697 0.34851003 -0.06885909
0.50749284 0.43969268 -0.11783414
0.50776148 0.44085035 -0.11801375
0.54329741 0.39250702 -0.08328459
0.54545391 0.38997003 -0.07947094
0.55072552 0.37764519 -0.06912057
0.52022916 0.40388501 -0.08625267
0.54718196 0.38031280 -0.07865477
0.54384571 0.39058644 -0.08361262
0.55699748 0.35974818 -0.07831322
0.53104043 0.41470411 -0.08874288
0.51412880 0.44238904 -0.11846686
0.55103415 0.35024190 -0.06814809
0.54829538 0.34592187 -0.06528156
0.50930351 0.44589955 -0.11976004
0.56103742 0.35707259 -0.07482462
0.55916613 0.35602269 -0.07698417
0.54751849 0.38434762 -0.07680537
0.51818568 0.42601091 -0.10517843
0.51040870 0.43748274 -0.11395587
0.52161998 0.42708665 -0.10063503
0.56250745 0.34475225 -0.07466855
0.56258255 0.34241053 -0.07497961
0.53271186 0.40899214 -0.08671531
0.50449002 0.44563341 -0.12699291
0.50673264 0.44559884 -0.12111099
0.52852225 0.36815804 -0.07211145
0.52958161 0.36707059 -0.07229888
0.54082221 0.36098114 -0.06895857
0.54163903 0.35862738 -0.06836069
0.51006144 0.44810992 -0.12434588
0.50485766 0.44804248 -0.12669410
0.54420096 0.38672534 -0.08234318
0.54405236 0.36373326 -0.06949125
0.54906762 0.35509512 -0.06884567
0.54963040 0.35409945 -0.06877340
0.55569416 0.33915532 -0.06846797
0.55602098 0.33737177 -0.06805491
0.55480301 0.33923325 -0.06749602
0.52133900 0.42493975 -0.10316247
0.55454028 0.37206781 -0.07046854
0.54923177 0.36862051 -0.06866667
0.55047220 0.36985227 -0.06836523
0.51678962 0.43538752 -0.11067937
0.51770878 0.41368893 -0.09360432
0.55471933 0.37144080 -0.06893271
0.50290012 0.44416264 -0.12570725
0.52602035 0.42377406 -0.09618558
0.54530454 0.38510731 -0.08269746
0.52634895 0.41380280 -0.09635783
0.53738970 0.38036752 -0.07301193
0.53444988 0.37819460 -0.07177524
0.53317481 0.38123393 -0.07225189
0.54644346 0.38196570 -0.08084189
0.53182560 0.40486121 -0.09313227
0.55135155 0.37172335 -0.08017160
0.52087933 0.42325637 -0.10448077
0.56200165 0.33389381 -0.07067865
0.56164229 0.33318380 -0.07045474
0.52601361 0.39605966 -0.08131968
0.53744638 0.36550024 -0.07072257
0.53181779 0.36780423 -0.07002501
0.53518081 0.36542293 -0.07071246
0.55008775 0.38168174 -0.07459647
0.52187365 0.41466710 -0.09216449
0.55298185 0.35433903 -0.06907852
0.55562478 0.35858470 -0.06977407
0.54912478 0.36266598 -0.06881891
0.51676977 0.41377717 -0.09316773
0.52352464 0.42170656 -0.10028327
0.54104620 0.37073171 -0.07064352
0.54203910 0.37379637 -0.07125778
0.53989607 0.37727743 -0.07241572
0.53478813 0.40466565 -0.08816375
0.52340949 0.42271647 -0.09276758
0.50863922 0.42666557 -0.10469985
0.51015413 0.42354557 -0.10088097
0.51423836 0.42577264 -0.10334089
0.51692706 0.41603920 -0.09575959
0.52777416 0.41844931 -0.08784051
0.52331203 0.39247346 -0.08008251
0.52238768 0.39664951 -0.08221533
0.52838290 0.41102105 -0.08782776
0.52412480 0.39116704 -0.07921559
0.52439350 0.38989440 -0.07819012
0.54881340 0.38000119 -0.06925204
0.51482588 0.44083223 -0.11651319
0.55347449 0.37418821 -0.07581036
0.52447057 0.37928495 -0.07068554
0.52388728 0.37944403 -0.07079396
0.52459788 0.41779417 -0.08994237
0.55931634 0.35262501 -0.07703198
0.56171089 0.35256159 -0.07404739
0.55467463 0.36893752 -0.07682039
0.51567680 0.43340898 -0.10853452
0.53099084 0.40553772 -0.08531515
0.55793166 0.35129455 -0.07016504
0.55870622 0.35006225 -0.07034709
0.55516011 0.34865239 -0.06952164
0.56098998 0.35037351 -0.07264633
0.56235236 0.35045162 -0.07427551
0.51832998 0.42979380 -0.10978868
0.54755008 0.38276035 -0.07693626
0.52696693 0.40622526 -0.08604681
0.52473301 0.40653861 -0.08689658
0.51721555 0.43558609 -0.11196303
0.55871141 0.36548656 -0.07330577
0.52885067 0.40029007 -0.08272532
0.52857947 0.39972532 -0.08251985
0.55761391 0.36463124 -0.07614530
0.53709865 0.39450303 -0.08101775
0.54568350 0.38931584 -0.07628610
0.51878136 0.41798943 -0.09505498
0.51858515 0.42090487 -0.09647345
0.53497720 0.39035231 -0.07794449
0.52910972 0.39236775 -0.07906129
0.54285771 0.38541088 -0.07455110
0.53769672 0.38989258 -0.07749800
0.54175997 0.36032474 -0.06862503
0.54627293 0.35267586 -0.06755040
0.54718232 0.35364941 -0.06815429
0.52316570 0.38429171 -0.07361712
0.53377044 0.41003796 -0.09014254
0.53028363 0.40493613 -0.08498940
0.52051616 0.41221181 -0.09206451
0.52047706 0.41081780 -0.09132791
0.52826941 0.39540672 -0.08046776
0.53134567 0.39352867 -0.07954077
0.53687686 0.39801955 -0.08464814
0.54485840 0.39054012 -0.07805351
0.52714127 0.42204350 -0.09228631
0.52668357 0.42251346 -0.09191462
0.56565112 0.33067223 -0.07424263
0.55009419 0.38172919 -0.07304042
0.54493445 0.38374215 -0.07271057
0.54705375 0.38427901 -0.07221982
0.54768080 0.37989655 -0.06826556
0.53426236 0.39933279 -0.08474910
0.55186224 0.37352657 -0.07921579
0.56267834 0.33951724 -0.07268921
0.51860517 0.42337176 -0.09772791
0.52028042 0.42384112 -0.09710407
0.54195994 0.37831664 -0.07155709
0.54414624 0.37451696 -0.07061464
0.54520303 0.37222368 -0.07029403
0.56195438 0.34826592 -0.07548228
0.48100156 0.40035650 -0.03936685
0.46777430 0.42082638 -0.05381015
0.48631552 0.40451628 -0.03061749
0.48756927 0.40482974 -0.02793843
0.48408234 0.40628901 -0.03999665
0.48980606 0.41086906 -0.03219855
0.48962247 0.41076201 -0.03236518
0.48023549 0.38461924 -0.02854256
0.49174938 0.39698988 -0.02009000
0.49133864 0.41053009 -0.03098289
0.46767870 0.42378840 -0.05362979
0.46768773 0.41999727 -0.04991559
0.49183953 0.38639697 -0.01666976
0.48053250 0.38272801 -0.02043776
0.49534538 0.40220293 -0.02342616
0.47220325 0.40493181 -0.04004180
0.48121431 0.38802063 -0.02772924
0.48305109 0.38872510 -0.01555992
0.48362797 0.38430953 -0.01058778
0.48294640 0.38460976 -0.01147642
0.48149857 0.39456615 -0.03719964
0.46733192 0.40464351 -0.04126425
0.46922261 0.41419116 -0.04559621
0.48812839 0.38862029 -0.02025247
0.48994616 0.40159842 -0.02512565
0.48192272 0.38459456 -0.02662512
0.47857791 0.40316111 -0.04049842
0.47362471 0.39847922 -0.03892570
0.47843096 0.41050160 -0.04033794
0.46961984 0.40534511 -0.04004880
0.46902129 0.40251973 -0.03863820
0.47227320 0.39922252 -0.03385766
0.48949525 0.39671054 -0.02148959
0.48698875 0.39874297 -0.02747221
0.46890700 0.40026617 -0.03903207
0.47453466 0.39299726 -0.02734930
0.47969627 0.39156511 -0.02134882
0.47723716 0.39303973 -0.02501636
0.48122373 0.39074740 -0.03019164
0.46634787 0.42741811 -0.05866905
0.46576154 0.42923114 -0.05997580
0.48705247 0.38387480 -0.00865234
0.48812300 0.38538876 -0.01001120
0.48286894 0.39049479 -0.01753724
0.49099231 0.41248491 -0.03730462
0.47055650 0.41853839 -0.04877728
0.48383394 0.39728338 -0.03197284
0.48638076 0.38388920 -0.01279903
0.46515620 0.42041597 -0.05365841
0.47229505 0.40319535 -0.03968380
0.46831575 0.40358573 -0.04047129
0.47887406 0.39491227 -0.02522171
0.47712803 0.40090734 -0.03062861
0.47910866 0.39500234 -0.02507196
0.47982320 0.38417578 -0.02512101
0.47684705 0.38893628 -0.02907124
0.47971368 0.38424850 -0.02335899
0.48295617 0.39256874 -0.02958924
0.48704445 0.40734670 -0.03276021
0.48663586 0.40591240 -0.03080845
0.48178470 0.39698875 -0.03880638
0.48899236 0.39066321 -0.01742579
0.47964808 0.39283305 -0.03910784
0.48378402 0.40170103 -0.03620337
0.49123785 0.38847244 -0.01700956
0.47932851 0.40562090 -0.04034422
0.47465569 0.39189473 -0.03443641
0.47818848 0.38697711 -0.03148929
0.47466332 0.40941447 -0.03960757
0.47062987 0.41108039 -0.04306745
0.47497448 0.40549970 -0.03551544
0.47850358 0.38555586 -0.01978067
0.47515255 0.39106381 -0.02483489
0.47511879 0.39123619 -0.02576192
0.48814076 0.39151201 -0.01938791
0.48387101 0.39993015 -0.03314577
0.48518202 0.38578406 -0.01813869
0.47942963 0.39188498 -0.03628629
0.47993359 0.39080733 -0.03410075
0.48679465 0.39169547 -0.02368821
0.47437927 0.39286244 -0.03833772
0.48218977 0.41336635 -0.04185351
0.48032284 0.39522207 -0.03997396
0.47714794 0.41972974 -0.04847906
0.47937855 0.41541436 -0.04254541
0.48055169 0.41678473 -0.04377289
0.47849047 0.41541967 -0.04271195
0.47307202 0.41235378 -0.04208709
0.48453328 0.41254586 -0.04167911
0.47125301 0.41635904 -0.04680135
0.46773353 0.40482983 -0.04094947
0.46837172 0.40609989 -0.04111363
0.47616225 0.39479226 -0.04061856
0.48338690 0.38074592 -0.01364199
0.46887326 0.40079299 -0.03961551
0.46621037 0.42967781 -0.05869476
0.46505314 0.42513677 -0.05582042
0.47632420 0.40270010 -0.03957103
0.38991317 0.52931452 -0.20789452
0.38519964 0.53288001 -0.20651545
0.39364696 0.51822293 -0.19836792
0.38683796 0.52693915 -0.20424314
0.38709399 0.52468038 -0.20045847
0.38352451 0.52993780 -0.20666374
0.39015496 0.52052552 -0.20345028
0.38863498 0.52269071 -0.19937582
0.38885918 0.53509206 -0.20582783
0.58350170 0.30192307 -0.08313084
0.51527852 0.41455466 -0.09564191
0.57551301 0.31011167 -0.08260036
0.51693070 0.40884748 -0.08783944
0.53315145 0.35926247 -0.07529969
0.57189256 0.31887090 -0.07849145
0.51354021 0.41563174 -0.09398431
0.57450247 0.30561814 -0.08319838
0.58235121 0.30097756 -0.08417556
0.56522858 0.30517617 -0.07871130
0.56185156 0.31313694 -0.07402432
0.52168399 0.39780959 -0.09108373
0.51361376 0.41846949 -0.09869659
0.54734731 0.34609070 -0.07614034
0.58598369 0.30088133 -0.08028214
0.52232778 0.37282929 -0.07504696
0.56274897 0.32752553 -0.06985570
0.53430754 0.36196122 -0.08119694
0.53599608 0.35627034 -0.07676807
0.54281825 0.33615661 -0.06914913
0.54398811 0.33548990 -0.06649818
0.56704634 0.32688013 -0.07437015
0.56609303 0.32672623 -0.07281575
0.54185969 0.34256995 -0.06496835
0.54189861 0.33893430 -0.06764339
0.55102170 0.34250355 -0.07430151
0.56667191 0.30838484 -0.08050834
0.54779917 0.33260575 -0.06648156
0.55477399 0.33638924 -0.07448264
0.55140960 0.34055334 -0.07388687
0.56841558 0.31911448 -0.07744920
0.55107594 0.33521003 -0.07315570
0.55550480 0.33462179 -0.07199003
0.55437648 0.33415818 -0.06615886
0.52876925 0.40183362 -0.08975113
0.52272850 0.40621531 -0.09366854
0.58124584 0.29651025 -0.08891433
0.53899091 0.35182342 -0.06954784
0.56400210 0.31230015 -0.07788387
0.51304662 0.41873682 -0.09894039
0.54190546 0.35149422 -0.07686909
0.56456095 0.30368590 -0.07841957
0.51940823 0.40532517 -0.08673800
0.51737648 0.41957906 -0.09763642
0.51904249 0.41286960 -0.09308841
0.52203381 0.38787344 -0.08191575
0.52345067 0.38612726 -0.08363914
0.52334297 0.40808493 -0.09452300
0.56120396 0.31946459 -0.07085183
0.53177041 0.40045002 -0.08548879
0.56162870 0.33074480 -0.07043294
0.53561312 0.35563764 -0.07530441
0.55141550 0.33670551 -0.06338420
0.56448615 0.32550642 -0.07172018
0.56484735 0.32705489 -0.07167596
0.52676958 0.39660534 -0.08730234
0.53825796 0.35086411 -0.07470501
0.54286873 0.35410780 -0.06747854
0.56421131 0.30156222 -0.07881707
0.55704337 0.32759848 -0.06609616
0.56047636 0.31768173 -0.07153200
0.56476367 0.30926192 -0.07480383
0.56356895 0.31973040 -0.07460447
0.54514194 0.34201473 -0.07458851
0.54095769 0.33989260 -0.07087193
0.54032046 0.34546235 -0.06753845
0.55589998 0.33856803 -0.07474923
0.52388239 0.41412696 -0.09753487
0.55375099 0.33053100 -0.06397162
0.54104555 0.34256107 -0.07306819
0.55817103 0.33123103 -0.06954265
0.56324059 0.32325363 -0.07157440
0.55855542 0.32548526 -0.06940217
0.55764765 0.33169511 -0.06868703
0.57997918 0.30408007 -0.07618588
0.58278275 0.30186078 -0.07712805
0.52180231 0.40312403 -0.09219392
0.54812074 0.34050921 -0.07396236
0.52587461 0.39110112 -0.08660474
0.53064126 0.39193010 -0.08384541
0.53164023 0.36466688 -0.07832874
0.52352571 0.37178519 -0.07221382
0.53951204 0.34910905 -0.06912985
0.53920972 0.35037971 -0.07120018
0.53396672 0.35976672 -0.07404598
0.57824254 0.31351686 -0.08051923
0.55133748 0.33221018 -0.06268558
0.54748464 0.34045258 -0.06383660
0.54427230 0.34336492 -0.06533280
0.52340609 0.39395040 -0.08832843
0.52401763 0.39008904 -0.08702929
0.52896726 0.40840966 -0.09441421
0.51837051 0.41971210 -0.09724911
0.52692938 0.38016567 -0.07998952
0.52407283 0.37624010 -0.06994541
0.56702477 0.31937307 -0.07707479
0.55158734 0.33403450 -0.07079355
0.54700106 0.33262852 -0.06787047
0.52781391 0.40288043 -0.09065276
0.54328322 0.33919495 -0.07220306
0.52600151 0.39754188 -0.08802135
0.54804415 0.33428156 -0.06370425
0.52170461 0.37451082 -0.07469077
0.53159618 0.39880073 -0.08382008
0.56886226 0.31057808 -0.08011494
0.56644136 0.31460232 -0.07845477
0.52056026 0.37944478 -0.07697489
0.52052104 0.38535967 -0.07754640
0.56256723 0.32211718 -0.07136597
0.56515706 0.32229307 -0.07381818
0.52108723 0.39764684 -0.08705840
0.52071768 0.40097567 -0.08610781
0.57636648 0.30249152 -0.08456025
0.52250111 0.38533440 -0.07998458
0.54708534 0.33409673 -0.06136148
0.52620310 0.40873042 -0.09471752
0.52842551 0.36880434 -0.07625058
0.52243060 0.37570125 -0.07682160
0.53074414 0.40420401 -0.09238125
0.52228725 0.39875004 -0.09155979
0.57253623 0.30341884 -0.08539154
0.52323246 0.40021834 -0.09052166
0.52602196 0.37594858 -0.07783915
0.53148288 0.36881322 -0.08000480
0.54223686 0.34876040 -0.06658161
0.54298580 0.34493116 -0.06588817
0.54536366 0.34389991 -0.06522804
0.57689989 0.31326920 -0.08174339
0.52693325 0.37001207 -0.07608918
0.54059482 0.35324544 -0.07774604
0.55350143 0.33435339 -0.06685394
0.52536529 0.38466656 -0.08363040
0.55026960 0.34852251 -0.07413708
0.55154961 0.34640488 -0.07409651
0.58059174 0.29988793 -0.08596560
0.52054894 0.39558679 -0.08264074
0.52058917 0.39476758 -0.08254519
0.49332866 0.45954829 -0.13708347
0.49250928 0.45993108 -0.14382894
0.51321304 0.43511188 -0.11690872
0.50426829 0.43995008 -0.12439436
0.50089854 0.43529409 -0.11733521
0.49230683 0.45987371 -0.15163198
0.49279541 0.45998776 -0.15307079
0.51560163 0.43446159 -0.11629087
0.51765406 0.43054053 -0.11198606
0.51110530 0.42834675 -0.11038832
0.50706279 0.43662515 -0.11752672
0.50142109 0.45440623 -0.13670629
0.51049697 0.44206363 -0.12076553
0.51081795 0.44186264 -0.12054751
0.51690549 0.42706859 -0.10501724
0.50015235 0.43905160 -0.12050068
0.50086683 0.44229090 -0.12342834
0.50215459 0.43926471 -0.11904156
0.50201494 0.45727485 -0.15504731
0.50066090 0.45635086 -0.15529458
0.50514334 0.43231761 -0.11135210
0.50056750 0.45552805 -0.14302827
0.49913603 0.45220801 -0.13973267
0.50169295 0.45014733 -0.13394366
0.50373900 0.45085025 -0.13123654
0.49960813 0.44919172 -0.13658750
0.50111818 0.45513898 -0.14865838
0.50304425 0.43388316 -0.11663578
0.50168645 0.43659627 -0.12037500
0.50743979 0.44987154 -0.12621383
0.50111914 0.45405179 -0.13714215
0.49309343 0.45855397 -0.14880118
0.49650139 0.45775592 -0.15892303
0.49713576 0.44935393 -0.13564396
0.49712899 0.43956867 -0.12647541
0.49687406 0.45813602 -0.16088589
0.49397320 0.45891139 -0.13416576
0.49614644 0.45974669 -0.13960008
0.50853992 0.43421540 -0.11286269
0.50761479 0.43525803 -0.11406416
0.49857888 0.46084273 -0.14634761
0.49997011 0.46029818 -0.14943926
0.49874482 0.46414399 -0.16139606
0.50008422 0.46184507 -0.15227795
0.49996468 0.46211991 -0.15325712
0.49695399 0.46435231 -0.16637073
0.50054014 0.45793617 -0.14847594
0.49920610 0.45955002 -0.14614992
0.50625449 0.44041830 -0.12250616
0.49583569 0.46165150 -0.16207248
0.49876690 0.46283144 -0.17412657
0.49414837 0.44933525 -0.13916987
0.50800675 0.42738652 -0.10989426
0.50212318 0.46022731 -0.15561362
0.50238061 0.46211144 -0.15882422
0.49716482 0.45651335 -0.15311666
0.50758851 0.42463115 -0.10609304
0.51308817 0.42508796 -0.10604996
0.49955755 0.44405797 -0.12770177
0.49811223 0.44553584 -0.13051477
0.51362371 0.43939883 -0.11877451
0.49688306 0.45344010 -0.14526077
0.49373043 0.45069632 -0.14137334
0.50419801 0.42978022 -0.11060395
0.50531363 0.42548037 -0.10603134
0.49634236 0.45783547 -0.13420001
0.49336970 0.46166986 -0.15184729
0.49583462 0.46127632 -0.14909580
0.49627182 0.46412694 -0.15866554
0.49940690 0.44199774 -0.13405204
0.49623534 0.45246598 -0.14358115
0.49314788 0.45718303 -0.14761241
0.50044632 0.45290694 -0.13255280
0.49913585 0.45320806 -0.13143946
0.51433736 0.42915660 -0.11019079
0.50447720 0.43816820 -0.12056887
0.50752699 0.42510518 -0.10715966
0.51278180 0.42454118 -0.10530480
0.49992105 0.44741121 -0.13677467
0.50704706 0.44568536 -0.12601694
0.50245440 0.46052808 -0.16530722
0.50314945 0.46110034 -0.16490903
0.50754297 0.42934844 -0.11171223
0.50387686 0.42782819 -0.11044760
0.50379348 0.44226727 -0.12986684
0.50370312 0.44824529 -0.13173494
0.51490754 0.42936590 -0.10582078
0.49688667 0.44145995 -0.13057436
0.51172930 0.43218684 -0.10987220
0.51158243 0.43181413 -0.10980656
0.49883917 0.45803240 -0.16441600
0.35590109 0.44191977 -0.05748966
0.37835908 0.45178977 -0.05906824
0.38132292 0.44833228 -0.04407822
0.37665346 0.44642138 -0.04289875
0.38912806 0.45519042 -0.06394337
0.38241914 0.44404870 -0.05203030
0.38860780 0.44608358 -0.05487864
0.39401054 0.44630107 -0.06629259
0.39254862 0.44593239 -0.06212388
0.40088838 0.44201469 -0.06342815
0.31755081 0.46467641 -0.04604483
0.31559342 0.46439570 -0.05024366
0.43308464 0.43722504 -0.06992126
0.34191412 0.45137545 -0.06446762
0.40709788 0.45205903 -0.06624854
0.39039299 0.46161911 -0.06133607
0.41868606 0.44718981 -0.07225756
0.41511887 0.44055650 -0.07254244
0.37189114 0.45574838 -0.05828065
0.37213564 0.44391507 -0.05760534
0.30715570 0.46339679 -0.06027330
0.32647318 0.46693474 -0.05009662
0.43330687 0.43951389 -0.07156194
0.31244469 0.46107191 -0.05994908
0.38448453 0.45588920 -0.06002244
0.35650057 0.44974980 -0.05424843
0.38756430 0.43325645 -0.04682495
0.42191318 0.44297802 -0.07415362
0.33936596 0.46490285 -0.04614447
0.33960181 0.46207055 -0.04522436
0.36138257 0.45091113 -0.05565249
0.35964802 0.45126355 -0.05519586
0.38663045 0.43768543 -0.04967944
0.37799990 0.45375663 -0.04616762
0.38001198 0.45114926 -0.04519871
0.32453901 0.46525052 -0.04740699
0.40598637 0.44525313 -0.06968758
0.41715047 0.44396272 -0.07329595
0.36049569 0.45975959 -0.05467114
0.42670223 0.43420717 -0.06912293
0.31258100 0.46002570 -0.06465637
0.41645414 0.43594381 -0.07085063
0.37565008 0.45894399 -0.05233686
0.37316510 0.45920473 -0.05474508
0.33751845 0.46214253 -0.05631300
0.33948401 0.46045232 -0.05633415
0.36863312 0.43463498 -0.04507146
0.33676174 0.46770170 -0.04819629
0.42868790 0.44053662 -0.07553083
0.42182532 0.43719065 -0.07438844
0.34001672 0.46468478 -0.05499178
0.38635597 0.45338190 -0.04601401
0.37914017 0.45424959 -0.04639631
0.38579002 0.45647794 -0.04834016
0.38119301 0.45575806 -0.04785948
0.38998845 0.45680887 -0.04818587
0.43077987 0.43436193 -0.06845459
0.35044926 0.45100495 -0.05475697
0.42961454 0.43662152 -0.07102581
0.32231420 0.45443150 -0.06441130
0.34502518 0.45311260 -0.05796817
0.33197176 0.46664298 -0.05575022
0.31025133 0.45900744 -0.06046626
0.31433374 0.45705122 -0.05920066
0.32567930 0.46424779 -0.05603457
0.39841428 0.44222787 -0.06095169
0.30599612 0.45958105 -0.06459756
0.36306399 0.44329655 -0.05774969
0.36789718 0.43833670 -0.04859838
0.35350278 0.45566964 -0.05544914
0.35602030 0.45890194 -0.05416853
0.37061012 0.43539563 -0.04530786
0.34922791 0.44758189 -0.05626716
0.36778075 0.45768425 -0.05859020
0.32959595 0.46425831 -0.05697230
0.41233104 0.44075942 -0.07075767
0.32838434 0.45076111 -0.06318837
0.32142997 0.45915884 -0.06139512
0.29242301 0.45861888 -0.07519258
0.29792958 0.45365033 -0.07542048
0.31106743 0.46052429 -0.06646536
0.29753542 0.45606658 -0.07314374
0.29776469 0.45630142 -0.07285205
0.42707267 0.43844223 -0.07414640
0.42604518 0.43689349 -0.07191417
0.42222181 0.43859392 -0.07627173
0.40703276 0.43747032 -0.06294343
0.40810320 0.43739599 -0.06343727
0.40620571 0.43807140 -0.06168853
0.40503693 0.43921182 -0.06361084
0.41891605 0.43703604 -0.07211054
0.33990389 0.44686672 -0.06769792
0.34365347 0.44830754 -0.06523172
0.30995700 0.46446282 -0.05485577
0.33515897 0.46335199 -0.04464512
0.33445761 0.46393192 -0.04467633
0.30920890 0.46378043 -0.05946354
0.33643502 0.45161939 -0.06545673
0.33021110 0.44943899 -0.06531656
0.30746078 0.45385095 -0.06732927
0.30340797 0.45422518 -0.07012106
0.29479024 0.46149170 -0.07281422
0.34631565 0.46277952 -0.05339498
0.37094119 0.45956638 -0.05797662
0.36416560 0.45849827 -0.05791569
0.40949991 0.43959674 -0.06758405
0.35482857 0.45077208 -0.05311268
0.37610987 0.43826371 -0.04749827
0.41208380 0.43992847 -0.07037143
0.37616852 0.44008788 -0.05380805
0.41331807 0.44624928 -0.07199562
0.32203323 0.46305531 -0.05625718
0.38162288 0.45973647 -0.05956172
0.38303193 0.46192068 -0.05912253
0.38056448 0.45019868 -0.05878672
0.36428174 0.44262618 -0.05775083
0.36979145 0.43948922 -0.05134954
0.39374676 0.44540846 -0.06228174
0.32053784 0.45963132 -0.06164071
0.33108667 0.46854034 -0.05071625
0.35308385 0.43864381 -0.05797135
0.38351810 0.44994017 -0.05724502
0.38211271 0.44947144 -0.05787454
0.36655995 0.44236365 -0.05728030
0.40218922 0.44880238 -0.06740492
0.31905106 0.46380720 -0.05133870
0.31963319 0.46425846 -0.05181051
0.38661671 0.46021822 -0.06010704
0.36848253 0.44900081 -0.05793279
0.38919166 0.44830394 -0.05780363
0.37939835 0.45886037 -0.05953550
0.38709256 0.43197590 -0.04421420
0.39493266 0.44035998 -0.05542241
0.41805461 0.44747967 -0.07208521
0.40254104 0.43757933 -0.06171270
0.35158262 0.44383103 -0.05698868
0.34635973 0.45801646 -0.04475384
0.34914356 0.45998457 -0.04614239
0.37616140 0.44624662 -0.05743242
0.33693308 0.45165479 -0.06549502
0.34076101 0.44883692 -0.06658985
0.36277878 0.43042782 -0.04566773
0.32568040 0.46706691 -0.05293294
0.39670905 0.45564157 -0.06631014
0.31695279 0.46428487 -0.05498809
0.34690571 0.44660112 -0.05785577
0.36916700 0.43926913 -0.05257469
0.30764949 0.45134476 -0.07189196
0.35459906 0.43658713 -0.05415507
0.31329629 0.45498845 -0.06211659
0.30970654 0.45398352 -0.06558698
0.35819638 0.43273571 -0.04779807
0.33456290 0.46752164 -0.04646968
0.31528723 0.46361944 -0.05313368
0.32249445 0.46529812 -0.04551570
0.32312208 0.46607757 -0.05263933
0.38445458 0.43049261 -0.03689812
0.29770193 0.46336600 -0.07039902
0.38209990 0.44644371 -0.05366818
0.33214730 0.45357105 -0.05987983
0.39820042 0.44824529 -0.06663798
0.35826978 0.45649832 -0.05531836
0.34223562 0.46589261 -0.05080446
0.34077546 0.46640095 -0.04990185
0.31453535 0.46189862 -0.05939924
0.38490885 0.43732226 -0.04960144
0.38148478 0.43477547 -0.04096387
0.36241481 0.43867663 -0.05243690
0.37282470 0.45479804 -0.05831965
0.35704544 0.45040902 -0.04548822
0.36089307 0.45281285 -0.04500496
0.36252606 0.45480698 -0.04480869
0.30949527 0.46110487 -0.05912464
0.31261462 0.46149588 -0.05313672
0.30742148 0.46158069 -0.06603761
0.31123844 0.46004018 -0.05811413
0.32450885 0.45909268 -0.04515432
0.31605107 0.45907903 -0.05449407
0.31769913 0.45968628 -0.05121412
0.31814462 0.45748082 -0.05459732
0.38101992 0.43559301 -0.04229914
0.31571156 0.46033907 -0.04719961
0.31652731 0.46026808 -0.04943761
0.31479564 0.45095637 -0.06680319
0.31121570 0.45129910 -0.06879073
0.31155631 0.45202121 -0.06530406
0.38379422 0.43436161 -0.04337971
0.35869342 0.43592599 -0.05023696
0.36007732 0.45838660 -0.04672277
0.36257628 0.45826808 -0.04752978
0.34652203 0.43883184 -0.05875337
0.35859030 0.43774164 -0.05518810
0.35488644 0.43673187 -0.05340125
0.39172941 0.45782569 -0.06364484
0.37315130 0.44101733 -0.05627946
0.36008841 0.46043745 -0.05126265
0.36088195 0.46031773 -0.05151061
0.39027643 0.44305673 -0.05434551
0.42204016 0.43604332 -0.07165132
0.38946018 0.44853213 -0.06216298
0.36401600 0.42879790 -0.04311205
0.38265598 0.43686122 -0.04706458
0.40915138 0.44184169 -0.06849542
0.37128794 0.43103749 -0.04044495
0.37709972 0.43201596 -0.04044485
0.36806357 0.43172956 -0.03478647
0.36966980 0.43065664 -0.03839275
0.38995674 0.43634409 -0.04944306
0.37200347 0.43102056 -0.03646016
0.32568210 0.45424736 -0.06238187
0.32601553 0.45429650 -0.06212867
0.33026430 0.46087736 -0.05737007
0.38003546 0.43634379 -0.04401985
0.30795646 0.46474406 -0.06003353
0.39009291 0.45383495 -0.06597161
0.39814660 0.44482183 -0.06438436
0.33529660 0.46447575 -0.05618023
0.36333540 0.45338100 -0.05603377
0.32122579 0.46476370 -0.04502791
0.32367831 0.46597737 -0.04409222
0.31488168 0.46269810 -0.04725516
0.41623017 0.44012395 -0.07298993
0.34699789 0.44755432 -0.05742221
0.35754254 0.45837986 -0.04606519
0.36001378 0.45569271 -0.04469302
0.30845186 0.46588451 -0.05665371
0.37441251 0.43979028 -0.05199889
0.34935313 0.46343794 -0.05285894
0.37796634 0.43162435 -0.03415520
0.33130470 0.45694491 -0.05921753
0.33309385 0.45923254 -0.05798521
0.41065225 0.44370160 -0.07051030
0.35145184 0.43895310 -0.05773797
0.37166238 0.45319924 -0.04521526
0.37055004 0.44970751 -0.04404651
0.37634796 0.44935974 -0.05819446
0.34879041 0.45917842 -0.05382203
0.35292003 0.45173833 -0.04533680
0.35170519 0.45462734 -0.04475911
0.33326688 0.46506175 -0.04477299
0.36883798 0.45930979 -0.05294082
0.36474267 0.45981148 -0.05308253
0.34658358 0.46468389 -0.05077026
0.34548807 0.46475318 -0.04840084
0.40355748 0.44773296 -0.06877121
0.32932243 0.44908425 -0.06388730
0.35562232 0.46177241 -0.05248073
0.35481346 0.46135738 -0.04939787
0.34453282 0.45069462 -0.06260549
0.42138779 0.43260685 -0.06780408
0.42129025 0.43578413 -0.06465220
0.41884166 0.43609115 -0.06524090
0.41665730 0.43942884 -0.06266825
0.36537972 0.44931576 -0.05715299
0.41517466 0.43565404 -0.06988268
0.36963323 0.45710838 -0.04824099
0.37003386 0.45768455 -0.04912697
0.36965340 0.45662090 -0.04755974
0.37971789 0.45719743 -0.05033436
0.37521064 0.45820710 -0.05087854
0.38941419 0.45151919 -0.06504907
0.31961131 0.45016545 -0.06150413
0.32026839 0.45185056 -0.05938065
0.37844601 0.46041581 -0.05691999
0.37995464 0.46108091 -0.05666249
0.34444728 0.45965677 -0.05475934
0.35919288 0.44325465 -0.05723761
0.35337394 0.43386525 -0.05808247
0.50112045 0.46825951 -0.18632720
0.48672080 0.46887887 -0.17659916
0.48600793 0.47263294 -0.17376861
0.49130967 0.46993628 -0.17848396
0.46773863 0.47702283 -0.16867264
0.46698901 0.47948986 -0.16896412
0.50275433 0.46880534 -0.18879361
0.50330263 0.46848378 -0.18880431
0.45784849 0.48360413 -0.17400905
0.48132056 0.47463062 -0.17544416
0.47151071 0.47485277 -0.16962379
0.44782361 0.48425418 -0.17491469
0.44740525 0.48624206 -0.17519523
0.44849110 0.48521391 -0.17501239
0.47689879 0.47390723 -0.17108914
0.48110992 0.47208947 -0.17324707
0.49744779 0.46776840 -0.18116789
0.49530929 0.46780005 -0.18326856
0.48959062 0.46980405 -0.17376719
0.48729110 0.47076285 -0.17675459
0.49297410 0.46753979 -0.17504072
0.49419424 0.46614614 -0.17640971
0.49798808 0.46429050 -0.17720380
0.46425247 0.47641817 -0.17002511
0.46058217 0.47824895 -0.16943724
0.46169874 0.48293045 -0.17444077
0.46381631 0.48022807 -0.17364664
0.46490645 0.47826937 -0.17297265
0.49777019 0.46552384 -0.16482423
0.49980584 0.46428341 -0.16480958
0.45743465 0.48605719 -0.16830795
0.47395611 0.47475770 -0.17413811
0.46940032 0.48133379 -0.17197485
0.50346279 0.46625689 -0.18082355
0.45083866 0.48346710 -0.16919449
0.44646159 0.48477855 -0.17060204
0.44395465 0.48589748 -0.17422429
0.44730341 0.49095520 -0.17015974
0.44834936 0.49255404 -0.17128694
0.45008758 0.48759592 -0.16842121
0.46558896 0.48251772 -0.17030533
0.45922962 0.48251280 -0.16889612
0.45814046 0.48026550 -0.16874033
0.50579095 0.46373215 -0.17815346
0.50392979 0.46365741 -0.17224745
0.45564231 0.48862952 -0.16904153
0.46026754 0.48327518 -0.16873622
0.45399219 0.48545781 -0.16810699
0.46833384 0.47446531 -0.17111456
0.47940928 0.47179183 -0.17472772
0.49915385 0.46656376 -0.17230278
0.50430465 0.46212268 -0.16780390
0.50667638 0.46343309 -0.17961892
0.47341332 0.47271866 -0.17093599
0.44641450 0.48403659 -0.17240784
0.44388089 0.48523572 -0.17197520
0.48749927 0.46950185 -0.17435238
0.49367526 0.46454465 -0.17984337
0.49829522 0.46467921 -0.18539505
0.50166988 0.46090198 -0.18377988
0.45354366 0.48145744 -0.17109059
0.45510608 0.48085555 -0.17344168
0.45384681 0.48988289 -0.17289782
0.45451555 0.48854613 -0.17374687
0.46888420 0.48058158 -0.17396605
0.46515608 0.48360080 -0.17109683
0.47713044 0.47527483 -0.17151421
0.50554079 0.46270430 -0.17952919
0.50540829 0.46243605 -0.18134847
0.26630768 0.46782956 -0.09153046
0.28867847 0.47275200 -0.08117369
0.28610513 0.46610570 -0.09597822
0.28471690 0.46688521 -0.09818175
0.30122653 0.46883532 -0.08137588
0.29123944 0.46509334 -0.09024643
0.34880310 0.43065152 -0.05508574
0.37506071 0.44197926 -0.04009585
0.37332222 0.44091946 -0.03893109
0.36586484 0.43376336 -0.03730660
0.35503125 0.43232515 -0.04916914
0.27516061 0.46244347 -0.08577354
0.27162024 0.46657833 -0.08920119
0.29275191 0.47124568 -0.08982169
0.31119868 0.45224211 -0.07561886
0.31061095 0.45616770 -0.07665134
0.29846719 0.45614254 -0.08429236
0.34614360 0.43594676 -0.05059347
0.34329540 0.43674970 -0.05233313
0.27690500 0.47152877 -0.09037773
0.37569886 0.43479192 -0.03009679
0.37922487 0.43494889 -0.02983023
0.27634397 0.46261922 -0.08515143
0.28278252 0.46347889 -0.08172379
0.27962780 0.46568546 -0.08433055
0.23671797 0.48375514 -0.13165925
0.36897960 0.44739366 -0.04348230
0.36141521 0.44777220 -0.04446210
0.36001629 0.44688967 -0.04423769
0.35857180 0.44619477 -0.04409811
0.28758356 0.46907628 -0.09558859
0.28691801 0.46965772 -0.09676184
0.31170377 0.45696262 -0.07308072
0.31188685 0.45748138 -0.07445670
0.32715082 0.44723135 -0.06782437
0.29044846 0.45415372 -0.08036424
0.24151261 0.48290059 -0.12681423
0.37296775 0.43600181 -0.03338342
0.37067387 0.43942955 -0.03766714
0.37211961 0.43970317 -0.03727721
0.27785206 0.45489970 -0.09392600
0.28785262 0.46037868 -0.09504767
0.35438848 0.43289739 -0.05601110
0.29875702 0.46376038 -0.08488838
0.33570662 0.44622022 -0.06918214
0.24517955 0.47660670 -0.12338185
0.28471059 0.46731979 -0.08146425
0.28931063 0.46516857 -0.07776237
0.34297132 0.45369464 -0.04622561
0.35015088 0.45073760 -0.04601173
0.34841043 0.45133343 -0.04610096
0.30613938 0.46188521 -0.07949885
0.33210862 0.44376832 -0.05902899
0.33120498 0.44307289 -0.06102721
0.29496932 0.45718977 -0.09000769
0.28291309 0.45276538 -0.08637780
0.33620477 0.43584383 -0.06718034
0.35256824 0.44850850 -0.04618996
0.34622559 0.44604966 -0.04754236
0.25987017 0.47410956 -0.10032669
0.25832182 0.47620291 -0.10441580
0.29541481 0.47551668 -0.08062539
0.28097966 0.46823466 -0.10283347
0.27930623 0.46482190 -0.10177448
0.28100058 0.46693054 -0.10207604
0.26350656 0.47487521 -0.10526403
0.28480232 0.46863434 -0.08202581
0.33986330 0.44906923 -0.05040358
0.28356254 0.45930278 -0.10097978
0.29731432 0.47640997 -0.08368167
0.32954273 0.44552422 -0.06082189
0.28132612 0.46851328 -0.08489845
0.30378798 0.46830282 -0.08257127
0.28920919 0.45807022 -0.09466600
0.29177666 0.47465011 -0.09340994
0.28398821 0.47295082 -0.08962567
0.33913925 0.44415742 -0.06779754
0.25032502 0.47718108 -0.11932689
0.24918592 0.47822639 -0.12029773
0.33362362 0.46160027 -0.04421266
0.33176929 0.45962405 -0.04487703
0.29401061 0.47033638 -0.08899619
0.33506349 0.43757835 -0.06839895
0.29986256 0.47042474 -0.08216705
0.33910301 0.43584192 -0.06472282
0.34199575 0.43376052 -0.05834170
0.32509610 0.45601675 -0.04998562
0.32789129 0.45504719 -0.05021765
0.33200601 0.45465225 -0.04825464
0.33261690 0.45443103 -0.04832616
0.33569691 0.44426003 -0.07031406
0.30718154 0.46336842 -0.07122378
0.32208622 0.44809672 -0.06563911
0.32609606 0.44536334 -0.07164042
0.32765973 0.44346550 -0.07046390
0.34338462 0.44995379 -0.04833149
0.35338980 0.44919088 -0.04609293
0.28110871 0.45591888 -0.08427200
0.28053626 0.45636082 -0.08436050
0.34726211 0.43324482 -0.05666953
0.29729566 0.46538880 -0.08649334
0.25275657 0.47285506 -0.10067414
0.28782472 0.47311676 -0.09565859
0.27583671 0.45733461 -0.08771612
0.28456753 0.47266456 -0.08596466
0.29121312 0.47410470 -0.08298876
0.30155006 0.46994135 -0.07535791
0.30132806 0.46627054 -0.06729633
0.34376147 0.45502737 -0.04568131
0.34553826 0.45753112 -0.04454520
0.33276471 0.45776221 -0.04556333
0.33161950 0.45899865 -0.04510786
0.33288339 0.45517468 -0.04653222
0.32420072 0.45381707 -0.05499780
0.25332403 0.47411114 -0.11746027
0.25584042 0.47100079 -0.11315114
0.28963238 0.46072710 -0.09338594
0.29837266 0.47024810 -0.07181890
0.30993009 0.46060961 -0.07535744
0.28853634 0.45525399 -0.09398156
0.29054922 0.45812747 -0.09511219
0.29261267 0.47321960 -0.09127253
0.28023919 0.46987179 -0.10134643
0.27967632 0.47012636 -0.10114786
0.29771259 0.46396556 -0.07011440
0.35053772 0.43541920 -0.04627383
0.35676834 0.43110397 -0.03854984
0.35572070 0.43648010 -0.04364647
0.27100012 0.47210911 -0.09435653
0.27167732 0.47032502 -0.09149884
0.35507429 0.42971879 -0.04494879
0.24542294 0.48111087 -0.11988293
0.27449951 0.46970943 -0.10546028
0.30247456 0.47146553 -0.08468562
0.27551258 0.47119629 -0.09064538
0.25573462 0.47744197 -0.10906588
0.25206044 0.47868294 -0.11095994
0.34243765 0.44510719 -0.04966013
0.30550107 0.46466553 -0.07273706
0.35152236 0.43832812 -0.04609264
0.34916624 0.43662450 -0.04757825
0.35373789 0.44039103 -0.04458512
0.34134534 0.43459722 -0.05737121
0.34299543 0.43420970 -0.05652903
0.31239790 0.45074773 -0.07132650
0.29888797 0.47447407 -0.07795654
0.32350764 0.45033643 -0.06917559
0.32114404 0.45117253 -0.07122720
0.29292285 0.47464734 -0.08200418
0.24294996 0.47717157 -0.12373058
0.24714263 0.47528556 -0.12092530
0.37939054 0.43768671 -0.03019958
0.37802529 0.43829888 -0.03224988
0.32414013 0.45077369 -0.06619394
0.26832035 0.47256514 -0.10411549
0.26927280 0.47163060 -0.10616881
0.29089746 0.46126896 -0.07582174
0.24917984 0.47495195 -0.11077165
0.29614860 0.46919969 -0.08871216
0.29900822 0.47204244 -0.08245467
0.28885138 0.45393157 -0.08884580
0.27778247 0.45990908 -0.08383538
0.28665113 0.45830742 -0.07928582
0.34568408 0.43380433 -0.05439561
0.29249340 0.45570803 -0.07778849
0.29372525 0.45458072 -0.07795492
0.27558804 0.47247145 -0.09568135
0.36500803 0.43058798 -0.03793341
0.28004181 0.45746902 -0.10153415
0.27917522 0.45938033 -0.10181595
0.30763096 0.45963097 -0.07841948
0.25217947 0.47415447 -0.10267791
0.31613094 0.45565873 -0.06695259
0.29048312 0.45867527 -0.09351105
0.31177682 0.45963970 -0.07318348
0.30192190 0.46856558 -0.06639935
0.33734119 0.44162735 -0.06966779
0.29776496 0.45486173 -0.08154317
0.33496484 0.45122707 -0.05112742
0.25909811 0.47277775 -0.09787002
0.35659197 0.42935178 -0.04382996
0.29455897 0.47350922 -0.08979315
0.34915254 0.43366060 -0.05773954
0.25789449 0.47447056 -0.10103793
0.25678733 0.47417188 -0.10041331
0.36022469 0.43237734 -0.03852264
0.30660781 0.45662200 -0.07900330
0.27460685 0.46367544 -0.10506132
0.31737879 0.45362282 -0.07003944
0.29441655 0.45747620 -0.09178274
0.30338514 0.46627122 -0.07621707
0.35177323 0.43101159 -0.05138383
0.33321816 0.44687119 -0.05441219
0.28645951 0.45489922 -0.09272286
0.29338616 0.45232928 -0.08556170
0.33049905 0.43965989 -0.06728589
0.33114338 0.44112197 -0.06357428
0.30336785 0.46579516 -0.08169667
0.32304406 0.45119014 -0.05787067
0.32771277 0.44888121 -0.05642438
0.29161325 0.46390384 -0.09147965
0.28968287 0.46493015 -0.09157000
0.36868551 0.44211158 -0.04136390
0.37211820 0.44160014 -0.04091079
0.34216362 0.43912926 -0.06358548
0.29632714 0.46395960 -0.07150624
0.25152197 0.47800323 -0.10880943
0.25352937 0.47752413 -0.10756001
0.35175592 0.44366899 -0.04526495
0.35295570 0.44451162 -0.04509818
0.25537300 0.47047552 -0.11166887
0.25401342 0.47157827 -0.11368044
0.24003626 0.48008332 -0.12686273
0.34423193 0.44353774 -0.04883335
0.34330347 0.43946663 -0.05041358
0.34563121 0.43839878 -0.04923491
0.29489887 0.47615448 -0.09043162
0.32146886 0.44745198 -0.07047758
0.31941158 0.44880483 -0.06916869
0.29927081 0.47013649 -0.08002984
0.29190031 0.45811585 -0.09418543
0.28208250 0.45506653 -0.09728544
0.34509915 0.43996203 -0.06117639
0.28187317 0.46914774 -0.10207611
0.25824416 0.47388282 -0.11300174
0.25695381 0.47508863 -0.11354746
0.30457786 0.46560907 -0.08031341
0.31684196 0.45737720 -0.06597438
0.30424464 0.46515414 -0.06827890
0.29290086 0.46970147 -0.07593796
0.24531074 0.48026824 -0.11724323
0.24090517 0.48071882 -0.12318271
0.28840113 0.47413245 -0.08768856
0.32790971 0.44201213 -0.06931641
0.32781824 0.44387382 -0.06651418
0.24999857 0.47932681 -0.11454249
0.29153806 0.45326558 -0.08818470
0.30370206 0.46819672 -0.06381136
0.27936488 0.45451960 -0.09424926
0.34262359 0.43688253 -0.06168877
0.30382979 0.46608418 -0.06615271
0.32640815 0.44739717 -0.05985399
0.24569038 0.47599530 -0.11775460
0.33741537 0.43868482 -0.05627355
0.33681488 0.44193181 -0.05458782
0.33709687 0.44170523 -0.05448748
0.26908287 0.46415275 -0.10706025
0.27427730 0.45674038 -0.09255096
0.31801912 0.45324653 -0.07284159
0.28086770 0.47259519 -0.09117630
0.23960544 0.48439682 -0.13336913
0.28953090 0.47064161 -0.09409114
0.28949612 0.47183815 -0.09480199
0.27605936 0.47198543 -0.09926359
0.27034336 0.47310749 -0.09919653
0.26360288 0.47275043 -0.09726136
0.26178607 0.47198927 -0.09629676
0.33539611 0.43665153 -0.06071597
0.33581248 0.43404216 -0.06281332
0.45276690 0.43419972 -0.06903792
0.44681233 0.43869787 -0.06828960
0.45065066 0.44080600 -0.06854247
0.43764517 0.46559405 -0.06235620
0.43610480 0.46535814 -0.06056805
0.45471123 0.43585095 -0.06881503
0.43725649 0.43444228 -0.07200504
0.45992213 0.44096479 -0.07339310
0.46041721 0.44662461 -0.08007286
0.45345148 0.43867600 -0.06805234
0.45300815 0.43947774 -0.06821659
0.45061243 0.44632882 -0.07129692
0.45506850 0.44560078 -0.07512777
0.45577148 0.44775701 -0.07715442
0.44545490 0.45998377 -0.07167345
0.45325083 0.46191627 -0.07606920
0.43645072 0.45569116 -0.06129314
0.43751201 0.45257327 -0.06323007
0.43765152 0.44997129 -0.06424040
0.44114900 0.45944676 -0.06739894
0.43852049 0.45844573 -0.06421912
0.45645788 0.44520470 -0.07605250
0.45187497 0.44180167 -0.06964009
0.45746338 0.44185558 -0.07436151
0.46313056 0.43404299 -0.06594462
0.44634175 0.46534452 -0.07036357
0.44915017 0.46434343 -0.07276326
0.44311619 0.45348209 -0.06761716
0.44221148 0.45790341 -0.06804120
0.43708611 0.45654824 -0.06205416
0.43397251 0.45932326 -0.05853570
0.43469343 0.45834333 -0.06001553
0.45184061 0.43286073 -0.07502013
0.43286678 0.42983305 -0.06725946
0.45741343 0.43666789 -0.07139051
0.44122404 0.43847257 -0.07408144
0.43976489 0.43623495 -0.07306933
0.44689274 0.44084319 -0.07327597
0.45739105 0.44198981 -0.06990303
0.44953531 0.43490160 -0.07564881
0.45629260 0.44857240 -0.07812203
0.45043254 0.45288405 -0.07379051
0.45593199 0.45341524 -0.07794821
0.45574951 0.43842646 -0.07162088
0.45141315 0.44579104 -0.07065015
0.45501924 0.44193009 -0.07035201
0.44419739 0.43653515 -0.07663897
0.45671916 0.43934065 -0.06949228
0.46115273 0.43813971 -0.07104523
0.44279331 0.46130508 -0.06954491
0.44105014 0.46598876 -0.06638993
0.43127832 0.43371028 -0.06870346
0.42358661 0.43753850 -0.06399705
0.42008302 0.43834153 -0.06301787
0.42996538 0.43457419 -0.06611595
0.44949427 0.44075400 -0.07188321
0.44019333 0.43269515 -0.07343269
0.45837688 0.43501696 -0.06862859
0.45132723 0.43059757 -0.07517758
0.43684939 0.42638543 -0.06770435
0.43731937 0.43393618 -0.06779481
0.45917442 0.43563950 -0.06782850
0.44629961 0.42937872 -0.07553399
0.45145068 0.43046650 -0.07207502
0.45074528 0.44543347 -0.06993338
0.44593540 0.42667046 -0.06981251
0.44479573 0.44485417 -0.06675107
0.44627938 0.44978556 -0.06979816
0.44412103 0.44741642 -0.06753787
0.44690496 0.44653556 -0.06867334
0.45141554 0.45640022 -0.07493639
0.44526803 0.45813301 -0.07121684
0.45879641 0.44316685 -0.07076488
0.45447090 0.44887206 -0.07634409
0.44311720 0.42636272 -0.06966477
0.44493619 0.42681208 -0.06825900
0.43832716 0.43947366 -0.06646234
0.44078410 0.43977863 -0.06689481
0.43785954 0.43483010 -0.06780534
0.44309750 0.44197053 -0.06665811
0.44751510 0.44163007 -0.06773917
0.43497494 0.44266668 -0.06464119
0.45652300 0.44435439 -0.07081500
0.43113685 0.42944643 -0.06741817
0.44327697 0.43333286 -0.06741777
0.44788641 0.42800194 -0.06915845
0.43565682 0.42783451 -0.07081280
0.43995422 0.42711484 -0.07118960
0.43227470 0.43662894 -0.06610113
0.43047917 0.43872824 -0.06507476
0.43054944 0.43865475 -0.06511220
0.43364647 0.48872969 -0.17194994
0.43785611 0.48701644 -0.17036852
0.43631139 0.49723515 -0.17672634
0.40750292 0.50988346 -0.18423443
0.40736863 0.50805670 -0.18008567
0.40020475 0.51214367 -0.19791132
0.41674355 0.49449649 -0.18180408
0.40571225 0.50828874 -0.18095531
0.40942797 0.50624961 -0.18042372
0.39276069 0.51665789 -0.19424188
0.40840742 0.50281399 -0.18453728
0.40892580 0.50083601 -0.18565722
0.39269686 0.51583201 -0.19077966
0.40770048 0.50185436 -0.18681708
0.40044218 0.51019603 -0.18976378
0.40506205 0.50619221 -0.18644668
0.41167191 0.50102133 -0.18215731
0.42042977 0.49794474 -0.18638332
0.41678005 0.49969792 -0.18895027
0.42444599 0.49191621 -0.18116286
0.41710010 0.50883842 -0.18161914
0.41468176 0.50848985 -0.17962748
0.43466917 0.49755317 -0.17682636
0.42724678 0.49199021 -0.18044984
0.40147492 0.50953400 -0.19048698
0.43384850 0.49416408 -0.17906407
0.42376891 0.49462619 -0.18356204
0.43459618 0.49449539 -0.17880154
0.42343089 0.48873004 -0.17694719
0.42568463 0.48990199 -0.17550991
0.39594695 0.51529121 -0.19453780
0.41537672 0.49547097 -0.18449759
0.41395038 0.50485545 -0.18828996
0.39811933 0.51292586 -0.18886532
0.39716443 0.51346362 -0.18622364
0.42750353 0.50006998 -0.18041772
0.43755737 0.49676955 -0.17790049
0.41194338 0.50525701 -0.17949262
0.41420087 0.50385886 -0.17914049
0.42008927 0.50234085 -0.18582797
0.40168357 0.51132691 -0.19396967
0.41105494 0.50628078 -0.18998991
0.43153101 0.48938170 -0.17521258
0.42523375 0.49641430 -0.18338872
0.41749662 0.49453217 -0.18014963
0.43705434 0.49237621 -0.17130177
0.43565118 0.49509037 -0.17125583
0.43506667 0.48741835 -0.16786440
0.43306494 0.49879062 -0.17262723
0.40727350 0.50960135 -0.19274004
0.42216703 0.50511092 -0.17838639
0.40418679 0.51136702 -0.18114075
0.41490564 0.50069714 -0.19019218
0.41379300 0.50178194 -0.19117936
0.43455768 0.49768683 -0.17546786
0.39952308 0.51160997 -0.19543029
0.41462770 0.50157315 -0.18040413
0.41613621 0.50187480 -0.17959298
0.44820935 0.49046174 -0.17457440
0.45159981 0.48938185 -0.17422286
0.45309734 0.48889166 -0.17407538
0.40358624 0.50944799 -0.19658205
0.42378068 0.50155473 -0.18045689
0.43287036 0.49760258 -0.18020117
0.40755787 0.50812471 -0.19474037
0.44241533 0.49336532 -0.17081256
0.42296138 0.50074732 -0.18475622
0.44344369 0.49559572 -0.17374471
0.42435476 0.50042647 -0.18354382
0.41159749 0.51034606 -0.18430974
0.40860075 0.50656384 -0.18709402
0.42061418 0.50274539 -0.17715499
0.41422081 0.50495052 -0.17847142
0.39948541 0.51127124 -0.19443503
0.43588555 0.49021921 -0.17060277
0.41111022 0.49939647 -0.18985932
0.41798848 0.50476944 -0.18398756
0.43983760 0.48700523 -0.17288095
0.43948120 0.49014413 -0.17502619
0.39932743 0.51126814 -0.18553716
0.39982551 0.51076949 -0.18793610
0.40258649 0.50925118 -0.18726332
0.40338784 0.50732136 -0.18988413
0.40497142 0.50533295 -0.18863264
0.42706621 0.49340859 -0.17456290
0.41824710 0.50766361 -0.18114567
0.40770859 0.51111656 -0.18361029
0.39944747 0.51205939 -0.19216987
0.39862165 0.51275432 -0.19269319
0.42511323 0.49517947 -0.17517623
0.43361160 0.49498180 -0.17210282
0.42958376 0.49794218 -0.17334074
0.40875232 0.50634676 -0.18980476
0.36309928 0.53830296 -0.21170998
0.35347882 0.54543877 -0.21580979
0.38133153 0.53674710 -0.20933965
0.34898332 0.55679721 -0.22482295
0.34926087 0.55642271 -0.22441721
0.34843349 0.55970889 -0.22973405
0.34959555 0.55111378 -0.21561012
0.35722288 0.54436678 -0.21249057
0.50337589 0.46874294 -0.21019205
0.50417078 0.46912199 -0.21431606
0.50371951 0.46893719 -0.21170972
0.39445296 0.52315140 -0.20359200
0.50389147 0.46799496 -0.20893922
0.50982386 0.46582577 -0.21606594
0.39462519 0.52636796 -0.20560293
0.50893140 0.46708694 -0.22005078
0.50979495 0.46670610 -0.22083628
0.50326264 0.46832699 -0.20877446
0.50801128 0.46432087 -0.20582840
0.36753961 0.53256428 -0.20632444
0.39674923 0.51723123 -0.19907424
0.35882795 0.54890609 -0.21201177
0.36202908 0.54766536 -0.21538523
0.35556817 0.55168456 -0.21824747
0.36146513 0.54817176 -0.21662810
0.36388355 0.53641784 -0.21426184
0.36908004 0.54284745 -0.20511296
0.36321321 0.54602635 -0.20804408
0.36765045 0.54008365 -0.20588677
0.37149468 0.53929210 -0.20418918
0.36817741 0.53332824 -0.20592020
0.37145856 0.53151828 -0.20408036
0.37614661 0.53415960 -0.20193896
0.37984785 0.53947771 -0.20819089
0.37378830 0.52802509 -0.20363469
0.36046907 0.54101282 -0.21673808
0.50409788 0.46921211 -0.20706555
0.36433017 0.53544116 -0.21139953
0.37452051 0.53696555 -0.20265086
0.37157661 0.53594434 -0.20409791
0.49975309 0.46654367 -0.19391048
0.49926549 0.46652773 -0.18931638
0.36922759 0.52996796 -0.21106321
0.39283213 0.53274614 -0.20368980
0.50981337 0.47449917 -0.22670269
0.38462985 0.52830791 -0.20095125
0.38883767 0.52897376 -0.20277956
0.38629475 0.53321564 -0.20457959
0.37525594 0.54057193 -0.20604053
0.37648514 0.53978312 -0.20415509
0.50476480 0.46996489 -0.21220672
0.50548208 0.47047096 -0.21314655
0.36320743 0.54003358 -0.21723126
0.36305022 0.54042929 -0.21737967
0.34465939 0.56059670 -0.23299359
0.34272838 0.56041044 -0.22876230
0.34442869 0.55990225 -0.23281229
0.34543839 0.55669409 -0.22118726
0.34789920 0.55400383 -0.21901876
0.35157347 0.55377263 -0.22123092
0.35787272 0.54852825 -0.21006338
0.35017219 0.55389744 -0.22093089
0.34915170 0.54869616 -0.21774507
0.39509261 0.52050769 -0.20336837
0.37909797 0.53794450 -0.20385017
0.36173797 0.54454225 -0.20889057
0.50392997 0.46501207 -0.20059471
0.50185966 0.46432832 -0.19292237
0.50207376 0.46546906 -0.19701429
0.50421721 0.46998680 -0.19947039
0.37917545 0.53628838 -0.21090324
0.38322815 0.53488463 -0.20387025
0.35608184 0.54469603 -0.21347828
0.35798058 0.54242432 -0.21560009
0.37040967 0.53174895 -0.21270624
0.36598003 0.53695846 -0.21544829
0.48493111 0.44406179 -0.07545263
0.46615243 0.44937652 -0.08296891
0.46325958 0.44952115 -0.08227476
0.48147902 0.43761376 -0.08565737
0.48341188 0.44002160 -0.09056371
0.48765671 0.42989367 -0.05010528
0.47432292 0.44194487 -0.06371184
0.48793668 0.42539579 -0.05173801
0.48553106 0.42713243 -0.05487104
0.46231624 0.44119018 -0.07770591
0.47456396 0.44265771 -0.05951098
0.47533786 0.44266108 -0.06393398
0.47310475 0.44242236 -0.06938370
0.47469813 0.44237494 -0.06737083
0.48504689 0.43601966 -0.05648138
0.46854916 0.44417143 -0.07688124
0.47335702 0.44127062 -0.05996929
0.47853646 0.44427356 -0.05749275
0.48453602 0.43024880 -0.06013740
0.48468119 0.43104577 -0.06779606
0.48022112 0.44750339 -0.07125459
0.49502334 0.41266149 -0.03464374
0.49156451 0.42090511 -0.04571651
0.49445939 0.42624825 -0.03830561
0.49331445 0.42955518 -0.04052037
0.49452296 0.42522067 -0.04239151
0.47965717 0.43940830 -0.08752320
0.48118481 0.43872985 -0.08764972
0.48456460 0.43701503 -0.05819024
0.48464003 0.42962036 -0.05734114
0.47240454 0.44755661 -0.07540561
0.47257945 0.44354779 -0.07125963
0.48421121 0.42786917 -0.05874371
0.48458427 0.43666124 -0.05820772
0.48478436 0.43116441 -0.05704268
0.48732558 0.42074516 -0.03990667
0.48500007 0.41902766 -0.04105052
0.48786524 0.41841874 -0.03724901
0.46660268 0.43483993 -0.06443107
0.47600055 0.43977216 -0.08186783
0.49394563 0.42392963 -0.04256840
0.47538227 0.44168794 -0.06100659
0.49275190 0.42571330 -0.04692910
0.48571184 0.43510237 -0.07680490
0.48996568 0.43218470 -0.04436630
0.47230628 0.43303016 -0.06759926
0.47244433 0.43237388 -0.06738964
0.48488101 0.43214092 -0.06049189
0.48584464 0.43731552 -0.06938303
0.48597455 0.43481421 -0.06995457
0.46720785 0.44965342 -0.08246895
0.48270804 0.41651660 -0.04462149
0.48453352 0.41542146 -0.04429905
0.48981640 0.43211332 -0.04352267
0.47215584 0.42660996 -0.06060844
0.48489887 0.43588752 -0.06148577
0.48455739 0.43589574 -0.05880541
0.49425060 0.41716433 -0.03298684
0.48118535 0.42860013 -0.06516241
0.47048169 0.44478643 -0.08453300
0.49182084 0.42297912 -0.03602547
0.49315834 0.42953935 -0.03918971
0.47472060 0.41228047 -0.04229084
0.47544932 0.41556883 -0.04773136
0.47182557 0.41469824 -0.04774034
0.47383112 0.41425890 -0.04612507
0.48652679 0.41964108 -0.04881117
0.47194275 0.43356386 -0.06383173
0.47394547 0.43895710 -0.06375786
0.47100866 0.43074721 -0.06337245
0.47319970 0.42866540 -0.06246499
0.46307924 0.43856767 -0.07285848
0.46586832 0.43230170 -0.06239910
0.46568349 0.43503514 -0.06586244
0.48013416 0.41459209 -0.04371240
0.47843105 0.41815349 -0.05021334
0.47560149 0.42009923 -0.05507505
0.47614971 0.42142439 -0.05773764
0.48035419 0.42985865 -0.06141564
0.48330984 0.42735806 -0.06035245
0.46708256 0.43756393 -0.06955840
0.47059500 0.44275221 -0.07425521
0.47106794 0.44285643 -0.07410441
0.47843197 0.43156248 -0.07302435
0.47946301 0.43209794 -0.07370366
0.48355302 0.44482952 -0.07376292
0.47042131 0.44265449 -0.05498422
0.47200423 0.43715686 -0.07083270
0.47044116 0.44075990 -0.05706621
0.48352176 0.43151891 -0.06382550
0.46990448 0.42940572 -0.05966149
0.48118609 0.42389929 -0.05406982
0.47684762 0.44274202 -0.09039845
0.48119739 0.42263746 -0.05258125
0.47954822 0.42623472 -0.05896998
0.48066974 0.43149519 -0.07155451
0.47291282 0.42265323 -0.05431249
0.49385804 0.41511759 -0.03878993
0.48758826 0.41660982 -0.04534777
0.48847762 0.42109680 -0.04839176
0.47163615 0.41479126 -0.04781594
0.46972421 0.41945910 -0.05208873
0.48338869 0.43202657 -0.06411900
0.47898576 0.43380988 -0.06405620
0.47901931 0.42437848 -0.05908506
0.48521322 0.43837464 -0.06458991
0.48478791 0.43982887 -0.06635908
0.47775489 0.42282489 -0.05272654
0.48393893 0.43998405 -0.06059924
0.47595158 0.44373316 -0.05675957
0.48269430 0.44085220 -0.05889741
0.46388179 0.43887827 -0.07355170
0.48483354 0.43396309 -0.06326519
0.48528427 0.43667969 -0.06130462
0.47492033 0.43436942 -0.07508819
0.47538397 0.43459800 -0.07595421
0.47186127 0.42669299 -0.06209809
0.46965405 0.42458287 -0.05812836
0.47041515 0.42610377 -0.06044719
0.48855925 0.42725956 -0.05258790
0.48805967 0.42810622 -0.05357374
0.47842669 0.44750261 -0.06853188
0.47019058 0.45289129 -0.08607293
0.47364160 0.45285574 -0.08658756
0.46367833 0.43611225 -0.06848607
0.46093053 0.43521145 -0.07021395
0.47624874 0.45000231 -0.08045078
0.47346321 0.42648351 -0.06269046
0.49201119 0.42936483 -0.04269338
0.48599568 0.43513677 -0.05550243
0.49670222 0.41619229 -0.03458261
0.47348800 0.43899065 -0.07667251
0.47678417 0.44328427 -0.06363754
0.47924533 0.44406763 -0.05774292
0.48901090 0.42179543 -0.03742351
0.47747836 0.44889340 -0.07108168
0.47851491 0.44913304 -0.07703269
0.46926385 0.43907750 -0.06798856
0.46522644 0.43776330 -0.07008056
0.47200611 0.44385603 -0.08003889
0.49440816 0.41873971 -0.03762393
0.48574236 0.43453163 -0.04857204
0.48319951 0.44343659 -0.06291125
0.48615611 0.43557873 -0.05943519
0.48597196 0.43028766 -0.05737958
0.48604676 0.43048900 -0.05995620
0.46975091 0.44632724 -0.07762611
0.48116565 0.42062882 -0.04925268
0.48493364 0.42853200 -0.05775552
0.48187530 0.42472118 -0.05612669
0.48469758 0.42848891 -0.05894509
0.48384938 0.44215015 -0.05879586
0.47784913 0.42586982 -0.05972539
0.48293379 0.42115551 -0.04679320
0.48458537 0.42423704 -0.04627943
0.48400566 0.42338425 -0.04678685
0.48131341 0.42012504 -0.05014566
0.48269480 0.42375323 -0.05121787
0.46894896 0.42880997 -0.06209607
0.46777621 0.42751458 -0.05968343
0.48904610 0.42645821 -0.03962956
0.47613704 0.42759073 -0.06500296
0.48218510 0.43419328 -0.07690140
0.48339188 0.43461245 -0.07710284
0.47721577 0.44490018 -0.06729321
0.47191492 0.43503761 -0.06846251
0.47395924 0.43129459 -0.07051106
0.47693411 0.44212756 -0.08660383
0.47765145 0.44259840 -0.08884178
0.48613030 0.43919781 -0.07420922
0.47741312 0.44217014 -0.06185486
0.46939898 0.44076344 -0.07788837
0.47284290 0.45250243 -0.10247124
0.47049090 0.45075288 -0.09767845
0.48353416 0.46076095 -0.09395252
0.48566797 0.45782208 -0.11605874
0.49059227 0.44785306 -0.11627966
0.49058402 0.44733623 -0.11494529
0.49430594 0.45259371 -0.13081196
0.47409573 0.45487350 -0.09944114
0.47376680 0.45428184 -0.10085749
0.49906808 0.44967347 -0.13107690
0.48592216 0.44692263 -0.08754528
0.48634040 0.44634861 -0.08719531
0.48669010 0.43882886 -0.07915534
0.48683020 0.44495493 -0.08443211
0.48702148 0.44297165 -0.09021086
0.48489285 0.43906599 -0.08702287
0.46905342 0.44843009 -0.09389362
0.47023419 0.44612706 -0.09419689
0.46583933 0.44008636 -0.08353674
0.46354231 0.43960884 -0.07997933
0.46140504 0.44221866 -0.07745009
0.46845752 0.43729427 -0.08837353
0.46379665 0.44829983 -0.08638875
0.46580371 0.44470495 -0.08597637
0.46942994 0.43667084 -0.09350602
0.46970680 0.43979642 -0.09114511
0.49734908 0.45099178 -0.13395730
0.48194897 0.45904225 -0.09912071
0.48094174 0.44169912 -0.10558137
0.49064440 0.44690773 -0.10838520
0.48971015 0.44477132 -0.10502113
0.48000196 0.46185535 -0.09395651
0.48870790 0.45914426 -0.10424522
0.46980652 0.44332153 -0.09167168
0.46735325 0.44473958 -0.08852965
0.47503629 0.43935034 -0.10078563
0.48306695 0.45817068 -0.10468932
0.48076835 0.45798421 -0.10344965
0.48799014 0.45858687 -0.11181494
0.48052311 0.46074307 -0.09474785
0.46112245 0.44741642 -0.08188570
0.46972784 0.44239101 -0.08284694
0.47004044 0.44204891 -0.08634578
0.46762028 0.46329066 -0.08461112
0.48521292 0.45986688 -0.09440047
0.48389733 0.43951058 -0.09797423
0.48679790 0.44107494 -0.09980389
0.49004853 0.44847000 -0.09831668
0.48847637 0.45134005 -0.09964950
0.48593304 0.45072919 -0.12012174
0.48009530 0.44012079 -0.09427837
0.47895798 0.43987629 -0.09457371
0.47489002 0.43621415 -0.09664092
0.48674744 0.45450023 -0.12797517
0.49044096 0.45826852 -0.10429741
0.46757740 0.43488714 -0.08633170
0.47152120 0.43667269 -0.08809807
0.46198976 0.43647787 -0.07738452
0.47873515 0.45811519 -0.09270779
0.47001785 0.45502892 -0.08699353
0.48643348 0.45315656 -0.09804767
0.48878711 0.45444840 -0.09899119
0.47731426 0.45579952 -0.10429146
0.45749325 0.46364513 -0.07878777
0.46725261 0.46279472 -0.08447514
0.46034890 0.46599776 -0.08019888
0.47390410 0.45769039 -0.08897629
0.49038255 0.45861197 -0.12796830
0.48727435 0.45794728 -0.11919007
0.48879662 0.45851415 -0.12114377
0.47793591 0.46095359 -0.09285010
0.48145065 0.45784390 -0.09376763
0.46826172 0.45787850 -0.08604835
0.46939892 0.45915064 -0.08620556
0.48392588 0.45340407 -0.09300290
0.48478401 0.45278600 -0.09455810
0.48086345 0.45593476 -0.11463465
0.49561414 0.45023337 -0.12695841
0.49666959 0.45211956 -0.12839888
0.47377524 0.44528127 -0.09941912
0.48072883 0.44348049 -0.10703127
0.48857349 0.44708195 -0.11418448
0.48602492 0.44581437 -0.11237067
0.48926479 0.45021003 -0.12175460
0.48343411 0.45059085 -0.11650380
0.47978440 0.44861192 -0.10863981
0.47346523 0.44688672 -0.09956338
0.47786498 0.44820940 -0.10585798
0.49142668 0.45883834 -0.12733315
0.48135787 0.44620687 -0.10884520
0.48321533 0.44620305 -0.11152096
0.48596033 0.45837888 -0.11345395
0.49333686 0.45171842 -0.12745887
0.47310758 0.44334689 -0.09873785
0.45982221 0.46210688 -0.08040715
0.45518991 0.46070087 -0.07733137
0.48504525 0.45644462 -0.09381931
0.48643470 0.45647091 -0.12644483
0.48444182 0.45495975 -0.12491474
0.46611437 0.43803048 -0.07730107
0.49462625 0.45706055 -0.12838253
0.45304060 0.46469164 -0.07318880
0.46255469 0.46544248 -0.08154043
0.49162525 0.44904336 -0.10884432
0.49283656 0.45127326 -0.10712105
0.49604592 0.45510662 -0.12775764
0.49588260 0.45337653 -0.12821606
0.49302199 0.45806816 -0.12364764
0.49422619 0.45697960 -0.12263294
0.49171773 0.45465907 -0.10582634
0.46139354 0.45859423 -0.08202420
0.45940977 0.45830286 -0.08050830
0.45700273 0.45420173 -0.07885407
0.46373406 0.45238540 -0.08466550
0.47968829 0.45450068 -0.11619139
0.47781172 0.45291233 -0.11087964
0.46700096 0.44821084 -0.09043746
0.49287578 0.45319238 -0.10863482
0.49320742 0.45447740 -0.11089605
0.49160051 0.45898107 -0.13968101
0.49175069 0.45792136 -0.13536380
0.48927352 0.45398560 -0.10130987
0.48928028 0.44622967 -0.09514979
0.48905885 0.44503874 -0.09724311
0.48912594 0.44421682 -0.10038510
0.49402082 0.45146769 -0.12414469
0.49223852 0.45116547 -0.10446145
0.47634643 0.45798317 -0.09212633
0.48784193 0.44427180 -0.09301151
0.49259335 0.45321175 -0.13396303
0.49199101 0.45246050 -0.13865279
0.49131119 0.45453954 -0.14143084
0.49114507 0.45481896 -0.14034386
0.49352604 0.45615429 -0.11514262
0.49037436 0.45832318 -0.11228657
0.50197101 0.44763017 -0.13031846
0.49823791 0.44825393 -0.12936538
0.48946545 0.45785919 -0.09930775
0.48379415 0.44256860 -0.10671249
0.48392195 0.44014356 -0.10233179
0.46092540 0.46093825 -0.07947515
0.46302831 0.45810413 -0.08229278
0.48794219 0.44514138 -0.11077513
0.48518488 0.44337180 -0.10782734
0.48109311 0.45131326 -0.08505225
0.48184296 0.45410731 -0.08880211
0.47171697 0.45365381 -0.09726518
0.47650921 0.45275095 -0.08655788
0.47694820 0.45286950 -0.08663978
0.46560505 0.45915049 -0.08381825
0.48368105 0.44954273 -0.08832292
0.48427647 0.44601896 -0.07998498
0.47397074 0.45851532 -0.09296241
0.47236514 0.45710707 -0.09301408
0.47281632 0.45572534 -0.09517328
0.47098404 0.45592159 -0.09274232
0.47767717 0.45922205 -0.09582473
0.46448001 0.45025975 -0.08874267
0.46372259 0.45561832 -0.08433498
0.46835595 0.45256090 -0.09269428
0.46931523 0.43531793 -0.08837164
0.47261459 0.43642625 -0.09315639
0.47262010 0.43890250 -0.08915576
0.48957178 0.45347711 -0.13027337
0.47591078 0.46124628 -0.09050189
0.47220659 0.44039217 -0.08896234
0.48460144 0.45052201 -0.09159543
