0.44302723 -0.06489149 0.07402051
0.46000403 -0.06070736 0.09841657
0.44292426 -0.06517272 0.07437767
0.45703873 -0.06092091 0.10177933
0.43921840 -0.06535307 0.05782647
0.44769105 -0.06410265 0.10467657
0.44675115 -0.06544995 0.10088801
0.45706227 -0.06288697 0.08953409
0.45835099 -0.06170655 0.09326120
0.46737641 -0.05596646 0.11147546
0.46451733 -0.05682494 0.10969994
0.45156103 -0.05921480 0.08954091
0.46764472 -0.05516140 0.11392788
0.45918849 -0.05798542 0.10018113
0.45802942 -0.05727281 0.10045569
0.46538121 -0.05862104 0.10611803
0.43828753 -0.06483529 0.05470340
0.46080023 -0.05922272 0.10431611
0.44887739 -0.06399806 0.09657723
0.44502530 -0.06602979 0.09389598
0.44732916 -0.06479760 0.09538756
0.44488224 -0.06724209 0.09255167
0.45038396 -0.06411346 0.11088084
0.44601706 -0.06154799 0.07173532
0.45084330 -0.06196003 0.08121923
0.45029324 -0.06184892 0.08029894
0.44520628 -0.06847868 0.08769148
0.44812083 -0.06072401 0.08231913
0.46523377 -0.05575055 0.11298935
0.46296513 -0.05907350 0.10444138
0.44681451 -0.06430283 0.10646242
0.44484764 -0.06424304 0.10831609
0.44343027 -0.06306391 0.06919781
0.46410969 -0.05745517 0.10776135
0.43967080 -0.06449073 0.06161327
0.46946159 -0.05378290 0.11655867
0.44143146 -0.06476530 0.06641811
0.44003311 -0.06347504 0.06351539
0.44208068 -0.06813587 0.06613378
0.44103369 -0.06742264 0.06470815
0.44194040 -0.06675797 0.06094771
0.44662645 -0.07038901 0.09394391
0.44616878 -0.06985924 0.09389865
0.44829559 -0.06957716 0.07462654
0.47096616 -0.05432527 0.11681893
0.44728234 -0.05991565 0.11187200
0.44665346 -0.06307784 0.11165328
0.45000753 -0.06003770 0.11138998
0.44558752 -0.07072164 0.11138753
0.44529057 -0.07000597 0.10850974
0.44489712 -0.06916445 0.11110307
0.45027232 -0.06318472 0.11066335
0.45098743 -0.06051352 0.08971380
0.46159574 -0.06102848 0.09825089
0.46058449 -0.06070464 0.09744789
0.45034435 -0.06414915 0.08514887
0.44831029 -0.06378369 0.08118875
0.45113501 -0.06378479 0.09252501
0.45156980 -0.06253656 0.08918401
0.45409846 -0.06161259 0.08776495
0.45477238 -0.06255940 0.08685402
0.44336241 -0.06541329 0.07707838
0.44553989 -0.06513193 0.07862214
0.45793116 -0.05767355 0.10253502
0.44838339 -0.06441827 0.08545952
0.46425983 -0.06132099 0.10063022
0.44378346 -0.06597526 0.07927161
0.44564384 -0.06494599 0.07826142
0.44023883 -0.06263274 0.06120968
0.46862546 -0.06036253 0.10586260
0.46582928 -0.05844348 0.10598786
0.44186407 -0.06129684 0.06364647
0.44191775 -0.06156612 0.06197321
0.44767511 -0.06424554 0.09072585
0.46722490 -0.05727793 0.10887524
0.46555462 -0.05784361 0.10658342
0.45204163 -0.06064613 0.09567443
0.45528835 -0.05780347 0.10042147
0.45460322 -0.05829882 0.10012679
0.45897627 -0.05899405 0.10416323
0.44958696 -0.06940565 0.07567635
0.44820273 -0.06353802 0.10550929
0.44641817 -0.07006291 0.11166406
0.44440851 -0.06638385 0.11145140
0.45742550 -0.05878250 0.09680997
0.45705244 -0.05865065 0.09672612
0.45127973 -0.06159826 0.10071106
0.45762640 -0.06098627 0.09990922
0.45225835 -0.06081087 0.09926218
0.45219555 -0.06223680 0.10297864
0.44374949 -0.06932508 0.07128806
0.44371891 -0.06219088 0.11131774
0.44570348 -0.05915312 0.11155386
0.44879091 -0.06111126 0.08044499
0.44927099 -0.06176895 0.07898153
0.44969121 -0.06387007 0.09304760
0.45032901 -0.06420314 0.08785894
0.40363824 -0.07702103 0.09387940
0.41544381 -0.07553983 0.08468650
0.39816108 -0.07703876 0.09856072
0.39929569 -0.07764003 0.09636985
0.40277514 -0.07416005 0.09708916
0.40929264 -0.07275330 0.09349535
0.40464479 -0.07355698 0.09554292
0.42063290 -0.07300424 0.08097538
0.40732440 -0.07493307 0.09366243
0.40408227 -0.07728826 0.09509850
0.42399102 -0.07140847 0.07695360
0.40170425 -0.07586258 0.09769142
0.40447164 -0.07521317 0.09644598
0.40734309 -0.07864588 0.08944174
0.41169867 -0.07507136 0.08693972
0.40959165 -0.07775735 0.08764542
0.44184852 -0.06289657 0.04132966
0.44026434 -0.06120872 0.03716987
0.44393390 -0.06201144 0.04134395
0.44694573 -0.06069502 0.03800105
0.44801894 -0.05881651 0.03797437
0.44246379 -0.05966375 0.03578332
0.43932909 -0.06095783 0.04023943
0.43856692 -0.06070009 0.03252498
0.44224042 -0.06276554 0.04133305
0.44572836 -0.06122820 0.03630988
0.44393557 -0.05858567 0.03512179
0.44451895 -0.05864191 0.03552504
0.44582757 -0.05777099 0.03894384
0.44403768 -0.06242679 0.03722630
0.38916865 -0.07573075 0.10441489
0.38936016 -0.07633924 0.10435941
0.39261422 -0.07820415 0.10053331
0.38193837 -0.07748213 0.10640186
0.39297462 -0.07543565 0.10239111
0.39100507 -0.07690302 0.10259242
0.39314860 -0.07729114 0.10096132
0.37278131 -0.07826662 0.11011645
0.37968209 -0.07829049 0.10824017
0.38442722 -0.07811198 0.10481009
0.39601463 -0.07723078 0.09816919
0.39017767 -0.07766484 0.10118456
0.48135823 -0.05721819 0.11987443
0.49003315 -0.04413842 0.13027291
0.47646523 -0.05412551 0.11997075
0.47534817 -0.05684491 0.11661864
0.48677742 -0.04791244 0.12767926
0.48918027 -0.04359752 0.13102998
0.48528594 -0.05079405 0.12629445
0.47911730 -0.05201346 0.12350001
0.47941640 -0.05277333 0.12276579
0.48072180 -0.05203600 0.12397648
0.47376806 -0.05155890 0.12113662
0.47699213 -0.04940269 0.12533174
0.47575545 -0.05055756 0.12362015
0.47702622 -0.05370992 0.12258761
0.47825551 -0.05735060 0.12060618
0.48758674 -0.04205240 0.13683650
0.48862255 -0.04081309 0.13827080
0.48811522 -0.04187587 0.13538055
0.49013165 -0.04014269 0.13605545
0.48412460 -0.04755752 0.12869200
0.48035327 -0.04970466 0.12614958
0.48126394 -0.04640573 0.13012539
0.48858780 -0.04013070 0.14177656
0.47865495 -0.05670233 0.12171672
0.48003232 -0.05411144 0.12332450
0.48245558 -0.05167439 0.12478900
0.48311731 -0.05447097 0.12529626
0.47152323 -0.05694742 0.11420932
0.47414476 -0.05541260 0.11867760
0.48241809 -0.05636674 0.12110383
0.43611798 -0.06326684 0.04386218
0.43625546 -0.06177039 0.03571724
0.43590251 -0.06249534 0.02774280
0.42066848 -0.08629557 0.02720187
0.43885955 -0.06343940 0.03930390
0.44205409 -0.06274755 0.03927509
0.44064379 -0.06262925 0.03398140
0.43883386 -0.06314860 0.05046453
0.43920106 -0.06269466 0.04909273
0.44064668 -0.06361900 0.04284136
0.43567461 -0.06242975 0.03996925
0.43605527 -0.06213205 0.03941637
0.43712687 -0.06305125 0.04003384
0.43844423 -0.06186404 0.04346890
0.41298422 -0.07315581 0.08667922
0.41511041 -0.07334412 0.08422970
0.41055188 -0.07285702 0.08989172
0.40537751 -0.07901572 0.09292025
0.40471539 -0.07955949 0.09366485
0.41500062 -0.07281038 0.08741769
0.41037357 -0.07829367 0.08860428
0.41399994 -0.07644791 0.08935737
0.42535368 -0.07005613 0.07463470
0.41424829 -0.07541817 0.08889849
0.41525808 -0.07353378 0.08727390
0.41978893 -0.07446499 0.08366736
0.43300807 -0.06828794 0.06457580
0.43363491 -0.06580588 0.06218860
0.40352422 -0.08016505 0.09481720
0.43653470 -0.06411427 0.05207615
0.42858326 -0.06963596 0.07073496
0.41630262 -0.07035777 0.08329532
0.41532394 -0.07089966 0.08402176
0.41737664 -0.07296056 0.08541494
0.42069259 -0.07222746 0.08173271
0.41811472 -0.07019144 0.08154829
0.43475902 -0.06681816 0.06169466
0.42470780 -0.07091966 0.07682569
0.42829162 -0.06986710 0.07256839
0.42557168 -0.06975263 0.07457722
0.43943179 -0.06425470 0.05720909
0.43917969 -0.06239216 0.05276192
0.45915309 -0.05321506 0.04882253
0.44943497 -0.05532917 0.04204927
0.44866607 -0.05694164 0.04191374
0.46475059 -0.04955402 0.05099495
0.45373809 -0.05271905 0.04580028
0.45597184 -0.05095895 0.04769212
0.45662716 -0.05152225 0.04557895
0.45437342 -0.05490941 0.04363332
0.45866978 -0.05072852 0.04879962
0.48674282 -0.04234250 0.14083295
0.48638457 -0.04225145 0.14263944
0.48132724 -0.05130338 0.12567635
0.49556449 -0.03165637 0.15005878
0.48649582 -0.03865300 0.14811757
0.48563173 -0.04201566 0.14273906
0.48353860 -0.04377662 0.13691118
0.48925039 -0.04359979 0.13471162
0.49066231 -0.04043889 0.14614144
0.48894456 -0.04165845 0.14170757
0.49422902 -0.03701761 0.14610894
0.49391267 -0.03981587 0.13889514
0.49655518 -0.03055328 0.14832434
0.49445984 -0.03653282 0.15010566
0.49372861 -0.04150449 0.13525516
0.48560613 -0.04284576 0.13964367
0.49438179 -0.03057899 0.14621864
0.49315342 -0.03425715 0.14293401
0.49180323 -0.03652872 0.14580499
0.49601275 -0.03283481 0.14462964
0.48435438 -0.04310510 0.13996877
0.48069808 -0.04696421 0.13002288
0.48308340 -0.04885699 0.12854254
0.48210678 -0.04772167 0.13013856
0.49006248 -0.04441752 0.13124433
0.48420781 -0.04601769 0.13335219
0.48600915 -0.04752295 0.12941125
0.49232623 -0.03769527 0.13919543
0.49495676 -0.03393874 0.14279969
0.49924108 -0.02818998 0.15233889
0.49405438 -0.03984759 0.13808124
0.49176791 -0.04314516 0.13254254
0.49063900 -0.04041225 0.14803407
0.49357286 -0.04084898 0.13688223
0.49109477 -0.04162871 0.13821140
0.51577663 -0.01554366 0.18274045
0.48630169 -0.04089161 0.14301525
0.49740937 -0.03409856 0.15757233
0.51684743 -0.01334783 0.18360384
0.51433599 -0.01406818 0.17869666
0.51185971 -0.01857784 0.17766769
0.49152988 -0.03647620 0.15192546
0.49771896 -0.03157424 0.14994898
0.50051439 -0.02873968 0.15445951
0.49052975 -0.03783516 0.14543739
0.51061761 -0.01397252 0.18080103
0.48948938 -0.03814441 0.15067400
0.51318353 -0.01299610 0.18325850
0.51054311 -0.01818361 0.17820409
0.48958912 -0.03841371 0.14553471
0.49119422 -0.03998082 0.14925092
0.51203996 -0.01520719 0.17801198
0.48833737 -0.03907328 0.14926440
0.50147784 -0.02842813 0.16158672
0.50238496 -0.02601545 0.16552421
0.49449971 -0.03712289 0.15249985
0.49950740 -0.03259499 0.15789281
0.49959788 -0.03179450 0.15665734
0.49351442 -0.03707718 0.15417534
0.49737450 -0.03271778 0.15890421
0.51143366 -0.01764320 0.17681840
0.51367724 -0.01461759 0.18235709
0.50271535 -0.02680146 0.16243033
0.49681458 -0.03476905 0.15365796
0.49282494 -0.03449991 0.15432747
0.49440789 -0.03315438 0.15266734
0.49639353 -0.03174571 0.15443666
0.49494141 -0.03295231 0.15079442
0.46370813 -0.05104775 0.04940238
0.46504572 -0.05063188 0.05059886
0.45616648 -0.05999366 0.04434339
0.45400468 -0.05961676 0.04265414
0.45406750 -0.06053768 0.04359898
0.45938489 -0.05398327 0.04820641
0.45706227 -0.05385228 0.04484737
0.46368521 -0.05240651 0.05041815
0.45162904 -0.05775375 0.04446979
0.45455468 -0.05849396 0.04492027
0.45521596 -0.05499871 0.04657683
0.45438904 -0.05654631 0.04340009
0.45613599 -0.05693986 0.04418046
0.43104148 -0.06740133 0.06470176
0.43169296 -0.06665789 0.06474520
0.43524513 -0.06493708 0.05489317
0.43490449 -0.06573719 0.05725941
0.50275642 -0.02510365 0.15915750
0.50515825 -0.02391523 0.16620834
0.50380391 -0.02388564 0.16401549
0.50109529 -0.02681680 0.15945157
0.49812758 -0.02887767 0.15947470
0.50541693 -0.02266229 0.16888425
0.51478201 -0.01070305 0.18026216
0.50555110 -0.02092017 0.17185099
0.50014305 -0.02575324 0.16453294
0.49855703 -0.02992561 0.15693453
0.50224686 -0.02435819 0.15923347
0.50209194 -0.02506712 0.16428062
0.50214112 -0.02458471 0.15779622
0.51587504 -0.01180707 0.18081084
0.51010257 -0.01688815 0.17810160
0.49525002 -0.03017555 0.16017057
0.51322049 -0.01084846 0.18338515
0.51395094 -0.01156100 0.17877692
0.50872159 -0.01742378 0.17828396
0.51025748 -0.01765431 0.17754181
0.50073236 -0.02748111 0.15571524
0.50008130 -0.02522902 0.16732918
0.45129514 -0.06646350 0.07315137
0.45127112 -0.06739148 0.07406250
0.44986713 -0.06624319 0.06970818
0.44694886 -0.06824883 0.06485960
0.45376444 -0.06501430 0.08051421
0.45287567 -0.06952196 0.08246385
0.45390314 -0.06987537 0.08537575
0.44562042 -0.06930596 0.06514750
0.44732529 -0.06655113 0.06413322
0.44679955 -0.06729951 0.06362577
0.45624855 -0.06844767 0.08800230
0.46389681 -0.06417396 0.09744777
0.45464748 -0.06513981 0.08416039
0.45731616 -0.06848856 0.08953544
0.45808730 -0.06565018 0.08966249
0.46385890 -0.06443704 0.09655179
0.46127611 -0.06571105 0.09213806
0.44657353 -0.06859486 0.08108271
0.44545543 -0.06971335 0.10063856
0.44729415 -0.07145992 0.09441097
0.44554088 -0.07045273 0.10523818
0.44336766 -0.06520209 0.05250220
0.44033819 -0.06624246 0.04920844
0.44092011 -0.06453244 0.04641712
0.44430387 -0.06716172 0.05934670
0.44499937 -0.06680225 0.05883935
0.44980988 -0.06613233 0.10618702
0.45889685 -0.06338860 0.09517547
0.45301190 -0.06850764 0.08835662
0.45463875 -0.06635202 0.09124582
0.45674342 -0.06435899 0.09367539
0.45650339 -0.06662589 0.09167592
0.45974135 -0.06599360 0.09411167
0.45122331 -0.06723148 0.09035166
0.44772750 -0.06873411 0.07957486
0.44144332 -0.06284601 0.04460394
0.43950278 -0.06118854 0.04176196
0.46726888 -0.06146004 0.10324768
0.45163450 -0.06412753 0.07530493
0.44758108 -0.06237739 0.07252512
0.44952336 -0.06465696 0.07122633
0.45395431 -0.06372010 0.08235958
0.46711802 -0.06161758 0.10285465
0.46829933 -0.06044513 0.10488646
0.46417567 -0.06256615 0.10033939
0.46885565 -0.05795782 0.10985844
0.47257957 -0.05790694 0.11149371
0.46191880 -0.06264253 0.09860939
0.45978522 -0.06175505 0.09721169
0.44582099 -0.06351819 0.05777412
0.44335163 -0.06356181 0.05340067
0.44073933 -0.06238789 0.05351073
0.44278798 -0.06197203 0.06025672
0.44486186 -0.06166857 0.06659775
0.43855998 -0.06596404 0.04932667
0.43945068 -0.06659218 0.04931348
0.44789740 -0.06401081 0.06639924
0.44631395 -0.06275185 0.06261908
0.44758192 -0.07087404 0.09168604
0.44755408 -0.07003397 0.10468119
0.44929945 -0.06946860 0.08890940
0.44842699 -0.07031663 0.09043084
0.44767094 -0.06886330 0.08279147
0.44772103 -0.06994288 0.11023819
0.44693598 -0.07220922 0.10121466
0.44923091 -0.06919436 0.09183839
0.45009813 -0.06678234 0.10297935
0.44850311 -0.06835731 0.10744270
0.44834656 -0.06904236 0.10655764
0.44885942 -0.06810666 0.10181341
0.44868532 -0.06794840 0.10029936
0.44973508 -0.06699672 0.09896316
0.45011881 -0.06706175 0.10171948
0.45162240 -0.06874497 0.08696602
0.44736138 -0.06977508 0.07142904
0.44530541 -0.06756081 0.07830704
0.43667319 -0.06008542 0.03022763
0.43541214 -0.06119114 0.02727317
