0.71262830 -0.40978253 -0.25122607
0.71913320 -0.40221870 -0.24802363
0.71251869 -0.40891784 -0.25103590
0.70086837 -0.41355443 -0.25549102
0.71877348 -0.40656564 -0.24861230
0.69450969 -0.41784146 -0.26042014
0.69736946 -0.41633126 -0.25738755
0.70058697 -0.41552150 -0.25641316
0.71005511 -0.40688339 -0.24893034
0.71036774 -0.40762091 -0.25119597
0.70765960 -0.41051790 -0.25274900
0.69603258 -0.41755942 -0.25981075
0.79205191 -0.35368484 -0.23936798
0.80151761 -0.35626292 -0.29003921
0.79999578 -0.35648856 -0.28242686
0.80623281 -0.35287192 -0.26781946
0.80067652 -0.35904303 -0.29137173
0.80048943 -0.35759330 -0.26705974
0.80146980 -0.35582364 -0.25986210
0.79671293 -0.35853618 -0.23337620
0.80302739 -0.36046001 -0.27282834
0.79054105 -0.35932615 -0.21968445
0.78859591 -0.35715723 -0.22394989
0.79754961 -0.35513598 -0.26472464
0.80764818 -0.35279050 -0.25690004
0.80850846 -0.34926373 -0.24951807
0.80232680 -0.35964391 -0.27626675
0.78852606 -0.36203602 -0.20867451
0.78723872 -0.35997117 -0.20546713
0.79785872 -0.35973540 -0.28607088
0.80272710 -0.35444528 -0.28604019
0.80509210 -0.35399762 -0.27414513
0.80396861 -0.35925788 -0.26956740
0.79116857 -0.35914522 -0.22379477
0.79821479 -0.35991573 -0.29251736
0.79165787 -0.35923859 -0.22547778
0.79723966 -0.35653219 -0.24344425
0.79532433 -0.35676965 -0.23834716
0.80356652 -0.35116985 -0.25198075
0.79826570 -0.35591996 -0.24538858
0.79582506 -0.35114875 -0.26222289
0.79526573 -0.35508195 -0.25046402
0.79482216 -0.35480016 -0.24888031
0.80643940 -0.35471955 -0.25799763
0.79927385 -0.35467029 -0.25072202
0.80312759 -0.35833719 -0.27744144
0.80579495 -0.35202309 -0.24846669
0.79623348 -0.35444337 -0.25628093
0.80399203 -0.35213903 -0.25667056
0.78853130 -0.35864791 -0.21226932
0.79971391 -0.35764128 -0.27336526
0.74925190 -0.38692206 -0.24942437
0.73251241 -0.39740053 -0.24785507
0.72272730 -0.39961925 -0.24856286
0.76068389 -0.37604347 -0.25538453
0.75769734 -0.38248646 -0.25413746
0.75168681 -0.38508084 -0.25027514
0.75751489 -0.37829593 -0.25386271
0.72735900 -0.40340954 -0.24697675
0.75522959 -0.38258791 -0.25252897
0.76146990 -0.38031042 -0.25602156
0.75872386 -0.38327616 -0.25424194
0.76174736 -0.38073522 -0.25572002
0.72756034 -0.40164611 -0.24797192
0.73052675 -0.40082949 -0.24782550
0.81689268 -0.34350175 -0.29411817
0.81713164 -0.34220338 -0.29366741
0.77438360 -0.37490004 -0.26442161
0.77524799 -0.37036040 -0.26730785
0.73613316 -0.39171702 -0.24766122
0.78409481 -0.36715367 -0.27416891
0.78838354 -0.36267695 -0.27935058
0.77608430 -0.36981907 -0.26598129
0.74869806 -0.38608721 -0.24872197
0.79440832 -0.36096454 -0.28400046
0.77786970 -0.36836436 -0.26945928
0.75737154 -0.38241854 -0.25462908
0.79943174 -0.35768038 -0.28550383
0.74633890 -0.39113116 -0.25019920
0.77744526 -0.37172493 -0.26805884
0.74042892 -0.39006433 -0.24810314
0.75640094 -0.37904373 -0.25468540
0.76801550 -0.37906384 -0.26106635
0.79556865 -0.35995924 -0.28422329
0.79497486 -0.35955608 -0.28750044
0.75800973 -0.38023359 -0.25503367
0.78904819 -0.36397684 -0.27988827
0.76843417 -0.37834921 -0.26145199
0.76740664 -0.37195566 -0.26184312
0.80412388 -0.35417718 -0.27829760
0.80181366 -0.35596451 -0.28448960
0.76382256 -0.37455878 -0.25720778
0.80426419 -0.34249377 -0.24275164
0.81403381 -0.34042588 -0.22653714
0.80449623 -0.34226587 -0.24041434
0.79232615 -0.35148141 -0.24126875
0.79824710 -0.35229239 -0.24130076
0.78803235 -0.35636973 -0.22263733
0.80594468 -0.34658709 -0.24684149
0.80878401 -0.34801942 -0.24166892
0.78992897 -0.35720745 -0.22127575
0.79761910 -0.34942397 -0.26505643
0.79868877 -0.35094818 -0.26837960
0.80486214 -0.34967083 -0.24552701
0.79975736 -0.34851286 -0.26019162
0.81889391 -0.34400541 -0.22053258
0.80333364 -0.35157669 -0.26913166
0.80217135 -0.35214847 -0.27076373
0.79141772 -0.35752296 -0.23207305
0.80553359 -0.34335545 -0.24114381
0.81262785 -0.34566075 -0.23361617
0.81050849 -0.33925718 -0.23036030
0.81057656 -0.34615266 -0.23781221
0.81140327 -0.34580734 -0.23414555
0.80959511 -0.34626868 -0.23927264
0.81003624 -0.33896333 -0.23063703
0.80126899 -0.34857649 -0.25006604
0.81065720 -0.34814709 -0.23791096
0.81538606 -0.34412065 -0.22512794
0.81183004 -0.34729072 -0.23568824
0.79001272 -0.35299832 -0.23140228
0.80989861 -0.34973115 -0.23851407
0.80374730 -0.34925660 -0.26022717
0.80274695 -0.35143429 -0.24512486
0.80514926 -0.34631446 -0.24755050
0.80019575 -0.35487053 -0.23789163
0.79292142 -0.35501868 -0.23440519
0.79574847 -0.35456383 -0.23610456
0.80945724 -0.34422779 -0.23596779
0.79345691 -0.35933134 -0.22810608
0.79732680 -0.34914586 -0.25044528
0.80078721 -0.34547246 -0.25405937
0.79392135 -0.35186818 -0.24788724
0.79577327 -0.35228977 -0.25461993
0.80525112 -0.34099531 -0.23925911
0.80371016 -0.35043001 -0.26483777
0.80516815 -0.35224640 -0.26844296
0.78972131 -0.35301390 -0.23062898
0.80935222 -0.34937215 -0.23838310
0.80048150 -0.34818783 -0.25220510
0.80348980 -0.35415381 -0.27588621
0.88250774 -0.31915492 -0.13347349
0.87155306 -0.31463072 -0.14496490
0.89247125 -0.31209397 -0.12732048
0.88706905 -0.31590098 -0.12906860
0.87618566 -0.31689733 -0.14244923
0.86712152 -0.31838414 -0.15122844
0.87576056 -0.32360166 -0.14803714
0.87179321 -0.31693593 -0.14936768
0.87570691 -0.32071897 -0.14556609
0.87516481 -0.31830865 -0.14915079
0.87487358 -0.31525657 -0.14443018
0.87911332 -0.31893095 -0.13929404
0.88942176 -0.31434610 -0.12550461
0.87708443 -0.31409487 -0.13875741
0.86925280 -0.31777200 -0.15160197
0.89335293 -0.31324688 -0.12685150
0.88301682 -0.31309491 -0.13764943
0.88638622 -0.31169087 -0.13447085
0.85140455 -0.32503679 -0.17382048
0.87959707 -0.32252216 -0.14331172
0.88091063 -0.32146001 -0.13778251
0.85112566 -0.32524139 -0.17621467
0.86321378 -0.32107064 -0.16000238
0.87255168 -0.32251081 -0.15254204
0.88591230 -0.31465328 -0.13629343
0.85679781 -0.31929255 -0.17592554
0.87629306 -0.32459939 -0.15046306
0.88525128 -0.31852078 -0.13634710
0.87660682 -0.32200766 -0.15159526
0.87974536 -0.32243040 -0.14560384
0.86874509 -0.32023507 -0.15919304
0.85640824 -0.32051849 -0.17282267
0.88976771 -0.31220710 -0.13082619
0.86407292 -0.31813180 -0.15372570
0.86260808 -0.31994802 -0.16598774
0.87479234 -0.32029194 -0.15347314
0.88141072 -0.31770194 -0.14307098
0.85755414 -0.32055995 -0.16704451
0.85677654 -0.32198423 -0.17214297
0.86188275 -0.32014951 -0.17072856
0.86781365 -0.32111064 -0.15996657
0.86984140 -0.32209140 -0.15789680
0.87196052 -0.32188043 -0.15686697
0.88056111 -0.31905541 -0.14523320
0.86459553 -0.31870037 -0.15681668
0.87698656 -0.32022890 -0.15120961
0.87065780 -0.32107824 -0.15848061
0.84940910 -0.32432479 -0.17123972
0.85575557 -0.31940731 -0.17716046
0.88941306 -0.31612033 -0.13101305
0.84993291 -0.32314897 -0.17002502
0.82602268 -0.33428261 -0.28699014
0.81852543 -0.34246150 -0.29272354
0.82046616 -0.33927175 -0.29092345
0.82437462 -0.33282247 -0.28712675
0.82068992 -0.33556712 -0.28837037
0.77534312 -0.37135953 -0.26518399
0.78629231 -0.36874142 -0.27352655
0.79373652 -0.36170414 -0.28389814
0.76728785 -0.37207925 -0.26133594
0.78822857 -0.36537558 -0.27822527
0.79130679 -0.36310107 -0.28006282
0.78488052 -0.37193507 -0.27110827
0.78841251 -0.36692464 -0.27667812
0.78289419 -0.37190586 -0.27066898
0.78011018 -0.37108600 -0.26821005
0.82286966 -0.33763632 -0.28799188
0.82009512 -0.33593658 -0.28825691
0.82878065 -0.33376065 -0.28453282
0.80177391 -0.35472646 -0.29402110
0.79984450 -0.35595855 -0.29658771
0.82354563 -0.33074200 -0.20384671
0.82515883 -0.32972032 -0.20175955
0.82243180 -0.33873001 -0.21274738
0.82524067 -0.33168137 -0.20543988
0.82649487 -0.33831352 -0.20315878
0.82268643 -0.34005421 -0.21262872
0.84422851 -0.32249826 -0.18519391
0.84538001 -0.32466543 -0.18005362
0.82726544 -0.33097985 -0.20290235
0.82541752 -0.33280724 -0.20527038
0.83833450 -0.32347798 -0.19338860
0.84128642 -0.32166240 -0.19250919
0.84623247 -0.32461393 -0.17812659
0.84255791 -0.32172728 -0.19306287
0.83647889 -0.32433102 -0.19582939
0.84609449 -0.32484612 -0.17329505
0.84355992 -0.32825860 -0.17923483
0.83032948 -0.33074334 -0.19902167
0.84978378 -0.32259130 -0.17635505
0.82922506 -0.33612794 -0.20108724
0.84752488 -0.32514477 -0.17308281
0.84955323 -0.32122064 -0.18385854
0.81689596 -0.33809814 -0.22133511
0.84417075 -0.32705840 -0.18449955
0.84075671 -0.32886133 -0.18055047
0.83116442 -0.33544445 -0.19664660
0.83292615 -0.33422261 -0.19427535
0.83514923 -0.33166754 -0.19255222
0.83792984 -0.32706097 -0.19139484
0.83180231 -0.33486030 -0.19060515
0.81743306 -0.34030265 -0.22129668
0.82421428 -0.33918402 -0.21064983
0.83828318 -0.32961130 -0.18885954
0.84892607 -0.32380456 -0.18067111
0.84170836 -0.32431549 -0.18977176
0.83677721 -0.32874542 -0.19144687
0.83261460 -0.32773346 -0.19439736
0.83284599 -0.33264914 -0.18914579
0.81744325 -0.33563486 -0.21836087
0.84524488 -0.32691965 -0.18309996
0.83558470 -0.33012614 -0.18921316
0.81704402 -0.34090483 -0.22228812
0.82930481 -0.33734933 -0.19617686
0.82369560 -0.34256929 -0.21293084
0.83034712 -0.33067885 -0.19768536
0.84034973 -0.32711068 -0.17940538
0.82111871 -0.33757380 -0.21452917
0.83103687 -0.33359176 -0.19399287
0.82268727 -0.33946037 -0.21303247
0.82844764 -0.33797053 -0.19821969
0.88873726 -0.34687933 -0.29919425
