0.78186297 0.96039289 -0.25721762
0.78313196 0.95823205 -0.25639117
0.77355945 0.95874417 -0.26701757
0.76164371 0.96309000 -0.28777474
0.76601839 0.96130621 -0.28146863
0.77020282 0.95851552 -0.28841862
0.79032677 0.95252001 -0.24867900
0.79057741 0.94892013 -0.23683955
0.77057236 0.95774287 -0.27972013
0.76891077 0.96009207 -0.27773324
0.75660980 0.96416694 -0.29233703
0.78805852 0.94657755 -0.23759687
0.75887644 0.96351761 -0.29300520
0.77608258 0.96070361 -0.26285335
0.77598464 0.96270061 -0.27048093
0.77566051 0.96161854 -0.26788065
0.76985925 0.95807123 -0.28332248
0.76778626 0.96239340 -0.29378995
0.76446831 0.96402729 -0.28923321
0.77062643 0.96311009 -0.27868289
0.78147697 0.95237887 -0.25485104
0.77223867 0.96156269 -0.28337061
0.77136970 0.96436369 -0.29513359
0.76954949 0.96422392 -0.29128495
0.78911155 0.95436817 -0.25269213
0.76994616 0.96209443 -0.27642518
0.77130646 0.96310043 -0.28965774
0.76598531 0.96173650 -0.27836382
0.72960651 0.96269709 -0.39754337
0.72834474 0.96436542 -0.39209995
0.73232305 0.95887750 -0.38843417
0.72783327 0.96342432 -0.39534998
0.72797972 0.96128130 -0.39847007
0.73129696 0.96401930 -0.39036939
0.71672308 0.95718914 -0.40409604
0.73565131 0.96416765 -0.39226317
0.71437889 0.95457351 -0.40616444
0.73921740 0.96259475 -0.38788292
0.74933326 0.95896262 -0.37845084
0.71990585 0.95936364 -0.40507156
0.71597654 0.95816940 -0.40591487
0.73808801 0.96469098 -0.38667858
0.72539651 0.96258265 -0.34849253
0.70977634 0.96390587 -0.37540102
0.72949433 0.96012813 -0.34227341
0.73158604 0.97493476 -0.34036434
0.72871727 0.95923150 -0.34048721
0.72319102 0.95670259 -0.35749841
0.70955092 0.96146619 -0.36555889
0.73801893 0.96735466 -0.32589743
0.73317122 0.96577501 -0.33261663
0.72960520 0.97458696 -0.34136733
0.72276521 0.95756757 -0.36104900
0.71644211 0.96564043 -0.35741034
0.70819092 0.96387976 -0.36431536
0.72757697 0.96209520 -0.34246391
0.74292886 0.96915978 -0.32123944
0.72410244 0.96900499 -0.34721550
0.73363072 0.96711046 -0.33340010
0.73294979 0.96217281 -0.33247986
0.74084020 0.96669304 -0.32068396
0.73972088 0.96557176 -0.32066348
0.74315625 0.96749490 -0.31826589
0.71577656 0.95954365 -0.36613059
0.73809958 0.97249788 -0.33555427
0.72425294 0.95939767 -0.35345978
0.73031062 0.96580964 -0.33825645
0.72387540 0.97137076 -0.34638873
0.73095608 0.96201849 -0.33210754
0.73423171 0.97351295 -0.33771318
0.72492754 0.96412808 -0.34826544
0.73025167 0.97574311 -0.34623083
0.72668928 0.95932597 -0.34664199
0.72628361 0.97554898 -0.34506780
0.69270808 0.96091485 -0.37318003
0.69576651 0.96063817 -0.37687916
0.58521557 0.97355521 -0.35839927
0.60266232 0.97175878 -0.35034165
0.61300272 0.97061688 -0.34834793
0.65548313 0.96224332 -0.34989414
0.60001379 0.96888679 -0.34979326
0.67965776 0.95864105 -0.36436203
0.68079561 0.96057063 -0.36251539
0.68569618 0.95660746 -0.36780730
0.67480350 0.95822787 -0.36102620
0.65156925 0.96399891 -0.35267264
0.67265952 0.96112883 -0.35735929
0.62734610 0.96167696 -0.34684139
0.63964260 0.95912170 -0.34451371
0.64349139 0.95945108 -0.34945750
0.60892415 0.97294879 -0.34728274
0.60835606 0.96873361 -0.34523839
0.61163008 0.97214162 -0.34911424
0.59285289 0.96701765 -0.35355717
0.58286810 0.97044688 -0.35857210
0.64740252 0.96032256 -0.34809142
0.64020598 0.96234399 -0.34661666
0.68603444 0.96221578 -0.36574122
0.66052794 0.96051025 -0.35092244
0.63275117 0.96310592 -0.34750172
0.64737457 0.96889609 -0.35206205
0.64226317 0.96453971 -0.35062149
0.59261405 0.97384763 -0.35325542
0.63929152 0.96019679 -0.34763396
0.65691543 0.96213514 -0.35317153
0.63965631 0.96613961 -0.34990549
0.61125231 0.97269398 -0.34671640
0.68082488 0.96148598 -0.36245877
0.61387479 0.97017992 -0.34549645
0.60936964 0.96838826 -0.34645417
0.65812689 0.96001256 -0.35247856
0.58653581 0.96770287 -0.35628468
0.64583099 0.95876992 -0.34961635
0.59643596 0.97448325 -0.35121024
0.61845982 0.96994376 -0.34878021
0.71263278 0.96788263 -0.36053205
0.70790637 0.96274042 -0.35878474
0.68821156 0.97133106 -0.30679435
0.69027495 0.96339196 -0.31406939
0.70096701 0.97293335 -0.32814103
0.70795345 0.96838820 -0.34772182
0.70999205 0.96899688 -0.34838486
0.70875669 0.97202796 -0.34018728
0.69772947 0.97189683 -0.32031974
0.71102381 0.96652478 -0.36608848
0.71295899 0.97117627 -0.34480104
0.68801039 0.96669954 -0.30808330
0.70425010 0.97007984 -0.33089599
0.70567101 0.96360815 -0.34743977
0.71067959 0.96055591 -0.35667047
0.70755929 0.96751440 -0.34864005
0.70674616 0.96512282 -0.33278161
0.70867354 0.96551013 -0.33565158
0.70719314 0.96997321 -0.34251279
0.70604748 0.97264457 -0.33042100
0.70116556 0.97038519 -0.33002058
0.70378280 0.96954131 -0.33725739
0.68838960 0.97324914 -0.29869252
0.69874978 0.96331060 -0.31773293
0.69949991 0.97159064 -0.32101852
0.69907719 0.97257352 -0.31978741
0.69786406 0.97006994 -0.31735420
0.70243549 0.97398478 -0.32764012
0.71538407 0.96415365 -0.35276169
0.68814892 0.97036374 -0.30749092
0.70430666 0.97179395 -0.32961097
0.71488082 0.96474671 -0.35597306
0.71545124 0.96993285 -0.35596433
0.69561392 0.97144675 -0.31715050
0.70590854 0.97547489 -0.33370015
0.70102960 0.96571344 -0.32343686
0.68387997 0.96856463 -0.29627976
0.74421769 0.96129650 -0.38264361
0.74209714 0.96010387 -0.38387477
0.72770083 0.96010220 -0.39449677
0.72310907 0.96027303 -0.40207371
0.74866009 0.96460587 -0.38092607
0.74882805 0.96310413 -0.37938747
0.74033272 0.95542186 -0.38483074
0.74343926 0.95665842 -0.38285127
0.73764193 0.95795047 -0.38748834
0.73357540 0.95668882 -0.38964716
0.70784217 0.95584875 -0.38749847
0.70446819 0.95885932 -0.38844991
0.71101201 0.95480126 -0.40151060
0.70990229 0.95558470 -0.39962602
0.58649957 0.96859664 -0.35197777
0.60110402 0.96297586 -0.34945670
0.70810479 0.95693856 -0.38597390
0.58787781 0.96720624 -0.35216454
0.59628087 0.96914822 -0.34877372
0.61690414 0.96781975 -0.34580868
0.61813855 0.95866859 -0.34477481
0.63350224 0.96883172 -0.34726006
0.64750552 0.96948266 -0.35083240
0.61389661 0.96189773 -0.34677032
0.69307828 0.95799363 -0.37519154
0.66841382 0.96256483 -0.35706869
0.67549688 0.96339673 -0.35932741
0.68709290 0.96327531 -0.36746627
0.69680178 0.96002185 -0.37907976
0.62952298 0.96098304 -0.34608987
0.65935695 0.96657145 -0.34805971
0.62382853 0.96442264 -0.34399363
0.61990440 0.95977616 -0.34635511
0.62195516 0.96262878 -0.34641573
0.62566841 0.96475786 -0.34398237
0.60019946 0.96799546 -0.34714380
0.61850959 0.96464288 -0.34614369
0.66481924 0.96484166 -0.35352993
0.62062687 0.96264136 -0.34402272
0.66435969 0.96442729 -0.35110649
0.65135628 0.96649247 -0.34820840
0.64224893 0.97023737 -0.34393552
0.59900099 0.96609384 -0.34821850
0.61257821 0.96315128 -0.34731975
0.61190104 0.96141475 -0.34478310
0.70268404 0.95715672 -0.38519499
0.61956120 0.96032012 -0.34663489
0.61096221 0.96582770 -0.34492403
0.62000668 0.96319526 -0.34411249
0.68414766 0.96189189 -0.36576009
0.60575986 0.96450216 -0.34638843
0.71350998 0.96047819 -0.38476133
0.71288556 0.95682710 -0.38551444
0.71472973 0.95603800 -0.39674053
0.70910048 0.95913506 -0.38583717
0.71230203 0.95918459 -0.39192030
0.71049029 0.96428394 -0.33781952
0.71521777 0.96815789 -0.34408721
0.71674329 0.96939456 -0.34982863
0.69169307 0.96283019 -0.31224677
0.68940312 0.97314882 -0.30175543
0.71313310 0.96397996 -0.34372005
0.70064878 0.96555978 -0.32678196
0.68919075 0.96979517 -0.30052274
0.70627034 0.96111774 -0.33617455
0.70846182 0.95705509 -0.33228141
0.69849640 0.96140933 -0.32088864
0.70631510 0.95703191 -0.32753325
0.69545949 0.96396625 -0.31245437
0.70527118 0.95936829 -0.32573164
0.70787585 0.95589554 -0.32900363
0.71338797 0.96812183 -0.35566941
0.71043283 0.96048057 -0.34138334
0.69098437 0.96716750 -0.30538756
0.71370614 0.96236295 -0.34720451
0.71133369 0.95850104 -0.33583829
0.69765437 0.96692604 -0.32125694
0.71508634 0.96526700 -0.35102034
0.69613278 0.96262270 -0.31983930
0.71280587 0.95753455 -0.37443024
0.74543095 0.96487141 -0.30757001
0.74651182 0.96881843 -0.31800315
0.71835715 0.96962935 -0.36175394
0.73494756 0.97060907 -0.33868706
0.73434049 0.96460956 -0.33233678
0.74331307 0.97181177 -0.32382888
0.72527003 0.95883858 -0.35751107
0.73066360 0.97206795 -0.35125330
0.74894631 0.97144425 -0.31999940
0.73897874 0.96990246 -0.32601669
0.74494839 0.96402758 -0.30085200
0.75052166 0.97068328 -0.31634736
0.73246980 0.96363592 -0.33690980
0.74077821 0.97240424 -0.32480419
0.71982026 0.96948093 -0.36320341
0.74279165 0.97502500 -0.32990256
0.71276498 0.95676380 -0.37939212
0.71725482 0.96065193 -0.37488136
0.74855840 0.97354698 -0.32067707
0.74474972 0.96301156 -0.30253559
0.73043579 0.96674407 -0.35020959
0.74031723 0.96951312 -0.32668731
0.74162996 0.96628177 -0.32006899
0.74651974 0.96673322 -0.31505007
0.75305492 0.96694720 -0.30997819
0.71123880 0.96367186 -0.37758315
0.71737891 0.96508801 -0.37146193
0.71914136 0.96290708 -0.37141156
0.71594238 0.95867437 -0.37899202
0.73049462 0.96560061 -0.34775931
0.74387789 0.97550952 -0.32373336
0.71041256 0.95591170 -0.38047713
0.72747737 0.96753287 -0.35733002
0.73225087 0.97043163 -0.34332439
0.73041821 0.97023332 -0.35272017
0.72121495 0.96874982 -0.36325067
0.71175945 0.96263850 -0.37958378
0.71358740 0.96666843 -0.37073308
0.71379298 0.96905941 -0.36398512
0.74912834 0.96675122 -0.29649159
0.73545671 0.97399563 -0.34118348
0.72191477 0.96609211 -0.36497310
0.72919905 0.96058834 -0.35481262
0.74456871 0.96494627 -0.31401524
0.75306708 0.96786606 -0.31288457
0.79109246 0.94929087 -0.24530642
0.78607744 0.95663220 -0.25846654
0.78458720 0.95155531 -0.25549242
0.78226334 0.95457488 -0.26627818
0.78429621 0.95634532 -0.26128545
0.79200298 0.94961810 -0.24220878
0.77500504 0.95536834 -0.27142245
0.77678871 0.95580387 -0.26609281
0.77365881 0.95725763 -0.29082233
0.78583592 0.95117491 -0.25303152
0.77384573 0.95473230 -0.27858284
0.79137242 0.95103025 -0.23973496
0.77480042 0.95467037 -0.28007323
0.78437406 0.95547897 -0.26101205
0.77935517 0.95794827 -0.27922031
0.77840811 0.95507044 -0.27892253
0.77493936 0.95926964 -0.28841251
0.75154656 0.96652418 -0.29695770
0.75071025 0.96781486 -0.31029469
0.76604825 0.96660894 -0.30230153
0.76349574 0.96625185 -0.30653211
0.75665748 0.96876347 -0.31014612
0.75556064 0.96559364 -0.30310291
0.76700908 0.96403408 -0.29671705
0.76576346 0.96546489 -0.29398081
0.76523799 0.96292156 -0.29377127
0.76085556 0.96331352 -0.29578182
0.75170910 0.96568716 -0.29341200
0.76395667 0.96542782 -0.29344356
0.75566918 0.96849382 -0.30792496
0.75364792 0.96633810 -0.30047524
