0.67670900 0.30065441 -0.17566402
0.67431694 0.30128080 -0.17857315
0.67198491 0.29592746 -0.18278731
0.67950279 0.30558062 -0.16739821
0.67160207 0.30282640 -0.18154848
0.68052709 0.32054189 -0.20420831
0.67356700 0.31528726 -0.21344204
0.68178958 0.31931242 -0.20519388
0.69228691 0.32881534 -0.18948421
0.68145168 0.30693316 -0.20720045
0.67423034 0.29620007 -0.18064193
0.68842620 0.33174583 -0.18692629
0.67471093 0.33285543 -0.18729283
0.67944229 0.30562967 -0.17153038
0.67525136 0.31885263 -0.20648579
0.67863160 0.31986487 -0.20506336
0.67214245 0.31758171 -0.20962407
0.69647974 0.32607758 -0.19462568
0.69574594 0.32690084 -0.19274142
0.66804582 0.31125957 -0.19541334
0.66919875 0.30421266 -0.18283917
0.68097544 0.33918780 -0.17961855
0.67406404 0.30511791 -0.22282307
0.67448235 0.30884063 -0.21982051
0.67408830 0.30854100 -0.22597529
0.67143476 0.31300557 -0.19667748
0.67462540 0.30469093 -0.21920630
0.66376615 0.31027159 -0.19393165
0.66694784 0.31092712 -0.20482516
0.66634905 0.30460823 -0.18691705
0.66528928 0.30745444 -0.19082974
0.67453539 0.31016105 -0.22333919
0.67343217 0.30774963 -0.22868745
0.67608267 0.30940339 -0.21489328
0.67049688 0.29858753 -0.18576446
0.68731284 0.32589662 -0.19515829
0.67825097 0.30987480 -0.21116649
0.66621715 0.30800879 -0.19537026
0.67552984 0.30754632 -0.21600135
0.68380225 0.33268890 -0.18733333
0.68213707 0.33444434 -0.18455026
0.67162150 0.29942453 -0.21126486
0.69045734 0.32530132 -0.19404474
0.68695319 0.32402235 -0.19720282
0.68602324 0.31317720 -0.20679514
0.68749523 0.31752411 -0.20354821
0.68586254 0.32110569 -0.20094009
0.67501557 0.32965320 -0.19006760
0.67743188 0.30283812 -0.21275462
0.67773604 0.32798082 -0.19209096
0.68095690 0.32423177 -0.19623323
0.68235731 0.32793224 -0.19267277
0.66569912 0.30622387 -0.18760639
0.68321836 0.31391579 -0.20779964
0.67474401 0.29965714 -0.17606986
0.67768794 0.32277721 -0.20027179
0.66631508 0.30070430 -0.19393234
0.67295033 0.32225817 -0.19793828
0.68350589 0.33293971 -0.18510605
0.68598419 0.32425600 -0.19674204
0.68366182 0.31859940 -0.20117296
0.68873459 0.32104951 -0.20075464
0.68254524 0.30963704 -0.20530763
0.67199552 0.30235705 -0.20426586
0.67218739 0.30103528 -0.17968704
0.66344082 0.30157641 -0.20163798
0.67540210 0.32783514 -0.19050814
0.68227977 0.32861534 -0.19191593
0.66871190 0.30113587 -0.20163335
0.66789848 0.30039468 -0.19725226
0.69504350 0.32495850 -0.19767982
0.68938768 0.32904458 -0.19030274
0.68243963 0.33211169 -0.18597777
0.67556596 0.33307409 -0.18658920
0.66906899 0.29860795 -0.18558894
0.67141920 0.30023372 -0.18371971
0.67827863 0.33304954 -0.18530157
0.67725736 0.30054507 -0.21163005
0.66727293 0.31203499 -0.19823188
0.67687857 0.30319101 -0.20781365
0.66455984 0.30960953 -0.20106475
0.67135406 0.30134380 -0.18109140
0.67672318 0.29789031 -0.17767060
0.66594034 0.29926404 -0.20138270
0.53617954 0.30082068 -0.21608216
0.56000614 0.30358690 -0.21114202
0.54471129 0.30913699 -0.21348323
0.54064852 0.30226618 -0.21487673
0.49118853 0.30401146 -0.25418970
0.55116653 0.30219167 -0.21172890
0.48567751 0.30145267 -0.25933048
0.50235003 0.30011395 -0.23677658
0.57990664 0.30379316 -0.21070047
0.57122272 0.30636427 -0.20874494
0.54729652 0.29568017 -0.21166255
0.48676223 0.29680535 -0.25624052
0.53273648 0.30868104 -0.22344737
0.53036958 0.30872130 -0.22547688
0.52427793 0.29841700 -0.22228996
0.55530351 0.29807004 -0.20999171
0.52061021 0.30973169 -0.23125716
0.49988341 0.30307531 -0.24227108
0.55713910 0.29668811 -0.21077839
0.55497855 0.29886344 -0.21016696
0.55249369 0.30637643 -0.21289638
0.53849053 0.30029136 -0.21509799
0.49025410 0.29741251 -0.25569603
0.51363170 0.30866471 -0.23033075
0.51515788 0.30564794 -0.22877043
0.56056029 0.29636315 -0.21141516
0.53621280 0.30985448 -0.21510848
0.52529186 0.30029911 -0.21963827
0.54303914 0.29740298 -0.21242805
0.52518833 0.30594817 -0.22375232
0.52434951 0.30593330 -0.22424744
0.56600255 0.29886052 -0.21079321
0.58262664 0.30099297 -0.21219099
0.55472398 0.30568597 -0.21262844
0.53924191 0.30604950 -0.21588853
0.52136940 0.30366409 -0.22454967
0.53396451 0.30449167 -0.21843237
0.49632767 0.29848039 -0.24499282
0.54948664 0.29567781 -0.21062614
0.51209271 0.30227384 -0.23021670
0.48329341 0.30400985 -0.26573044
0.54708815 0.30468386 -0.21421209
0.50566608 0.30206770 -0.23466326
0.52998704 0.31119615 -0.22210717
0.52949393 0.30224812 -0.21891285
0.50665820 0.30718768 -0.23525165
0.50750726 0.30149356 -0.23286949
0.49919841 0.29975581 -0.24179007
0.53229982 0.31036529 -0.21885502
0.53059316 0.30708647 -0.22025566
0.53808391 0.30784118 -0.21714635
0.57975626 0.30321896 -0.21083650
0.49416214 0.30305853 -0.25003025
0.54208332 0.29714051 -0.21589407
0.54592484 0.29808164 -0.21028681
0.53388560 0.31121296 -0.22032468
0.53829396 0.31075540 -0.21647814
0.53971440 0.31103778 -0.21582539
0.56586277 0.30186781 -0.21102045
0.49927598 0.30293566 -0.24388021
0.51641095 0.30595490 -0.22832400
0.56878471 0.30533823 -0.21020687
0.75800675 0.33069846 -0.24007915
0.73469013 0.31889564 -0.24069270
0.75752693 0.33322585 -0.23993270
0.76338136 0.34062731 -0.24409378
0.75773561 0.33341977 -0.23873156
0.73468083 0.32341680 -0.23914410
0.74677843 0.32581437 -0.23898278
0.62222940 0.30161282 -0.22648446
0.62689638 0.30514115 -0.22891119
0.58552843 0.29868597 -0.21348526
0.60134453 0.30626419 -0.21518099
0.58895600 0.30292228 -0.21316996
0.61179382 0.29871434 -0.21999393
0.61185831 0.29415107 -0.21945485
0.59179950 0.29979080 -0.21453270
0.63519460 0.29664505 -0.23463412
0.62684405 0.29544985 -0.23002432
0.61000407 0.30356032 -0.21904521
0.58532387 0.30583259 -0.21141027
0.58620447 0.30347183 -0.21181740
0.60453081 0.29899418 -0.21544737
0.62961316 0.29833788 -0.23100832
0.60989040 0.29329520 -0.21913005
0.60418540 0.29976511 -0.21731804
0.60271019 0.30360261 -0.21655194
0.61607522 0.29433531 -0.22338121
0.59294128 0.30246270 -0.21440576
0.61069250 0.29870829 -0.21952887
0.61996478 0.29709467 -0.22476712
0.62018555 0.30625963 -0.22297873
0.61732221 0.30734426 -0.22008193
0.58986419 0.30002007 -0.21387970
0.61592567 0.29863286 -0.22229135
0.63132471 0.29809466 -0.23175518
0.61011910 0.30514067 -0.21817210
0.61571157 0.30762887 -0.21894240
0.59582603 0.30639336 -0.21568295
0.58694845 0.29951140 -0.21364051
0.62866372 0.29748034 -0.23061748
0.61968493 0.29525742 -0.22617526
0.63677812 0.29756221 -0.29222512
0.56077766 0.30244198 -0.21218745
0.51653326 0.30158111 -0.22875965
0.53029639 0.30563027 -0.22351100
0.56483012 0.30477810 -0.21206871
0.53598070 0.30347440 -0.21871556
0.56333631 0.30396712 -0.21237887
0.55165809 0.30447632 -0.21310897
0.57062727 0.30447802 -0.21133515
0.54151446 0.30520040 -0.21624313
0.54373330 0.31024507 -0.21461049
0.57085198 0.30570534 -0.21000864
0.56525117 0.29915330 -0.21113800
0.56928265 0.30212566 -0.21201184
0.51609296 0.30222949 -0.22905864
0.56726670 0.29717040 -0.21109925
0.51473945 0.30616301 -0.23156287
0.52592295 0.30219918 -0.22463371
0.52050370 0.29943720 -0.22648908
0.55223334 0.30254740 -0.21299334
0.51933235 0.29975465 -0.22751735
0.52025503 0.29912025 -0.22639568
0.51774544 0.29921487 -0.22783644
0.57791084 0.29782113 -0.21373740
0.51712340 0.30179876 -0.22622190
0.52995586 0.30211666 -0.22214296
0.58212352 0.29835710 -0.21410868
0.54952705 0.30675259 -0.21366455
0.51448035 0.29947701 -0.22953437
0.63228965 0.30024114 -0.28992698
0.50768942 0.30143562 -0.23502718
0.48679715 0.30316195 -0.26287442
0.49448502 0.30441210 -0.25098023
0.48743096 0.30116841 -0.26359108
0.49206194 0.30492714 -0.25463095
0.48864642 0.29886216 -0.26080999
0.50515360 0.29987073 -0.23686641
0.49236697 0.30465078 -0.25405890
0.48797914 0.30466220 -0.25784564
0.48453030 0.30419925 -0.26591486
0.73078859 0.31776002 -0.24114357
0.71432269 0.31281281 -0.24607429
0.72761804 0.31808621 -0.24106130
0.76744366 0.33602643 -0.24343204
0.74496061 0.32413968 -0.23949370
0.70424759 0.31199995 -0.25314888
0.76385272 0.33604878 -0.24230827
0.75431693 0.32818714 -0.23994516
0.75885963 0.33152118 -0.24075013
0.73991495 0.32702795 -0.23969762
0.72417831 0.32044503 -0.24230666
0.72954535 0.31822181 -0.24145177
0.73929995 0.32056540 -0.23931351
0.71723604 0.31627202 -0.24361375
0.74387854 0.32616532 -0.23791687
0.74662471 0.32710996 -0.23920445
0.70864564 0.31511790 -0.25128010
0.74266136 0.32852802 -0.23933795
0.72418320 0.32129148 -0.24016213
0.71880692 0.31855699 -0.24371657
0.76225001 0.33674368 -0.24212454
0.72419715 0.31248072 -0.24085039
0.72653168 0.31286857 -0.24121822
0.66454279 0.29745346 -0.23526797
0.66525078 0.29719132 -0.21967718
0.66359472 0.30337149 -0.23222148
0.68357944 0.31214386 -0.20390876
0.66099358 0.31000394 -0.22850806
0.66399485 0.30307198 -0.22747286
0.68058676 0.31299439 -0.20359224
0.66824287 0.31177634 -0.22655015
0.66363287 0.29980817 -0.23036771
0.66741276 0.31941926 -0.20836309
0.66885698 0.31381062 -0.19901481
0.66843122 0.29864621 -0.21216278
0.66439569 0.31638819 -0.20432781
0.66580909 0.30685014 -0.21703088
0.66021556 0.30548337 -0.23526786
0.66741508 0.31934702 -0.20417690
0.67176509 0.29941320 -0.22512823
0.66727382 0.31101045 -0.21869490
0.66382873 0.29798549 -0.22267736
0.66965753 0.30338213 -0.23805755
0.66629529 0.31200409 -0.21249197
0.67179662 0.29895234 -0.21577722
0.67270726 0.30437553 -0.22988841
0.67693853 0.30083346 -0.21473445
0.66981375 0.29866555 -0.21652517
0.67072171 0.32107112 -0.20185477
0.66209430 0.30442679 -0.23379593
0.66499352 0.30680624 -0.21283165
0.67667449 0.30805323 -0.20395932
0.67773247 0.31526911 -0.20045395
0.67870200 0.31462222 -0.20155220
0.66589016 0.31785408 -0.20029835
0.66708678 0.31637961 -0.19975175
0.66832930 0.29767966 -0.22812371
0.66679913 0.29853737 -0.23705989
0.66414726 0.30399624 -0.21095410
0.66400570 0.30571905 -0.20453857
0.66504574 0.29703757 -0.22537985
0.66486627 0.30502370 -0.21947607
0.67361009 0.31534836 -0.19722499
0.66417438 0.29755744 -0.23673281
0.66396540 0.30090135 -0.21455646
0.66630977 0.31204376 -0.21411183
0.66712260 0.31074753 -0.23169553
0.66266292 0.31181100 -0.22835539
0.66947526 0.31973219 -0.19550967
0.66567570 0.30612385 -0.22034003
0.67083097 0.30889446 -0.22996856
0.65930730 0.30652991 -0.23552969
0.66369945 0.29909328 -0.22193594
0.66523188 0.29931039 -0.20529297
0.66364962 0.29961708 -0.20682216
0.66485751 0.31616446 -0.21374629
0.61202329 0.29674655 -0.21882570
0.61265874 0.29859641 -0.21914305
0.61421311 0.29588425 -0.22118579
0.64367640 0.29893914 -0.24142508
0.61994833 0.29959571 -0.22455944
0.61076438 0.30564597 -0.21766318
0.60618907 0.30798277 -0.21707848
0.61297393 0.30102089 -0.22037598
0.60358971 0.30097321 -0.21609198
0.65129769 0.29841295 -0.25089431
0.64390194 0.30150899 -0.24185383
0.60955453 0.30265635 -0.21863218
0.63434702 0.30368438 -0.23327342
0.62562668 0.30100283 -0.22745587
0.63059384 0.30145657 -0.23064895
0.61673570 0.30293152 -0.22142735
0.61974353 0.30279872 -0.22333494
0.64001566 0.30098826 -0.23845088
0.62742978 0.30295852 -0.22809027
0.60719854 0.30780110 -0.21745716
0.63429880 0.30254036 -0.23284955
0.69697160 0.36430335 -0.13417815
0.68973058 0.34638855 -0.16355298
0.68576008 0.34165320 -0.17318957
0.69443065 0.34099257 -0.17286615
0.69426775 0.34326872 -0.16515394
0.70100433 0.34460601 -0.17970015
0.69342768 0.36277503 -0.13759443
0.69826239 0.34371766 -0.17826295
0.68543029 0.34843004 -0.16151634
0.69585478 0.34852418 -0.17236967
0.69517738 0.34616145 -0.17361668
0.69849938 0.34862924 -0.15877964
0.68605131 0.34813160 -0.15563957
0.69086850 0.35805914 -0.14525561
0.70271647 0.37920818 -0.13213283
0.70212954 0.34482789 -0.17854288
0.69749278 0.35971802 -0.13862468
0.68827993 0.35259271 -0.15177257
0.69126898 0.35729361 -0.14764579
0.69689173 0.33814001 -0.18052305
0.70096397 0.38462126 -0.13111231
0.68407887 0.34120682 -0.17625692
0.68541735 0.34591687 -0.17052190
0.70642751 0.37343967 -0.12884466
0.70007110 0.35669822 -0.16856691
0.70456481 0.39441994 -0.11056737
0.69985080 0.37240812 -0.14236356
0.69078767 0.35089540 -0.14886028
0.70284152 0.37346658 -0.13053720
0.70051402 0.36046353 -0.16096759
0.69880319 0.36898777 -0.14973375
0.69917333 0.38146430 -0.13591164
0.69784546 0.36919352 -0.13777287
0.70414031 0.38245633 -0.12924060
0.69985211 0.35936502 -0.15743458
0.70088106 0.37657207 -0.13338700
0.70290232 0.34779024 -0.16592915
0.69981205 0.36199251 -0.15567787
0.68589997 0.34620729 -0.16639529
0.69808650 0.34161752 -0.16626403
0.69199508 0.34829786 -0.15422641
0.70419574 0.37852535 -0.12995918
0.69602656 0.38507414 -0.13488413
0.69993991 0.36151537 -0.16208190
0.69043201 0.34690377 -0.16165216
0.70158684 0.36837840 -0.14353146
0.70790792 0.39433932 -0.10979135
0.69099307 0.35914505 -0.13932110
0.69927418 0.36898747 -0.13333400
0.69965094 0.35899499 -0.16617347
0.69989151 0.36509836 -0.13499349
0.68774408 0.34761775 -0.15881546
0.70355237 0.36764571 -0.13908991
0.70593798 0.37924057 -0.12676866
0.70074010 0.36678141 -0.14872800
0.70318919 0.35292071 -0.16938235
0.69933861 0.35108829 -0.15783927
0.69490486 0.34673992 -0.15538272
0.70690757 0.38921854 -0.12260151
0.69581103 0.36492568 -0.13894932
0.69936365 0.35824075 -0.15028562
0.70023674 0.36205661 -0.14882350
0.69609040 0.35191357 -0.14865430
0.70152962 0.34040719 -0.17268993
0.70070565 0.35562065 -0.15992139
0.70041943 0.35207412 -0.15984613
0.70055717 0.33976233 -0.17776501
0.70316708 0.39108250 -0.12292159
0.70180953 0.39079747 -0.12374746
0.68795854 0.34165603 -0.17360298
0.68711323 0.33910665 -0.17722192
0.68838412 0.33748245 -0.17950867
0.68965620 0.33247155 -0.18628636
0.69463217 0.33262914 -0.18348548
0.69898653 0.35856405 -0.14390413
0.69018412 0.33419052 -0.18306945
0.70414311 0.39437312 -0.11839054
0.70841175 0.39325699 -0.11409725
0.69836348 0.36211300 -0.16337821
0.70148641 0.35580161 -0.16297089
0.70436245 0.39738730 -0.11392852
0.69699460 0.35430461 -0.14460512
0.68632489 0.33509916 -0.18357064
0.70570725 0.38062915 -0.12829816
0.70252895 0.37853509 -0.13029487
0.70522451 0.37971839 -0.12636764
0.70035893 0.34007120 -0.17128739
0.69885933 0.34975424 -0.15814762
0.70954514 0.39900076 -0.10677002
0.70618099 0.38959944 -0.12123512
0.69062465 0.33725670 -0.17968073
0.68807858 0.33371878 -0.18543226
0.70102227 0.36598092 -0.14594677
0.70414311 0.37367916 -0.13455889
0.68646562 0.34035406 -0.17549084
0.70011032 0.37611982 -0.13842493
0.68323767 0.34080184 -0.17614932
0.70320338 0.36830840 -0.13285907
0.65271991 0.29941744 -0.25472048
0.65719259 0.30270594 -0.26269710
0.65261739 0.30066994 -0.25413176
0.65522820 0.29919341 -0.25786164
0.66684806 0.29823440 -0.26252711
0.66384554 0.29553801 -0.27880421
0.66897410 0.30353859 -0.24098980
0.67217773 0.30636811 -0.23410463
0.66632229 0.29716089 -0.26662719
0.66308510 0.29891607 -0.27462167
0.66271585 0.30815327 -0.24089178
0.66497111 0.29990250 -0.24525666
0.66329980 0.30181637 -0.26736894
0.66479820 0.29627645 -0.26888469
0.65258938 0.29680473 -0.25321662
0.65615588 0.30343112 -0.25793454
0.65864891 0.29706654 -0.25589418
0.66966599 0.30752093 -0.24194367
0.66085774 0.30246326 -0.24664536
0.66564274 0.30539614 -0.24795765
0.66701788 0.29939637 -0.25514147
0.66711068 0.30143398 -0.24382029
0.65918583 0.30487943 -0.23749503
0.66786844 0.30187392 -0.25367466
0.66847527 0.30243030 -0.24895075
0.66387963 0.29641405 -0.26312685
0.66449201 0.30126119 -0.26444989
0.66489720 0.30436492 -0.25127554
0.67204618 0.30782071 -0.23084073
0.66798145 0.30566433 -0.24789715
0.66073990 0.30227089 -0.25962484
0.65958768 0.30390656 -0.24026997
0.66359490 0.29571536 -0.28313702
0.66131395 0.30052772 -0.24709536
0.66328174 0.30840242 -0.24127001
0.66225761 0.29695290 -0.27218720
0.66055918 0.29887533 -0.26825315
0.66213906 0.29617149 -0.26767176
0.68752122 0.34885210 -0.16415505
0.68796843 0.34615108 -0.16783717
0.69542670 0.35272858 -0.16789798
0.69952863 0.39667580 -0.11244363
0.69494587 0.36936995 -0.14774437
0.69585592 0.36826125 -0.14444859
0.69602627 0.37196687 -0.14445640
0.70135236 0.35468191 -0.17329298
0.69289571 0.35220799 -0.16515134
0.69190174 0.34615240 -0.17093298
0.69456333 0.37823069 -0.14444020
0.69031113 0.35152280 -0.15806164
0.69157511 0.35078093 -0.16441935
0.69407666 0.36205894 -0.15549333
0.69400430 0.36315927 -0.15299986
0.69372213 0.36817953 -0.16355914
0.70122117 0.39240426 -0.11461394
0.69411111 0.37353832 -0.15172139
0.70149797 0.38955495 -0.12132326
0.69444537 0.36132813 -0.15928178
0.70092666 0.39907631 -0.11048368
0.70229703 0.34805518 -0.17746066
0.69901502 0.35776827 -0.17090435
0.69558364 0.37338594 -0.14950867
0.69508922 0.38474554 -0.13566653
0.69851428 0.37187505 -0.13830154
0.69539130 0.36998630 -0.15542965
0.69690108 0.35054651 -0.17234907
0.69765800 0.35020790 -0.17357226
0.69467676 0.36585012 -0.16031106
0.69388080 0.37151250 -0.15442085
0.69366288 0.36241689 -0.14516345
0.69353700 0.36091620 -0.15353976
0.69105184 0.35438719 -0.15563403
0.69182634 0.35807112 -0.14831276
0.70079339 0.38730770 -0.12549146
0.69557172 0.36314529 -0.16841364
0.69621658 0.36209843 -0.17058358
0.69633037 0.35400480 -0.16975436
0.69704938 0.38066119 -0.13738361
0.69736189 0.38176468 -0.13578109
0.70003068 0.35192037 -0.17760876
0.69952363 0.38010663 -0.13442929
0.70100653 0.39311180 -0.11586854
0.69753820 0.38544929 -0.13134587
0.69414043 0.38079548 -0.14391446
0.69597870 0.37783539 -0.14572622
0.69317698 0.37755483 -0.15161127
0.67146271 0.30181882 -0.28318340
0.66768533 0.29603463 -0.27333155
0.66270268 0.29504010 -0.29633006
0.69290650 0.30793291 -0.26204729
0.69315308 0.30645770 -0.26138052
0.66690946 0.29342139 -0.29505980
0.70123875 0.31025431 -0.25316459
0.68418676 0.30361533 -0.26742160
0.67403114 0.30026814 -0.28064206
0.66916651 0.29738605 -0.28468460
0.66872436 0.29390681 -0.29148194
0.66849011 0.29461908 -0.29383978
0.69547373 0.30751634 -0.25665352
0.70629257 0.31099313 -0.25093213
0.69450849 0.30338663 -0.25658676
0.67970210 0.30132839 -0.27278671
0.66589791 0.29907504 -0.29285067
0.68281317 0.30537257 -0.26833829
0.68984985 0.30503026 -0.26114583
0.68328053 0.30788091 -0.26720127
0.67819673 0.30435747 -0.27381471
0.67732638 0.30063784 -0.27651194
0.68374032 0.30226871 -0.26947695
0.69620347 0.30882934 -0.25691727
0.68648279 0.30058405 -0.26766303
0.70640856 0.30774319 -0.25034159
0.66352242 0.29392195 -0.28709930
0.66587168 0.29422772 -0.28424138
0.70430166 0.30795267 -0.25084701
0.66387987 0.29830554 -0.29432312
0.66435146 0.29770917 -0.29880762
0.70424449 0.31033051 -0.25120348
0.69768041 0.30700108 -0.25685167
0.67374396 0.29846820 -0.28187147
0.67193705 0.30167821 -0.28174576
0.67107964 0.29821229 -0.28117532
0.66694802 0.29798549 -0.28121132
0.66863769 0.29724041 -0.29668957
0.69642651 0.31010583 -0.25668985
0.69741970 0.31019238 -0.25628147
0.66803646 0.29666036 -0.27745092
0.66832900 0.29630619 -0.27663529
0.67798918 0.30187234 -0.27298450
0.67288566 0.29795653 -0.27838093
0.68692517 0.30807132 -0.26540884
