-0.03425455 0.08146615 0.28053388
-0.03466914 0.08164909 0.28121305
-0.03338844 0.07844657 0.28439480
-0.03709419 0.08033713 0.28640732
-0.03791242 0.08142340 0.28681925
-0.03833766 0.08251025 0.28650099
-0.03799999 0.08095588 0.28745833
-0.03745673 0.08343083 0.28413072
-0.03661858 0.08101757 0.28509104
-0.03367950 0.08010592 0.28103575
-0.03371517 0.08117301 0.27976218
-0.03569045 0.08281280 0.28166386
-0.03574689 0.08322257 0.28112113
-0.03640444 0.08285304 0.28304935
-0.03608166 0.08050363 0.28466013
-0.03627021 0.07968657 0.28562045
-0.03785494 0.08015157 0.28800321
-0.03853476 0.08051427 0.28889510
-0.03600307 0.07886720 0.28611329
-0.03564498 0.08232595 0.28234300
-0.03552513 0.08246226 0.28186628
-0.03433393 0.08168769 0.28046384
-0.03809268 0.08319016 0.28833020
-0.03772340 0.08432237 0.28613442
-0.03848698 0.08266538 0.28777710
-0.03469580 0.07963329 0.28298220
-0.03674139 0.07850130 0.28770059
-0.03616655 0.07853756 0.29230312
-0.03739271 0.07936987 0.29090378
-0.03728179 0.07848559 0.28978407
-0.03622444 0.07803219 0.28985888
-0.03569449 0.07890215 0.29023397
-0.03593968 0.07839075 0.29090875
-0.01968038 0.08417517 0.27479523
-0.02128458 0.08295336 0.27530673
-0.02055781 0.08294099 0.27513573
-0.03195786 0.08564575 0.27511904
-0.03039632 0.08608763 0.27298597
-0.03047019 0.08482257 0.27280411
-0.03375771 0.07935543 0.28606066
-0.03694875 0.08429953 0.28445303
-0.03697250 0.08443765 0.28540722
-0.03656822 0.08450127 0.28560576
-0.03635610 0.08431868 0.28423941
-0.03570117 0.08152366 0.29010671
-0.03558488 0.08096568 0.28955042
-0.03470237 0.08374987 0.28558579
-0.03368659 0.08407830 0.28395820
-0.03431836 0.08273445 0.28562492
-0.02823283 0.08180920 0.27539769
-0.02793083 0.08133002 0.27611557
-0.02813684 0.08145706 0.27596241
-0.03353946 0.07775601 0.28551072
-0.02649073 0.08072700 0.27845547
-0.02599011 0.08117898 0.27715972
-0.02153145 0.08281220 0.26891533
-0.02277695 0.08347971 0.26690522
-0.02239118 0.08316351 0.26779339
-0.02259777 0.08338845 0.26718283
-0.03240960 0.08220904 0.28383371
-0.03223168 0.08267032 0.28327027
-0.03383135 0.08259566 0.28514716
-0.03377769 0.08140708 0.28561088
-0.03505046 0.08051770 0.28756803
-0.02548280 0.08435542 0.27666077
-0.02532671 0.08371843 0.27711040
-0.02278868 0.08344081 0.27569911
-0.02189870 0.08638684 0.27329597
-0.01929339 0.08648977 0.27326855
-0.02601437 0.08595856 0.27495497
-0.02671315 0.08633350 0.27459776
-0.02478108 0.08586613 0.27444339
-0.02113807 0.08505214 0.27436525
-0.03204449 0.07980964 0.28400925
-0.03271142 0.07957594 0.28463030
-0.02755079 0.08404712 0.27824765
-0.02500588 0.08514539 0.27564809
-0.02382037 0.08615825 0.27377838
-0.02339624 0.08647364 0.27333301
-0.02326896 0.08655176 0.27321935
-0.02669333 0.08324600 0.27819380
-0.02589417 0.08285396 0.27787703
-0.02441260 0.08354272 0.27666131
-0.02315115 0.08431200 0.27518517
-0.02219168 0.08227865 0.27561665
-0.02356615 0.08230571 0.27663442
-0.03000554 0.08543969 0.27828819
-0.03159023 0.08547401 0.27920741
-0.03243979 0.08493969 0.28106660
-0.03163420 0.08647339 0.27587315
-0.03101264 0.08656525 0.27537039
-0.03113654 0.08658129 0.27529734
-0.03220079 0.08623947 0.27708903
-0.01895772 0.08358583 0.26998544
-0.01923447 0.08341736 0.27020800
-0.02187275 0.08206990 0.27105853
-0.02261654 0.08161587 0.27166292
-0.02869784 0.08417718 0.27908108
-0.02924572 0.08506265 0.27844909
-0.02889029 0.08686228 0.27381685
-0.02729945 0.08765922 0.27113673
-0.02643331 0.08698767 0.27306417
-0.02777519 0.08730573 0.27229103
-0.02707165 0.08744009 0.27177390
-0.03398505 0.08527035 0.27976370
-0.03539361 0.08441957 0.28040105
-0.03693179 0.08414879 0.28238100
-0.03454499 0.08320264 0.27885133
-0.03489970 0.08356465 0.27897283
-0.03448320 0.08490627 0.28177246
-0.03758693 0.08429729 0.28391317
-0.03691681 0.08446144 0.28336939
-0.03330078 0.08461066 0.27670610
-0.03209012 0.08574048 0.27531144
-0.02809265 0.08631498 0.27542043
-0.03158696 0.08606347 0.27792743
-0.03052046 0.08562385 0.27819061
-0.03751161 0.08388165 0.28869301
-0.03698964 0.08320670 0.28952378
-0.03668472 0.08256366 0.29017806
-0.03541198 0.08257382 0.28778666
-0.03577615 0.08272258 0.28848916
-0.03557698 0.08225422 0.28875667
-0.03168559 0.08179864 0.28316817
-0.03381931 0.08179808 0.28556132
-0.03180391 0.08333075 0.28228557
-0.03035764 0.08281042 0.28131601
-0.03006162 0.08364306 0.28066930
-0.02352262 0.08115305 0.27598625
-0.02389916 0.08124366 0.27590600
-0.02430590 0.08121444 0.27732170
-0.02279009 0.08124237 0.27300286
-0.01789314 0.08617381 0.27256253
-0.02418330 0.08132739 0.27437085
-0.02567204 0.08122957 0.27673498
-0.02471798 0.08133666 0.27676249
-0.03498919 0.07791189 0.28566402
-0.01958298 0.08542370 0.27398086
-0.01843215 0.08397131 0.27254713
-0.01814731 0.08435656 0.27411467
-0.02773695 0.08295035 0.27913308
-0.02775536 0.08319360 0.27900207
-0.02777086 0.08245519 0.27945495
-0.02947106 0.08670186 0.27200577
-0.02906328 0.08569032 0.27105293
-0.02842533 0.08685674 0.27067977
-0.02889191 0.08731541 0.27148598
-0.03463770 0.08441813 0.27877364
-0.03337955 0.08535024 0.27746803
-0.03097913 0.08160715 0.28243414
-0.03045655 0.07992273 0.28246498
-0.03126040 0.08092527 0.28295863
-0.02716835 0.08104859 0.27958003
-0.03036349 0.08180320 0.28174090
-0.02870922 0.08004566 0.28082934
-0.03850336 0.08091979 0.28988963
-0.03648011 0.07890678 0.29198259
-0.02944672 0.08039749 0.27848417
-0.02898202 0.08074103 0.27754486
-0.02729072 0.08340011 0.27259406
-0.02988250 0.08408275 0.27321839
-0.02940252 0.08400977 0.27302548
-0.01903455 0.08318606 0.27436206
-0.01980493 0.08195515 0.27427056
-0.01962595 0.08221909 0.27328393
-0.03243898 0.07861544 0.28422901
-0.03114017 0.07891546 0.28167284
-0.03162161 0.08016650 0.27927822
-0.03331383 0.08083720 0.27970618
-0.03157185 0.08030292 0.27911562
-0.02385834 0.08309394 0.26879311
-0.02632326 0.08300032 0.27233845
-0.02312744 0.08240733 0.26951647
-0.02321495 0.08279406 0.26867336
-0.02549707 0.08330936 0.27046037
-0.03105173 0.08183884 0.27704287
-0.03064370 0.08285368 0.27545354
-0.02487688 0.08357996 0.26896715
-0.02533476 0.08378267 0.26925203
-0.02395308 0.08425083 0.26638058
-0.02484278 0.08437923 0.26742870
-0.03580876 0.07949112 0.29098755
-0.03555927 0.07991716 0.28941488
-0.02681286 0.08499564 0.26891863
-0.02822202 0.08508438 0.27040571
-0.02601648 0.08526249 0.26744318
-0.03131510 0.07917339 0.28065217
-0.02944055 0.07946637 0.28053266
-0.02979001 0.08201081 0.27598345
-0.02973953 0.08257616 0.27523240
-0.02931799 0.08206157 0.27561939
-0.03548504 0.07799606 0.28719750
-0.03523667 0.07830907 0.28716937
-0.03305594 0.08191667 0.27834401
-0.03083199 0.08417635 0.27388951
-0.03063495 0.08410579 0.27381566
-0.02545682 0.08248774 0.27242446
-0.02639430 0.08152810 0.27505288
-0.02621105 0.08204783 0.27395567
-0.02543209 0.08232027 0.27269375
-0.02018161 0.08245265 0.27180570
-0.02106389 0.08125884 0.27346075
-0.01973476 0.08281482 0.27142379
0.04457721 0.06329902 0.20605454
0.04620066 0.06152264 0.20789427
0.04564014 0.06048935 0.20742197
0.03688916 0.10116333 0.18786341
0.04442368 0.06478362 0.20518182
0.03596758 0.09251504 0.19256483
0.03717222 0.09065410 0.19373111
0.03692960 0.09801871 0.18985707
0.03658549 0.09872447 0.18918186
0.04063072 0.09659217 0.19332777
0.03975157 0.09845173 0.19242176
0.04013120 0.09802701 0.19359845
0.03843905 0.09430791 0.19332604
0.03875189 0.09458421 0.19339374
0.04871825 0.05145555 0.20532028
0.04783577 0.05414206 0.20554966
0.04827927 0.05750754 0.20410413
0.04775387 0.05709640 0.20480788
0.04752368 0.05692581 0.20511350
0.04990491 0.06060664 0.20262493
0.05045623 0.06072843 0.20250629
0.05180487 0.05617107 0.20272414
0.05129728 0.05889472 0.20253663
0.05006235 0.06292546 0.20235205
0.05013599 0.06013533 0.20262986
0.05278174 0.05751323 0.20239605
0.05272185 0.05589784 0.20257659
0.04574236 0.08590775 0.19851921
0.04914187 0.06477192 0.20238537
0.04797764 0.06148037 0.20300408
0.04769346 0.06322646 0.20290123
0.04725888 0.06604898 0.20272879
0.04954377 0.06268374 0.20249285
0.04833411 0.06497821 0.20256670
0.04764161 0.06176321 0.20305990
0.04659809 0.06352117 0.20314564
0.04068615 0.09558038 0.19417293
0.04558894 0.06522112 0.20332369
0.04839616 0.05790236 0.20375110
0.04832930 0.05899893 0.20322314
0.04677692 0.05867158 0.20544282
0.04597760 0.06363276 0.20370574
0.04752063 0.05863412 0.20448850
0.04936611 0.06596942 0.20213552
0.04702090 0.06835410 0.20216171
0.04620517 0.06963725 0.20204294
0.04921377 0.06637149 0.20206755
0.04697577 0.07067931 0.20151970
0.04679398 0.07018962 0.20171188
0.05045868 0.04931939 0.20449024
0.05196763 0.04788318 0.20364814
0.04958625 0.05599106 0.20316774
0.05133082 0.05065549 0.20333253
0.04933733 0.05592469 0.20340060
0.04956929 0.05344496 0.20397088
0.04924895 0.05198194 0.20469727
0.04873333 0.05130965 0.20534527
0.03788642 0.08413045 0.19700924
0.05130960 0.05165065 0.20323844
0.05328551 0.04849435 0.20315944
0.05183413 0.05213157 0.20309490
0.05062214 0.05366648 0.20318064
0.05244933 0.04976612 0.20319882
0.05093314 0.05239693 0.20324002
0.05417527 0.05383955 0.20249496
0.05322253 0.05413691 0.20264687
0.05138230 0.05077892 0.20330577
0.05202278 0.05528736 0.20276605
0.04726605 0.05543223 0.20619324
0.04706347 0.05655574 0.20597333
0.04807560 0.05204373 0.20626271
0.04720236 0.05590349 0.20603736
0.04583004 0.07508137 0.20054288
0.04554316 0.07831039 0.19970794
0.04559760 0.07760433 0.19989242
0.04497509 0.07764617 0.20002379
0.04506430 0.07230091 0.20154233
0.04524092 0.07094765 0.20190097
0.04548523 0.07192679 0.20154722
0.04536170 0.07439785 0.20084190
0.04542970 0.06942628 0.20230666
0.04366613 0.07310409 0.20265476
0.04467365 0.06918601 0.20262529
0.04408298 0.07022109 0.20335028
0.04394041 0.07270239 0.20227385
0.04366983 0.07313217 0.20263083
0.04205166 0.08825772 0.19734590
0.04236098 0.08791332 0.19757350
0.05128791 0.07274335 0.20242058
0.05033006 0.06919102 0.20191553
0.05138719 0.06813275 0.20264052
0.05038259 0.07165347 0.20172404
0.05403931 0.05777195 0.20248897
0.05296444 0.06098050 0.20251991
0.05393080 0.05950731 0.20265909
0.05266816 0.06206964 0.20255266
0.05298094 0.05961495 0.20236371
0.05401620 0.05630422 0.20230784
0.04977970 0.07592745 0.20171061
0.05185598 0.06978287 0.20277771
0.05000957 0.07338633 0.20146781
0.03675961 0.09972519 0.18871103
0.05161112 0.06968726 0.20263310
0.05142524 0.07014243 0.20248125
0.04472238 0.06622601 0.20387596
0.04622058 0.08372819 0.20041187
0.05087044 0.06635059 0.20242271
0.05163416 0.06511371 0.20255703
0.05151540 0.06550420 0.20255195
0.04873583 0.07241867 0.20118065
0.04976355 0.06794418 0.20178178
0.04939357 0.06979719 0.20153838
0.05394172 0.06598657 0.20400956
0.05409387 0.06443573 0.20360051
0.05430997 0.06525826 0.20449707
0.03466156 0.09977198 0.18774518
0.03445113 0.10009594 0.18738379
0.05353064 0.06644795 0.20456882
0.03950391 0.08996994 0.19580629
0.04107746 0.08880945 0.19686294
0.04095805 0.08876230 0.19685033
0.03976393 0.08932550 0.19620715
0.05358059 0.06773490 0.20419978
0.04622380 0.05942835 0.20606637
0.05231811 0.07077646 0.20386687
0.03635564 0.09847912 0.18911444
0.05241671 0.07022757 0.20443557
0.04606090 0.06526031 0.20615810
0.04547686 0.06391978 0.20701583
0.04452027 0.06544682 0.20612241
0.03893168 0.09699152 0.19224265
0.03849482 0.09851400 0.19111145
0.04530067 0.06967203 0.20508541
0.04557681 0.06911155 0.20501438
0.04558058 0.06218892 0.20537615
0.04580468 0.06123339 0.20559321
0.05323947 0.06690036 0.20547830
0.05304736 0.06947939 0.20482986
0.03814807 0.08392608 0.19840287
0.04622969 0.05882067 0.20650457
0.04633325 0.05857654 0.20644192
0.03755496 0.08916993 0.19481944
0.03787647 0.08751305 0.19520847
0.04215000 0.07340290 0.20457505
0.04279417 0.06976385 0.20479040
0.04332063 0.07165418 0.20531470
0.03783627 0.08711393 0.19693546
0.03825985 0.08543549 0.19799648
0.04372573 0.06658141 0.20539309
0.04439741 0.06823381 0.20570813
0.04412874 0.06833600 0.20554912
0.04677334 0.06653607 0.20527078
0.04611224 0.06656660 0.20550163
0.04823716 0.06513013 0.20515403
0.04789564 0.06631035 0.20491055
0.04735035 0.06385580 0.20603731
0.04762077 0.06215039 0.20677966
0.04868941 0.06346660 0.20562512
0.04731772 0.06482547 0.20563041
0.04421549 0.06901793 0.20349078
0.04361652 0.07099013 0.20363553
0.04642199 0.05758132 0.20803422
0.04604964 0.05816631 0.20766488
0.04787295 0.08079792 0.20044927
0.03774934 0.09661392 0.19131424
0.03768600 0.09700084 0.19105540
0.03495922 0.09486769 0.19140537
0.03621625 0.09403141 0.19244784
0.04339287 0.08913912 0.19523582
0.04384328 0.08915901 0.19610764
0.04528551 0.08578911 0.19748978
0.04583722 0.08302692 0.19801237
0.04606031 0.08258373 0.19822831
0.04855408 0.07519557 0.20049015
0.04720846 0.07563773 0.20016631
0.04866418 0.07434579 0.20073219
0.04920541 0.07410937 0.20087796
0.04575124 0.08401751 0.20045096
0.04422466 0.08672793 0.19850646
0.04031532 0.08640119 0.19790219
0.03914646 0.08526993 0.19840780
0.03973733 0.08585220 0.19814549
0.03861675 0.09983892 0.18949158
0.04707849 0.08004210 0.19930367
0.04448455 0.08552539 0.19932586
0.04229742 0.08574488 0.19871388
0.04139572 0.08616746 0.19826469
0.03513934 0.09750549 0.19015090
0.03674424 0.09629648 0.19116056
0.04714553 0.06229306 0.20707111
0.04685364 0.06230027 0.20733581
0.03955527 0.08941193 0.19610190
0.03954582 0.08848563 0.19657262
0.03783725 0.08860857 0.19603172
0.03878926 0.08885852 0.19617037
0.04252732 0.08641566 0.19600977
0.04273317 0.08687753 0.19586056
0.03735658 0.09018754 0.19502312
0.03665048 0.09151829 0.19393958
0.03739478 0.08964067 0.19533837
0.03980101 0.09824874 0.19303031
0.04673508 0.08198128 0.19888650
0.04220178 0.08779777 0.19537804
0.04078115 0.08970103 0.19452241
0.04188090 0.08622381 0.19601795
0.04325980 0.06817595 0.20445879
0.04346482 0.06860080 0.20421644
0.04118211 0.09500910 0.19306432
0.04744882 0.07890916 0.19952402
0.04893447 0.07734424 0.20101608
0.03888503 0.09615810 0.19150101
0.03973556 0.09554219 0.19209382
0.03862518 0.09726564 0.19091384
0.03498688 0.10121726 0.18655534
0.03429306 0.10146105 0.18610235
0.03957083 0.09695088 0.19142628
0.05335668 0.06512914 0.20325327
0.05328791 0.06696287 0.20375864
0.04127617 0.09187938 0.19547753
0.04501535 0.08341211 0.19763054
0.04410883 0.08339496 0.19743240
0.04360334 0.08529156 0.19680893
0.03778629 0.10079068 0.18901281
0.03908219 0.09245159 0.19445400
0.03812808 0.09281222 0.19397736
0.04304060 0.09052262 0.19601370
0.04089685 0.09396442 0.19307932
0.04148070 0.09168138 0.19379804
0.04017003 0.09362343 0.19304936
0.04341782 0.08838181 0.19741169
0.04199252 0.09299654 0.19381751
0.04231442 0.09269797 0.19508326
0.04505111 0.06192125 0.20683748
0.04422129 0.06418610 0.20609993
0.04342185 0.08977439 0.19550912
0.02675601 0.09485701 0.22671980
0.02604446 0.09307797 0.22976558
0.02695261 0.09340732 0.22941960
0.02618546 0.09334701 0.22930610
0.03010310 0.08884682 0.23936459
0.03008734 0.08932740 0.23859093
0.03005044 0.09001093 0.23746662
0.02540236 0.09571738 0.22515847
0.02512026 0.09625753 0.22417948
0.02592630 0.09525965 0.22590943
0.02628337 0.09551980 0.22543383
0.02738176 0.08680677 0.23831531
0.02779851 0.08707100 0.23859823
0.02819230 0.08743148 0.23875587
0.02655258 0.08953359 0.23429601
0.02713786 0.08935072 0.23494785
0.03313951 0.10029188 0.22512181
0.03250138 0.09795003 0.22714819
0.03227121 0.09768604 0.22708975
0.03179638 0.09767082 0.22561312
0.02243085 0.09356217 0.22792004
0.02727667 0.08568598 0.23919243
0.02721695 0.08542644 0.23931597
0.02968671 0.08772535 0.24124378
0.02934056 0.08743933 0.24039462
0.02418847 0.08818836 0.23265260
0.02450251 0.08743983 0.23381159
0.02900004 0.08217717 0.24391608
0.03364179 0.10132737 0.22310242
0.02821311 0.08711992 0.23325182
0.02789428 0.08522823 0.23697136
0.02960343 0.08734281 0.23485895
0.02796992 0.08552518 0.23642620
0.02871865 0.08101185 0.24425317
0.02762242 0.07673791 0.24806458
0.02847595 0.08014678 0.24491423
0.02720567 0.08811305 0.23641297
0.02725979 0.08834732 0.23611251
0.02843132 0.08808861 0.23806378
0.02877134 0.08902566 0.23702435
0.02554687 0.08659965 0.23352036
0.03397855 0.10035424 0.22570233
0.02840433 0.08076962 0.24663554
0.02811968 0.07920393 0.24681596
0.02843552 0.08112025 0.24720423
0.02841245 0.08093357 0.24702246
0.02357060 0.09135494 0.22742413
0.02288111 0.09312993 0.22623023
0.02353123 0.09063283 0.22873136
0.02406025 0.09180949 0.22540741
0.02880975 0.08260926 0.24487489
0.02421725 0.09723056 0.22363728
0.02541232 0.09754030 0.22190639
0.02334888 0.09767906 0.22391523
0.02609251 0.08599721 0.23471309
0.02673443 0.08679750 0.23296836
0.02660460 0.08581054 0.23505525
0.02691335 0.08651601 0.23354243
0.02631142 0.08605210 0.23743412
0.02538484 0.08642046 0.23597749
0.02271396 0.09220167 0.22939692
0.02332675 0.09019759 0.23019911
0.02283229 0.09198195 0.22892709
0.02922680 0.08661640 0.24172521
0.02868641 0.08533286 0.24214669
0.02893955 0.08284909 0.24573998
0.03367277 0.09934658 0.22745661
0.02843584 0.08040677 0.24525362
0.02806554 0.07880615 0.24665698
0.02411743 0.08782613 0.23267625
0.02889702 0.08452059 0.24368362
0.02880334 0.08394062 0.24381422
0.02347606 0.09237932 0.23098271
0.02376398 0.09446931 0.22806385
0.02341681 0.09247315 0.23086670
0.02729031 0.08546598 0.23600206
0.02689534 0.08506731 0.23668920
0.03021684 0.09819830 0.22042814
0.03108817 0.09785762 0.22278136
0.03072000 0.09784603 0.22224060
0.03209100 0.09907209 0.22125770
0.03200405 0.09861411 0.22284247
0.03263284 0.09933282 0.22367561
0.03335923 0.10128859 0.22338025
0.03225591 0.09969662 0.21953025
0.03248569 0.09991649 0.22066246
0.02895871 0.09780466 0.22003557
0.02849749 0.09839401 0.21718842
0.02883475 0.09771167 0.22043476
0.02918652 0.09843530 0.21717243
0.02372003 0.09005993 0.23270452
0.02464388 0.08854922 0.23329853
0.02415296 0.08915262 0.23275788
0.02756745 0.08238859 0.24188901
0.02843835 0.08120163 0.24358143
0.03305516 0.10118113 0.22240148
0.02358604 0.09596161 0.22602248
0.02313502 0.09693882 0.22432522
0.02784936 0.09623875 0.22414170
0.02845035 0.09714368 0.22196537
0.02801472 0.09742524 0.22127809
0.03068517 0.09703812 0.22459853
0.02925161 0.09672322 0.22378151
0.03020241 0.09675492 0.22493413
0.02251939 0.09305581 0.22972794
0.02966633 0.09851846 0.21778859
0.02957660 0.09862439 0.21711823
0.03085870 0.09918752 0.21791652
0.03024082 0.09892248 0.21750496
0.02979588 0.09823735 0.21929835
0.02360599 0.09207109 0.23130830
0.02596695 0.08800488 0.23575631
0.02532333 0.09064809 0.23288065
0.02418557 0.09125903 0.23232850
0.02245338 0.09361674 0.22734655
0.02501848 0.09208476 0.23078872
0.03010809 0.08839446 0.24127907
0.03085551 0.08951323 0.24078354
0.02903467 0.09400865 0.22913881
0.02838907 0.09472252 0.22745410
0.02803312 0.09538912 0.22605994
0.02650559 0.09293254 0.23009461
0.02822127 0.09256618 0.23101716
0.02585707 0.09211691 0.23090713
0.02544424 0.09382330 0.22841638
0.03164609 0.08961457 0.24105035
0.03100106 0.08923472 0.24150401
0.02791483 0.08290617 0.24284714
0.02711779 0.08378702 0.24061389
0.03918253 0.08065344 0.20029652
0.03865926 0.08313175 0.19760981
0.03928011 0.08170661 0.19867928
0.03792053 0.08935478 0.19386646
0.03938569 0.08531880 0.19609912
0.03889036 0.08607352 0.19566059
0.04077151 0.08637372 0.19568360
0.04215842 0.08197156 0.19813803
0.04354424 0.07725210 0.20026702
0.04264661 0.07863630 0.19978601
0.04209685 0.08040616 0.19899638
0.03966084 0.08317129 0.19748095
0.04117930 0.08483373 0.19652577
0.03872263 0.08414352 0.19674706
0.03947457 0.08341414 0.19730224
0.04461605 0.08128401 0.19832338
0.04424983 0.08188473 0.19803350
0.04360181 0.08160245 0.19816720
0.04440089 0.08131013 0.19831017
0.04499547 0.08162927 0.19815858
0.04399098 0.07723472 0.20026794
0.04393450 0.07879093 0.19951969
0.02957830 0.10559063 0.18408766
0.03023649 0.10512269 0.18277347
0.02992132 0.10510339 0.18390536
0.03005105 0.10629892 0.18133196
0.03018426 0.10651881 0.18054354
0.02616713 0.10756113 0.18905252
0.02684985 0.10604693 0.18937492
0.02750284 0.10394259 0.19031392
0.02740656 0.10478641 0.18966261
0.02773483 0.10865023 0.18338673
0.02735241 0.10750372 0.18642417
0.02855776 0.10764099 0.18324447
0.02798631 0.10825455 0.18350375
0.02736027 0.10839266 0.18477008
0.02748588 0.10714181 0.18670833
0.02831630 0.10556564 0.18731412
0.02826922 0.10569055 0.18722227
0.02753946 0.10715249 0.18656568
0.02915965 0.10475322 0.18655857
0.02784109 0.10347677 0.19067512
0.02873288 0.10806961 0.18201813
0.02932257 0.10726215 0.18195508
0.02822335 0.10348300 0.18983854
0.03079512 0.10317007 0.18345623
0.03094340 0.10367350 0.17980736
0.03105614 0.10276131 0.18228610
0.03239224 0.10038080 0.18595287
0.03375746 0.09980388 0.18755527
0.03334134 0.10044453 0.18663700
0.03120984 0.10202682 0.18418966
0.03931921 0.08108330 0.19928323
0.03664622 0.09898166 0.18884310
0.03577149 0.09953526 0.18743847
0.03374362 0.10131439 0.18318155
0.03382503 0.09915658 0.18573731
0.03269590 0.10120759 0.18289089
0.03401132 0.09976205 0.18511772
0.03769554 0.09247354 0.19247785
0.03801642 0.09387685 0.19207945
0.03715710 0.09415109 0.19155794
0.03119276 0.10274946 0.18107174
0.03438612 0.09747490 0.18875720
0.03446713 0.09691709 0.18878946
0.04148018 0.08597499 0.19600981
0.03936068 0.08948569 0.19413270
0.04099838 0.08754713 0.19535010
0.03792749 0.09079204 0.19318476
0.03634966 0.09318294 0.19136429
0.03570684 0.09346468 0.19162259
0.03534316 0.09404215 0.19123890
0.03595230 0.09658424 0.18969040
0.03679784 0.09438983 0.19123320
0.03803572 0.09531163 0.19150954
0.03797021 0.09520623 0.19152334
0.03713546 0.09678882 0.19048630
0.03149667 0.10122656 0.18375218
0.03248692 0.09954397 0.18659188
0.03272852 0.09985948 0.18484411
0.03196128 0.10064242 0.18414319
0.03290839 0.09950947 0.18543160
0.03585052 0.09719748 0.18921563
0.03008357 0.10757612 0.17911650
0.05579965 0.02967391 0.20228140
0.05613391 0.02768712 0.20092936
0.04951695 0.04646291 0.20645966
0.05067507 0.04464646 0.20596458
0.05938411 0.02471792 0.19948433
0.05827035 0.03198265 0.20088375
0.05925785 0.02290253 0.19931269
0.05897740 0.02314695 0.19954883
0.05755020 0.02342202 0.19944951
0.05595084 0.03602201 0.20378849
0.05639026 0.03548831 0.20353675
0.04990799 0.04862710 0.20752586
0.05339584 0.03672174 0.20482188
0.05402656 0.03894372 0.20486520
0.05194226 0.04230973 0.20713270
0.05338042 0.04771882 0.20615457
0.05143650 0.04697696 0.20736961
0.04760661 0.05183743 0.20751764
0.04773710 0.05135054 0.20743842
0.05515766 0.03455706 0.20416617
0.05681020 0.03530381 0.20328739
0.05723432 0.02374185 0.19951569
0.05673502 0.02556018 0.19969054
0.05849095 0.02418066 0.19863284
0.04895362 0.04758859 0.20731091
0.04781540 0.05192454 0.20764980
0.05458711 0.03276031 0.20489433
0.05725733 0.03341176 0.20228830
0.05691605 0.03420931 0.20289896
0.05061400 0.04358234 0.20762961
0.05271972 0.04253986 0.20499660
0.05232828 0.04308008 0.20509957
0.05164886 0.04326125 0.20561519
0.05586759 0.02806268 0.20084955
0.05424917 0.03309056 0.20522563
0.05430808 0.03458272 0.20359303
0.05419289 0.03301949 0.20441927
0.05787206 0.02487816 0.19998242
0.05245598 0.03971501 0.20596942
0.05372354 0.03397621 0.20427628
0.05351231 0.03756567 0.20484561
0.05189845 0.04050149 0.20626403
0.05064412 0.04369933 0.20697787
0.04952319 0.04576400 0.20677762
0.05107689 0.04262218 0.20664960
0.05364849 0.03489863 0.20398669
0.05739878 0.02949292 0.20102917
0.05780615 0.02397809 0.19997248
0.05966933 0.02311198 0.19834518
0.05761177 0.03442160 0.20251128
0.05283029 0.04231357 0.20683213
0.05394092 0.04241777 0.20538428
0.04860219 0.04992742 0.20670757
0.05268277 0.04634862 0.20651299
0.05336517 0.04560886 0.20598778
0.05605852 0.02894612 0.20204502
0.05117091 0.04653673 0.20479096
0.05208760 0.04627477 0.20404540
0.05197901 0.04481580 0.20467244
0.05096959 0.04454643 0.20569511
0.05345908 0.03608546 0.20478816
0.05391657 0.03677335 0.20468010
0.05664619 0.02755041 0.20131920
0.05110360 0.04907173 0.20709912
0.05079346 0.04936818 0.20722561
0.04885951 0.04817129 0.20725875
0.04905544 0.05109615 0.20755063
0.05564969 0.03355709 0.20271516
0.05464455 0.03554743 0.20365845
0.05216526 0.04514165 0.20697095
0.05263277 0.04450759 0.20661801
0.04984990 0.04625762 0.20720159
0.05333156 0.04035453 0.20577787
0.05302283 0.04093375 0.20621076
0.05712218 0.02981343 0.20146145
0.02877134 0.09279014 0.23101562
0.02854396 0.09178231 0.23254043
0.02893321 0.09054511 0.23488265
0.03407838 0.09414130 0.23514284
0.03381446 0.09367441 0.23556560
0.03359430 0.09496574 0.23286696
0.02982451 0.09377773 0.23029698
0.03140757 0.09454355 0.23051240
0.03115106 0.09386434 0.23154327
0.03224188 0.09391645 0.23260482
0.03096513 0.09602223 0.22720225
0.03159304 0.09226083 0.23531991
0.03110302 0.09099989 0.23741913
0.03096341 0.09200469 0.23475513
0.03135286 0.09228698 0.23480825
0.03049691 0.08783700 0.23503949
0.03035477 0.08854225 0.23309895
0.02982429 0.08757494 0.23467350
0.02994652 0.08915197 0.23099366
0.03044500 0.08758499 0.23557898
0.02888678 0.08922085 0.22923695
0.02816417 0.08357215 0.24053062
0.03274858 0.10077654 0.21980855
0.02965546 0.09122141 0.23445907
0.02931524 0.09152648 0.23361525
0.03122257 0.09312950 0.23288743
0.02926216 0.09085537 0.23466760
0.03235087 0.09240153 0.23622763
0.03262278 0.09375946 0.23351024
0.03238347 0.09348326 0.23379038
0.03317604 0.09338676 0.23518619
0.03316481 0.09762505 0.22933039
0.03312378 0.09771767 0.22909641
0.03183043 0.09731822 0.22660212
0.03317862 0.09829157 0.22838295
0.03274307 0.08921353 0.23971172
0.03226875 0.08847673 0.23986340
0.03230183 0.08909337 0.24236752
0.03231209 0.08898076 0.24259466
0.02990992 0.08556522 0.24583754
0.03336825 0.09825807 0.22174743
0.03346331 0.09846132 0.22216736
0.03463360 0.09671635 0.23192388
0.03437428 0.09583892 0.23264553
0.03417162 0.09593019 0.23233557
0.03187780 0.09198663 0.22818898
0.03206607 0.09234717 0.22780848
0.03251202 0.09227010 0.22904737
0.03122330 0.09140824 0.22796024
0.03050994 0.08543585 0.24228579
0.03314288 0.09021383 0.23665388
0.03249180 0.08897568 0.23846358
0.03201426 0.08796084 0.24064071
0.03253708 0.08875425 0.24166936
0.03270706 0.09402384 0.22590995
0.03127983 0.09217743 0.22642985
0.03213882 0.09389665 0.22503254
0.03230321 0.09496169 0.22345221
0.02927290 0.08269027 0.24640958
0.03029602 0.08530881 0.24152032
0.03148778 0.08791520 0.23822290
0.03118320 0.08757128 0.23811074
0.03470279 0.09464676 0.23339854
0.03464336 0.09431449 0.23265663
0.03435545 0.09717212 0.22650862
0.03417608 0.09670935 0.22595766
0.02855391 0.07960013 0.24675387
0.02894127 0.08120322 0.24648646
0.02882274 0.08067256 0.24653900
0.03005321 0.08449525 0.24540253
0.02901925 0.08345581 0.24209349
0.02945609 0.08365120 0.24275318
0.02963990 0.08455075 0.24623631
0.03070614 0.08692447 0.24518180
0.03047714 0.08529095 0.24258012
0.03074024 0.08521571 0.24403964
0.02968478 0.08517220 0.23967275
0.02993566 0.08487426 0.24147810
0.02921469 0.08390031 0.24170598
0.03365225 0.09080148 0.23837557
0.03238525 0.08883823 0.24271537
0.03183030 0.08795249 0.24336040
0.03435836 0.09311949 0.23280035
0.03424457 0.09286090 0.23425816
0.03364730 0.09286907 0.23086089
0.03336638 0.09230071 0.23138806
0.03062317 0.09086946 0.22784898
0.03116931 0.08900657 0.23371866
0.03198244 0.09113133 0.23042689
0.03096312 0.08841066 0.23469366
0.03137890 0.08898290 0.23427348
0.03089210 0.08922889 0.23251571
0.02823653 0.08961152 0.22822899
0.02920087 0.09081796 0.22673854
0.02820414 0.08906389 0.22909570
0.02768168 0.08888800 0.22913386
0.02948770 0.09057856 0.22725864
0.02757395 0.08838210 0.22989804
0.03454458 0.09689722 0.23077501
0.03388883 0.09788639 0.22973159
0.03401741 0.09837045 0.22686511
0.02470089 0.09037470 0.22720861
0.02399219 0.09046406 0.22794767
0.02428873 0.09044198 0.22761007
0.02383103 0.08899037 0.23088406
0.03075416 0.09827027 0.21674834
0.03180267 0.09999041 0.21675029
0.03210420 0.09985867 0.21745978
0.03273907 0.09979079 0.21883661
0.03263171 0.10005306 0.21835753
0.03264729 0.10063928 0.21914938
0.02956043 0.08629527 0.24383554
0.03314161 0.10147063 0.22101280
0.02687498 0.09214670 0.22369465
0.02669543 0.09182977 0.22427356
0.02668782 0.09013329 0.22712795
0.02704851 0.09003084 0.22720775
0.02623801 0.09088178 0.22598477
0.02612320 0.08887734 0.22932637
0.02578973 0.08980697 0.22787020
0.02592717 0.08831277 0.23027948
0.02518585 0.09024625 0.22725917
0.02786578 0.08179194 0.24290806
0.03341648 0.09066325 0.24042925
0.03344039 0.09529234 0.22548753
0.03341082 0.09495382 0.22592215
0.03334591 0.09152286 0.23345393
0.03342682 0.09121550 0.23461376
0.03343634 0.09202144 0.23836528
0.03347257 0.09116894 0.23970313
0.03212104 0.09127117 0.23843861
0.02997310 0.08690844 0.23637526
0.02949255 0.08641420 0.23674741
0.02948462 0.08609721 0.23731874
0.03292903 0.09036863 0.23529688
0.03102841 0.08824877 0.23531108
0.03263679 0.09000017 0.23542820
0.03471134 0.09464698 0.23236986
0.03488663 0.09546029 0.23088011
0.03378809 0.09469549 0.22728947
0.03436139 0.09613726 0.22674684
0.03351789 0.09907696 0.22294174
0.03391738 0.09871591 0.22455026
0.03408787 0.09379713 0.23008244
0.03444296 0.09455023 0.22988242
0.03266929 0.08960548 0.23686647
0.03168200 0.08823948 0.23783821
0.03088904 0.08780044 0.23625405
0.03303213 0.09729119 0.22207463
0.03319314 0.09659755 0.22322071
0.02768532 0.08425629 0.23881194
0.01444226 0.11313192 0.17363895
-0.00114501 0.11569016 0.18067241
0.00386521 0.11935817 0.17792921
0.00408526 0.11838738 0.17778103
0.00491357 0.11874901 0.17714348
0.00091215 0.11854251 0.18007956
-0.00030917 0.11773822 0.18066184
0.00808972 0.11912008 0.17725366
0.00728574 0.11931247 0.17734948
0.00879931 0.11892258 0.17785372
0.00982269 0.11956663 0.17722802
0.00281767 0.11927719 0.17918518
0.01194347 0.11907687 0.17513949
0.01171479 0.11913288 0.17524181
0.00459850 0.11921374 0.17912139
0.00523011 0.11961428 0.17816855
0.00938455 0.11923936 0.17608470
0.00864218 0.11910121 0.17688303
0.01431679 0.11726328 0.17313243
0.01460166 0.11671087 0.17242301
0.01133671 0.11782569 0.17418183
0.01222353 0.11775916 0.17391580
-0.00123531 0.11450332 0.18087988
-0.00141550 0.11438854 0.18101954
-0.00108685 0.11461219 0.18076243
0.00084765 0.11681103 0.17976922
0.00291927 0.11727212 0.17850222
0.00108754 0.11790452 0.17983970
0.00322026 0.11588714 0.17801492
0.02307635 0.11529393 0.16559161
0.02479428 0.11505121 0.16322264
0.02483925 0.11499363 0.16364552
0.02183455 0.11322422 0.16772696
0.02326457 0.11253291 0.16640957
0.02224409 0.11277935 0.16782568
-0.00020914 0.11301034 0.18012787
-0.00009467 0.11176691 0.17998546
-0.00047207 0.11342286 0.18036100
0.02573855 0.11379369 0.16237539
0.01719065 0.11336312 0.17128788
0.01513339 0.11399623 0.17298631
0.01690848 0.11393943 0.17161678
0.02181198 0.11258832 0.16662627
0.02313534 0.11240212 0.16672735
0.02297747 0.11303259 0.16498467
0.01888257 0.11490752 0.17045161
0.01796970 0.11532161 0.17128100
0.02100953 0.11477002 0.16856235
0.01993237 0.11491211 0.16962506
-0.00175499 0.11664262 0.18387379
-0.00154458 0.11765079 0.18320356
-0.00278588 0.11317435 0.18234636
-0.00282845 0.11358503 0.18232144
0.00841817 0.11883338 0.17595538
0.00558648 0.11778442 0.17670327
0.00653579 0.11727208 0.17628561
0.01285573 0.11254834 0.17516904
0.02379357 0.11395695 0.16482458
0.02377197 0.11388586 0.16479015
0.02330560 0.11517885 0.16608715
0.02242772 0.11458714 0.16692443
0.01214473 0.11945748 0.17548393
0.01539613 0.11608443 0.17348751
0.01667762 0.11574968 0.17239361
0.01539517 0.11665216 0.17375642
0.00844208 0.11634322 0.17758857
0.01083250 0.11662403 0.17623296
0.01204558 0.11657246 0.17550264
0.00600442 0.11777692 0.17915353
0.00603135 0.11850242 0.17927587
0.00590950 0.11716957 0.17908694
-0.00148533 0.11824170 0.18244568
0.01384004 0.11378068 0.17424202
0.00014300 0.11968714 0.18155977
0.01234681 0.11437093 0.17523171
0.01129300 0.11369649 0.17601942
0.01068451 0.11493989 0.17616190
-0.00017189 0.11872377 0.18243650
0.01464348 0.11757221 0.17457375
0.01444641 0.11694629 0.17443988
0.01381849 0.11627054 0.17449208
-0.00054360 0.11928019 0.18137145
0.01180735 0.11977573 0.17606241
0.01138873 0.11929915 0.17625657
0.02329175 0.11504523 0.16453403
0.00893711 0.11563084 0.17469154
0.00859276 0.11575314 0.17488666
0.00988818 0.11503714 0.17414452
0.00874964 0.11404166 0.17474516
0.01607887 0.11517709 0.17071109
0.00777063 0.11335161 0.17526689
0.01175492 0.11400065 0.17307492
0.00778107 0.11586648 0.17534102
0.00730606 0.11214902 0.17548667
0.00846282 0.11775684 0.17785491
0.01010264 0.11791863 0.17693718
0.00780134 0.11696174 0.17808211
0.00090022 0.11900387 0.18210198
0.00011318 0.11933222 0.18216223
0.01367910 0.11568718 0.17211451
0.01274153 0.11619824 0.17279148
0.00679269 0.11713717 0.17613885
0.00987137 0.11777658 0.17486960
0.01226311 0.11602826 0.17295966
0.01311423 0.11571723 0.17240803
0.02967550 0.11564999 0.14915703
0.03089369 0.11391821 0.15361808
0.03106537 0.11414143 0.15223676
0.03119533 0.11351276 0.15488632
0.03118274 0.11376371 0.15374133
0.03011499 0.11510850 0.15128279
0.02959718 0.11530176 0.15203553
0.03262188 0.11425557 0.15003054
0.03255995 0.11408762 0.15088868
0.01888540 0.11232878 0.16978113
0.01979504 0.11270151 0.16916543
0.02101712 0.11240783 0.16876394
0.01504195 0.11187915 0.17140947
0.01484815 0.11372752 0.17142332
0.01084376 0.11244699 0.17359170
0.01350098 0.11321497 0.17215672
0.01356571 0.11213315 0.17217425
0.00141948 0.11110655 0.17890200
0.00355863 0.11134750 0.17765547
0.00408655 0.11158820 0.17735660
0.00293634 0.11204454 0.17805517
0.00167956 0.11162826 0.17877425
0.00233139 0.11224946 0.17842089
0.01915576 0.11460073 0.16807452
0.01755880 0.11492191 0.16945632
0.02375342 0.11394491 0.16395764
0.02309562 0.11404501 0.16458853
0.00500840 0.11339138 0.17688878
0.00501087 0.11532535 0.17692493
0.00524474 0.11474203 0.17677292
0.00666424 0.11344507 0.17589396
0.00594241 0.11325387 0.17632437
0.01883613 0.11318536 0.16854872
0.02149546 0.11368521 0.16615777
0.01767693 0.11393493 0.16948244
0.01836788 0.11450648 0.16881168
0.01637740 0.11419239 0.17049257
0.01774735 0.11246385 0.16941114
0.01573767 0.11324807 0.17097519
0.02090058 0.11503686 0.16664268
0.02008755 0.11540597 0.16797136
-0.00083766 0.11524548 0.18331683
-0.00162090 0.11597609 0.18392223
0.01723581 0.11635543 0.17167747
0.01819590 0.11598848 0.17082499
0.01794163 0.11545450 0.16991884
0.02001582 0.11574130 0.16884512
0.02180421 0.11569010 0.16713302
0.01444865 0.11116661 0.17291854
0.01135992 0.11279823 0.17617780
0.01344789 0.11178584 0.17483641
0.01377527 0.11180955 0.17442635
0.00229128 0.11100437 0.17950465
0.01604228 0.11209483 0.17135575
0.00056077 0.11454318 0.18188776
-0.00132570 0.11214378 0.18123429
-0.00019624 0.11206672 0.18062060
0.00045514 0.11305615 0.18095309
-0.00156706 0.11333342 0.18215637
0.00015878 0.11441662 0.18203200
0.00330693 0.11354704 0.18023445
0.00289422 0.11321328 0.18055405
0.00033059 0.11791581 0.18249454
0.00111528 0.11577284 0.18191941
0.00257929 0.11758384 0.18105459
0.00974909 0.11254039 0.17702477
0.01009246 0.11112919 0.17743324
0.00349957 0.11664692 0.18047217
0.00616300 0.11599278 0.17882983
0.00345675 0.11589073 0.18048319
0.00233707 0.11581276 0.18116654
0.00175467 0.11376601 0.18115051
0.00234235 0.11326542 0.18086202
0.00161995 0.11316296 0.18078998
0.00563727 0.11171550 0.17829442
0.00699272 0.11344546 0.17818844
0.00508822 0.11332017 0.17900456
0.00753385 0.11389066 0.17796008
0.00925657 0.11355276 0.17712381
0.00435333 0.11519717 0.17988120
0.00454122 0.11373825 0.17935279
0.00237404 0.11468312 0.18101160
0.00624209 0.11257967 0.17831494
0.01219967 0.11041531 0.17546508
0.01724752 0.11201707 0.16993573
0.02166459 0.11202962 0.16832379
0.01116548 0.11160334 0.17367832
0.01151720 0.11151097 0.17357294
0.01456320 0.11150747 0.17194194
0.01009410 0.11181612 0.17406121
0.00899020 0.11120966 0.17644407
0.01106072 0.11050281 0.17482513
0.00966735 0.11098159 0.17585073
0.00767878 0.11148842 0.17653072
0.00723252 0.11125405 0.17756009
0.00703201 0.11154751 0.17811234
0.00593615 0.11095586 0.17784610
0.00442684 0.11071037 0.17792545
0.00186419 0.11080161 0.17883521
0.00286550 0.11055578 0.17871052
0.00520036 0.11131771 0.17894456
0.01694498 0.10708009 0.21939819
0.01658662 0.10799318 0.22082891
0.01695467 0.10772236 0.22003943
0.02148849 0.10882900 0.21023889
0.02138034 0.10881203 0.21071392
0.02098411 0.10861285 0.21168524
0.02146334 0.10326006 0.20555919
0.02093169 0.10433631 0.20640278
0.02101644 0.10386141 0.20641100
0.02051166 0.10482699 0.20723845
0.02321622 0.10330576 0.20070945
0.02260269 0.10609702 0.20120811
0.02300965 0.10251842 0.20162235
0.02198527 0.10424379 0.20372102
0.02323604 0.10294081 0.20081188
0.01993967 0.10889257 0.21561815
0.02001633 0.10932456 0.21669851
0.02082727 0.10876051 0.21288702
0.01700080 0.10195869 0.21656527
0.01766582 0.09981196 0.21689473
0.01681057 0.09940775 0.21796964
0.01682006 0.10063724 0.21737768
0.01774233 0.10060152 0.21644183
0.01339068 0.10334381 0.22354919
0.01381623 0.10379016 0.22303762
0.01605693 0.10569657 0.22020750
0.01405562 0.10317923 0.22248481
0.01552942 0.10474982 0.22072068
0.02198911 0.09870941 0.20581554
0.02180727 0.09896757 0.20764048
0.02216328 0.09826630 0.20664072
0.03118150 0.10175101 0.21117789
0.03126666 0.10204666 0.21070656
0.03068336 0.10128927 0.21074085
0.03164095 0.10158186 0.21308026
0.01814059 0.09789866 0.21709378
0.01613745 0.09824315 0.21909223
0.01718592 0.09784980 0.21810482
0.02016111 0.10924334 0.21782424
0.02205708 0.10894592 0.21571948
0.02226689 0.10839932 0.21506710
0.01893408 0.10315289 0.21219504
0.01835926 0.10227332 0.21429393
0.01911969 0.10347035 0.21148035
0.01991573 0.10346838 0.20992240
0.01980651 0.10293172 0.21072969
0.01856193 0.09968349 0.21601802
0.01956044 0.10122220 0.21306917
0.01922108 0.10089653 0.21391819
0.01884844 0.09923486 0.21586305
0.02020600 0.09893653 0.21368341
0.02010206 0.09862549 0.21410079
0.02012451 0.09905171 0.21374168
0.03036046 0.10017209 0.21226266
0.03029011 0.10018264 0.21202566
0.03099933 0.10007661 0.21441449
0.02443255 0.10093454 0.19985403
0.02488620 0.09929506 0.20080028
0.02567038 0.10019880 0.19773574
0.02505928 0.09884515 0.20094047
0.02083770 0.09682351 0.21470417
0.02078614 0.09669255 0.21534476
0.01994508 0.09716049 0.21503559
0.01881470 0.09774229 0.21632424
0.02668998 0.10443059 0.19135925
0.02597342 0.10486151 0.19294721
0.02600161 0.10664567 0.19043298
0.02623403 0.10608221 0.19049466
0.02638103 0.10557305 0.19074163
0.02123313 0.09809030 0.21239263
0.02161884 0.09910388 0.21080779
0.01780785 0.10958892 0.22079515
0.02597881 0.09745141 0.21204628
0.02563127 0.09592115 0.21633239
0.02531473 0.09619541 0.21538101
0.02618002 0.09769227 0.21144250
0.02620447 0.09635803 0.21533795
0.02759490 0.09791999 0.21233122
0.02846519 0.09690478 0.21579912
0.02917788 0.09712889 0.21646634
0.02801532 0.09799603 0.21284045
0.02692405 0.09814645 0.21080278
0.02053954 0.10972549 0.21627182
0.02258295 0.09686147 0.21218911
0.02155015 0.09686390 0.21380080
0.02360711 0.09646685 0.21344070
0.02062836 0.10973466 0.21741624
0.02926788 0.09959858 0.21129136
0.02931440 0.09987973 0.21073759
0.02782427 0.09836503 0.21176213
0.02837059 0.09858768 0.21212876
0.02730948 0.09831537 0.21105938
0.01714112 0.10708343 0.21917446
0.02118187 0.10742694 0.21536784
0.01948215 0.10758801 0.21720386
0.02354756 0.10006340 0.20222288
0.02340206 0.09990103 0.20253117
0.02310592 0.09889030 0.20370208
0.02322296 0.09955457 0.20302777
0.03121746 0.10231967 0.20964293
0.03115552 0.10226086 0.20934543
0.01593480 0.10676434 0.22082293
0.01470726 0.10672391 0.22282784
0.01444215 0.10519458 0.22260118
0.01451840 0.10571130 0.22269972
0.01523746 0.10707518 0.22210668
0.01906768 0.10969655 0.22001742
0.03087233 0.10212974 0.20727600
0.03066613 0.10251965 0.20522471
0.01794510 0.10924817 0.22021200
0.01670163 0.10896812 0.22165321
0.02154987 0.10189466 0.20636216
0.02172409 0.10081910 0.20592706
0.02145325 0.10074814 0.20786980
0.02185851 0.09905769 0.20626819
0.02237224 0.10001740 0.20399563
0.02213575 0.10194182 0.20414305
0.02260425 0.10033387 0.20328492
0.02184086 0.10187513 0.20496023
0.01645196 0.10530088 0.21836106
0.01745322 0.10355052 0.21578044
0.01688736 0.10437295 0.21718924
0.01653547 0.10560345 0.21827933
0.01826541 0.10605095 0.21485393
0.01668469 0.10662501 0.21827641
0.01788294 0.10511885 0.21536326
0.02548401 0.10782412 0.19046478
0.02384930 0.10658547 0.19754989
0.02488734 0.10784905 0.19242910
0.02540833 0.10630880 0.19269304
0.02564062 0.10795644 0.18976822
0.02523011 0.10770554 0.19146901
0.02439268 0.10620920 0.19622183
0.02581785 0.09833047 0.20856471
0.02326019 0.09847325 0.20436928
0.02297833 0.09852659 0.20545267
0.02449127 0.09840523 0.20641753
0.02468561 0.09837724 0.20603171
0.01754787 0.10563936 0.21803235
0.01992654 0.10662895 0.21619430
0.01913929 0.10686171 0.21707655
0.01807751 0.10432660 0.21687353
0.01656849 0.10873039 0.22110863
0.01553598 0.10845936 0.22214974
0.01611167 0.10792293 0.22085653
0.01502611 0.10930920 0.22368355
0.01638779 0.10925966 0.22188866
0.02097336 0.10579917 0.20568950
0.02100344 0.10672726 0.20633055
0.02065786 0.10741729 0.20839950
0.02057482 0.10528896 0.20699029
0.02063095 0.10533877 0.20678878
0.02056104 0.10700320 0.20847444
0.02964159 0.09291212 0.22349140
0.02877206 0.09461214 0.22025062
0.02909093 0.09348533 0.22228606
0.02891577 0.09263134 0.22364631
0.02081793 0.10126622 0.21055347
0.02083946 0.10263682 0.20844229
0.02080260 0.10134256 0.21049175
0.02118629 0.10256568 0.20737579
0.02968073 0.10103295 0.20678072
0.02933808 0.10086705 0.20647946
0.01787621 0.10946628 0.22056065
0.02409252 0.09756148 0.21016566
0.02513719 0.09759340 0.21093974
0.02541538 0.09748003 0.21153598
0.02447940 0.09621720 0.21479291
0.02302700 0.09708712 0.21079025
0.02642119 0.10351386 0.19318856
0.02561742 0.10436738 0.19461046
0.02606275 0.10320061 0.19435607
0.02646750 0.10317177 0.19333182
0.02435571 0.10442363 0.19752671
0.02319846 0.10521763 0.20006032
0.02367919 0.10372267 0.19942766
0.02426347 0.10542598 0.19739030
0.02283250 0.10695139 0.20032729
0.02446564 0.09473369 0.21868734
0.02461852 0.09374303 0.22101276
0.02509415 0.09387308 0.22057910
0.02533192 0.09386420 0.22053875
0.02136213 0.10839535 0.20889726
0.02223149 0.10790969 0.20307526
0.02202901 0.10781185 0.20352764
0.02207201 0.10805032 0.20436406
0.02279202 0.10955354 0.20770426
0.02256567 0.10850156 0.20417228
0.02154068 0.10773473 0.20529903
0.03184944 0.09818774 0.21886860
0.03260685 0.09835241 0.22009543
0.03185205 0.09609158 0.22112992
0.03211582 0.09650098 0.22117819
0.01731364 0.10723677 0.21784650
0.01796228 0.10808771 0.21858643
0.01963447 0.10768843 0.21286410
0.01804381 0.10757971 0.21686992
0.01868800 0.10793357 0.21615927
0.02972035 0.10181015 0.20428807
0.02963676 0.10208604 0.20348260
0.02379843 0.09773940 0.20936598
0.02373472 0.09838306 0.20729779
0.02298371 0.09726772 0.21017632
0.02365270 0.09848242 0.20691946
0.02543095 0.10105603 0.19741614
0.02410707 0.10261747 0.19900984
0.02523407 0.10228908 0.19698642
0.02521803 0.10440083 0.19561152
0.02743900 0.10167160 0.19692095
0.02842706 0.10209750 0.19858618
0.02744557 0.10156716 0.19735992
0.02805924 0.10115556 0.20109123
0.02964316 0.10310563 0.19964907
0.02956318 0.10254341 0.20177144
0.02874194 0.10172680 0.20143828
0.02945100 0.10315381 0.19850308
0.01933805 0.10663903 0.21281743
0.01954644 0.10460359 0.21038677
0.01941330 0.10489919 0.21106304
0.01966525 0.10631124 0.21150327
0.01888371 0.10426312 0.21217228
0.01823989 0.10374162 0.21374039
0.03011753 0.09344257 0.22310084
0.03041998 0.09535816 0.22068246
0.03134874 0.09414307 0.22332692
0.02985862 0.09376720 0.22238366
0.02957180 0.09491406 0.22047211
0.02252309 0.09642529 0.21506283
0.02130338 0.09679399 0.21435590
0.02576154 0.09880804 0.20268358
0.02649592 0.09853037 0.20827116
0.02631008 0.09920892 0.20304605
0.02674125 0.09940369 0.20408493
0.02707772 0.09971534 0.20389535
0.02570979 0.09532236 0.21745904
0.02785637 0.09556366 0.21819517
0.02761067 0.09538062 0.21838030
0.02708163 0.09485114 0.21901348
0.02863191 0.10045696 0.20617659
0.02742555 0.09930956 0.20784642
0.02854857 0.09973121 0.20951648
0.02774371 0.09984460 0.20624669
0.02815083 0.09946954 0.20948532
0.02673314 0.09845595 0.20977764
0.02600227 0.10033076 0.19737212
0.02639997 0.09995955 0.20016964
0.02596795 0.09987625 0.19903092
0.02661234 0.09995130 0.20092155
0.02924287 0.09578504 0.21888974
0.03144433 0.09588069 0.22087656
0.02946231 0.09563942 0.21933317
0.02786672 0.10273290 0.19496229
0.02729693 0.10278218 0.19353397
0.02762443 0.10238486 0.19535255
0.02762260 0.10309655 0.19342428
0.02804833 0.11196699 0.17976731
0.02791578 0.11172291 0.18106970
0.02969051 0.11166034 0.18060249
0.02908087 0.11232927 0.17832616
0.02915536 0.11222116 0.17869616
0.03283215 0.11302134 0.16654474
0.02787836 0.11054624 0.18049332
0.02773067 0.11115036 0.17993005
0.03235459 0.10885323 0.18036650
0.03229826 0.11059760 0.17934489
0.03355368 0.11406292 0.15312257
0.03399377 0.11269671 0.16069888
0.03274341 0.11014073 0.17887673
0.03320720 0.11338406 0.15469256
0.03434988 0.11280988 0.15874402
0.03335420 0.11295293 0.16333163
0.03166872 0.10855070 0.19018304
0.03195372 0.10881349 0.18729438
0.03176223 0.11255650 0.15887843
0.03142680 0.11211576 0.16187839
0.02695904 0.10922820 0.18508574
0.02723606 0.11010133 0.18421586
0.02741720 0.11112013 0.18370330
0.03355489 0.11103136 0.17525299
0.03333631 0.11105084 0.17581782
0.03064930 0.10552195 0.18769820
0.03011636 0.10369354 0.18684185
0.03115765 0.10727648 0.18725997
0.03154141 0.10796963 0.18565232
0.03118243 0.10752846 0.18946536
0.03081926 0.10678377 0.18957973
0.03072860 0.10674220 0.19082782
0.03243074 0.11279180 0.15711014
0.03198617 0.11304817 0.15638424
0.03368402 0.11202513 0.16916358
0.03177829 0.11308267 0.17184547
0.03204094 0.11200935 0.17540002
0.03113407 0.11098398 0.18363358
0.03132592 0.11078536 0.18225944
0.03244952 0.11377887 0.15246968
0.03275813 0.11254863 0.15746431
0.03034752 0.11100063 0.18786182
0.03077111 0.11281370 0.17453063
0.03173380 0.11232845 0.17480616
0.03198801 0.11185805 0.17615984
0.03086336 0.10428043 0.18691054
0.03203206 0.11298078 0.17069115
0.03024798 0.11120024 0.18458386
0.03109426 0.11095023 0.18487687
0.03144414 0.11084051 0.18511581
0.03167398 0.10842374 0.18479379
0.03205086 0.11037138 0.18205597
0.03110267 0.10543833 0.18463257
0.03018301 0.11103140 0.18883406
0.03193369 0.10935038 0.18166460
0.03252727 0.10933183 0.18007451
0.03183458 0.10806886 0.18192084
0.03309102 0.11211405 0.17014244
0.03204660 0.11010947 0.18671240
0.03326127 0.11361003 0.16185473
0.03318229 0.11189884 0.17129387
0.03069188 0.10445320 0.18512227
0.03257746 0.11164054 0.16117971
0.03119226 0.10589251 0.18425182
0.02968976 0.11136459 0.18436384
0.02913811 0.11134601 0.18407960
0.02929205 0.11137256 0.18349662
0.03370053 0.11226049 0.16315082
0.03181417 0.11077366 0.19125351
0.03108110 0.10681910 0.18603262
0.03302544 0.11224622 0.15804276
0.03210440 0.11173320 0.16391416
0.03220887 0.10971715 0.18832892
0.03408236 0.11304324 0.15659322
0.02724036 0.11047396 0.18550932
0.02783157 0.11022779 0.18772794
0.02871894 0.11082742 0.18803892
0.02681157 0.10901860 0.18899019
0.02698838 0.10952599 0.18784374
0.03126141 0.11184893 0.17741415
0.03020879 0.11259287 0.17629115
0.03079896 0.11219824 0.17683205
0.03339888 0.11159151 0.16283794
0.03337776 0.11164608 0.15985361
0.03102509 0.11086673 0.18109514
0.03123242 0.11130089 0.17937858
0.02999100 0.11307642 0.16099352
0.02976973 0.11328430 0.16046819
0.02950484 0.11318976 0.16223963
0.03009553 0.11332078 0.15884715
0.03381259 0.11438897 0.15487254
0.03344990 0.11446213 0.15692431
0.05440444 0.04969510 0.20593858
0.05488927 0.05031519 0.20616350
0.05957286 0.05077146 0.20524369
0.05980600 0.04849311 0.20614061
0.05727486 0.05500333 0.20441224
0.04289025 0.07397082 0.20516530
0.04975319 0.07648257 0.20214683
0.04152871 0.07618959 0.20469645
0.05486361 0.06087520 0.20304392
0.05494203 0.05861742 0.20281327
0.05562854 0.05957575 0.20309785
0.05510271 0.05568345 0.20265348
0.05538920 0.05659302 0.20283227
0.05717073 0.05482997 0.20355068
0.05730287 0.05365387 0.20354111
0.05730344 0.05444620 0.20358853
0.05549857 0.05361864 0.20594782
0.04336296 0.07622535 0.20117846
0.04382608 0.07220955 0.20543301
0.04385388 0.07294602 0.20512958
0.04735849 0.07435809 0.20328802
0.04518925 0.07420628 0.20340399
0.04487713 0.07274418 0.20419145
0.04439328 0.07173894 0.20509680
0.05743946 0.04341568 0.20245408
0.05827596 0.04119745 0.20218983
0.05737070 0.03770572 0.20221910
0.05865693 0.02516110 0.19862315
0.05828079 0.02727528 0.19887902
0.04188448 0.07790989 0.20330425
0.05853974 0.03710258 0.20164701
0.05884083 0.03724743 0.20148814
0.05849088 0.03838356 0.20197885
0.04593282 0.08302844 0.20099953
0.04596119 0.08071639 0.20168626
0.05347830 0.04268752 0.20390961
0.05338870 0.04199255 0.20456725
0.05374204 0.04147147 0.20376609
0.05336095 0.06473755 0.20529833
0.05849053 0.03273379 0.20014417
0.05820516 0.03034616 0.19927274
0.05835882 0.03285208 0.20028107
0.05581018 0.03639235 0.20293872
0.05390681 0.04107795 0.20364268
0.05576976 0.03595827 0.20305249
0.05428747 0.04020170 0.20349061
0.04365364 0.07496998 0.20438983
0.04397533 0.07474113 0.20412347
0.05492945 0.06125681 0.20312983
0.05581834 0.04399750 0.20285001
0.05685331 0.03827683 0.20235410
0.05694336 0.04329323 0.20255356
0.05648500 0.04265558 0.20263366
0.05701221 0.04016983 0.20239989
0.05623111 0.04096061 0.20261900
0.05545487 0.04178670 0.20283851
0.05275637 0.06346919 0.20528764
0.05257973 0.06343994 0.20524989
0.05225391 0.06451113 0.20526159
0.05761911 0.05478862 0.20379587
0.05816700 0.05257650 0.20402931
0.04308032 0.08221608 0.20020211
0.04366778 0.08116190 0.20072936
0.05578204 0.03188182 0.20213178
0.05594750 0.03040887 0.20154487
0.05580918 0.03198867 0.20214321
0.05728489 0.02714622 0.19969133
0.05733972 0.05023661 0.20331548
0.05709136 0.04635867 0.20272990
0.05508539 0.05357893 0.20248252
0.05602937 0.05016732 0.20259732
0.04236348 0.07836378 0.20259024
0.05651629 0.05489025 0.20519380
0.04297677 0.08061318 0.20108745
0.04312184 0.07833303 0.20244420
0.04879109 0.07621396 0.20310035
0.03995321 0.07865461 0.20198795
0.04058838 0.07780925 0.20324260
0.06024716 0.04172172 0.20345284
0.06008934 0.04111222 0.20320554
0.05547682 0.05682389 0.20498914
0.05619165 0.03011965 0.20127183
0.05693794 0.03416875 0.20192660
0.05672723 0.05302957 0.20581105
0.03974888 0.08264577 0.20004068
0.03965137 0.07929899 0.20126492
0.03895411 0.08278009 0.19979765
0.05769089 0.04891306 0.20673433
0.05323803 0.05738925 0.20559411
0.04814753 0.08049431 0.20282483
0.05479056 0.05265483 0.20245911
0.05357482 0.04767349 0.20317923
0.05458313 0.04955931 0.20277932
0.05530459 0.04857248 0.20269848
0.05472507 0.04916437 0.20278107
0.05673528 0.04641398 0.20255588
0.05539647 0.04882186 0.20265523
0.04403337 0.08412134 0.19993472
0.04265827 0.08511476 0.19909976
0.04418522 0.08211445 0.20060796
0.04447349 0.08131603 0.20096374
0.04970985 0.07694997 0.20254679
0.03994763 0.08287213 0.19985946
0.04095443 0.08370277 0.19949192
0.04116664 0.08412372 0.19928508
0.04483446 0.07651097 0.20259018
0.04480853 0.07434273 0.20343746
0.05994671 0.04563350 0.20392959
0.05823596 0.04912299 0.20361403
0.05791620 0.04830836 0.20336676
0.05581576 0.06067765 0.20427875
0.05568548 0.05827939 0.20441023
0.05717936 0.03364253 0.20150696
0.05753734 0.03197040 0.20056960
0.05738142 0.02989901 0.20016308
0.04399518 0.07968500 0.20144854
0.04341943 0.07753976 0.20270698
0.05340551 0.06552691 0.20539956
0.05502972 0.06224820 0.20443192
0.04553394 0.07881656 0.20193975
0.04555198 0.07948568 0.20183796
0.04677929 0.08183265 0.20193356
0.04145135 0.07722338 0.20206484
0.04626214 0.07711391 0.20244354
0.04675960 0.07743154 0.20255780
0.04118326 0.07976531 0.19977970
0.04153391 0.07896972 0.20027088
0.05739724 0.04442498 0.20254067
0.05770277 0.04409463 0.20257841
0.05918449 0.04192954 0.20260602
0.05913334 0.04429270 0.20323685
0.04238677 0.07466808 0.20345761
0.04714691 0.07995127 0.20256196
0.04030474 0.07990924 0.20015994
0.03969046 0.07912689 0.20117387
0.05946903 0.04775836 0.20406283
0.05930578 0.04846988 0.20412771
0.04798327 0.07879679 0.20262820
0.04809241 0.07838000 0.20270267
0.04255058 0.07581131 0.20475900
0.04145835 0.07712182 0.20431633
0.05032465 0.06337274 0.20491116
0.05610833 0.04394072 0.20515943
0.05435803 0.04659390 0.20555258
0.05493601 0.04737381 0.20572580
0.05564352 0.04674460 0.20576455
0.05588768 0.04572284 0.20551679
0.04968700 0.05645075 0.20819156
0.04920628 0.05824038 0.20763604
0.04950259 0.05753436 0.20776692
0.04808613 0.05835143 0.20878950
0.04880529 0.05823014 0.20806703
0.05950946 0.04418175 0.20531957
0.05909526 0.05119062 0.20534341
0.04944755 0.06224250 0.20567597
0.05136996 0.05621820 0.20655453
0.05108695 0.05401526 0.20682918
0.04905813 0.06104508 0.20632334
0.05105922 0.05891762 0.20582210
0.05994986 0.04627056 0.20545958
0.05779518 0.04707639 0.20652439
0.05936347 0.04693075 0.20667739
0.05088269 0.05215053 0.20686540
0.05792722 0.05008242 0.20664570
0.05437632 0.05559403 0.20599978
0.05597526 0.04196467 0.20475581
0.05735834 0.02843606 0.20077795
0.05986507 0.02757982 0.19905651
0.04916030 0.05289086 0.20772056
0.04917600 0.05353603 0.20785022
0.05868372 0.04191328 0.20460419
0.05829374 0.04098330 0.20438881
0.05698838 0.04209558 0.20471235
0.05894830 0.04569369 0.20621443
0.05639445 0.05832357 0.20414014
0.05587969 0.05975172 0.20359832
0.06003149 0.04457954 0.20516947
0.05884455 0.04109700 0.20429392
0.04146455 0.07574280 0.20400709
0.04848174 0.08056816 0.20150110
0.04897732 0.07843194 0.20150305
0.05971405 0.04123371 0.20390511
0.05565921 0.05016353 0.20638299
0.06039484 0.04204791 0.20401716
0.05677004 0.04867629 0.20652711
0.05205768 0.05122091 0.20636691
0.05794095 0.04507175 0.20563920
0.05325978 0.05830684 0.20539016
0.05334268 0.05893794 0.20528384
0.05409296 0.06261249 0.20473477
0.04823034 0.08212269 0.20160025
0.05568981 0.04087070 0.20460455
0.05918910 0.02981545 0.19965595
0.04774133 0.08230558 0.20137742
0.06016428 0.02829780 0.19916169
0.05522471 0.04114491 0.20472775
0.05918491 0.02937875 0.19954963
0.05530452 0.04333542 0.20515008
0.05912044 0.02885572 0.19949366
0.06095552 0.02577291 0.19889022
0.05621820 0.03762529 0.20389739
0.05620368 0.03950231 0.20434850
0.05967702 0.02809879 0.19842817
0.05945136 0.03180448 0.20022760
0.05941997 0.03027334 0.19932821
0.06048977 0.02561802 0.19788113
0.05846765 0.03704875 0.20312878
0.05779614 0.03777391 0.20350856
0.06070098 0.02625441 0.19846956
0.05940031 0.03805967 0.20171270
0.05974981 0.03755050 0.20186697
0.05880577 0.02755374 0.19959533
0.05842559 0.03460599 0.20224337
0.05859137 0.03628742 0.20282844
0.05924411 0.03591083 0.20145531
0.05490361 0.05602964 0.20564179
0.05767282 0.03915953 0.20390822
0.04961045 0.07527855 0.20314986
0.05860065 0.05144847 0.20559773
0.05807398 0.05387845 0.20438835
0.05528999 0.05608541 0.20543282
0.05320739 0.05357235 0.20599113
0.04981560 0.05237242 0.20737286
0.04975299 0.05579256 0.20815323
0.06048769 0.02458761 0.19797933
0.05846059 0.02911920 0.19868557
0.05892325 0.02786449 0.19846830
0.05236848 0.05347757 0.20630577
0.05293390 0.05322277 0.20610508
0.04823716 0.06748021 0.20451979
0.04829275 0.06799261 0.20450148
0.05043842 0.06917106 0.20460875
0.05006868 0.06636039 0.20472060
0.05128612 0.06782133 0.20493092
0.05303495 0.06596937 0.20551130
0.05455073 0.05988732 0.20473769
0.05515231 0.05207591 0.20615071
0.04679903 0.05522932 0.20813182
0.04731729 0.05793839 0.20877184
0.05215672 0.05944924 0.20549682
0.05092233 0.06087678 0.20524622
0.04898107 0.07313383 0.20362340
0.05007783 0.07234516 0.20388439
0.05320844 0.05103209 0.20601527
0.05157775 0.06885577 0.20508236
0.05241708 0.06694934 0.20530538
0.05057748 0.07228401 0.20385252
0.04729373 0.06983286 0.20426515
0.04987615 0.07042829 0.20428006
0.04799908 0.07200145 0.20381880
0.05742223 0.05089432 0.20642664
0.04701229 0.07172535 0.20389396
0.04560136 0.07239372 0.20383722
0.05602233 0.05213645 0.20615377
-0.00877469 0.10075177 0.24786288
-0.01054853 0.10003652 0.24920455
-0.01103002 0.10069187 0.24878551
-0.02419169 0.08644665 0.26258594
-0.02396522 0.08680099 0.26161754
-0.00160145 0.10066593 0.24376732
-0.00193144 0.10114329 0.24360323
-0.00185605 0.09984403 0.24467307
-0.00072410 0.09898771 0.24455841
-0.00906465 0.09425993 0.26310903
-0.01231919 0.08882530 0.26367709
-0.01287483 0.08866105 0.26462331
-0.01203763 0.08897851 0.26351166
-0.00102336 0.10375455 0.24162367
0.00037957 0.10373557 0.24053107
-0.00047844 0.10297869 0.24151750
-0.00175773 0.10262164 0.24267064
-0.00260457 0.10294023 0.24320433
0.00500967 0.10966307 0.23403621
0.00411409 0.10831272 0.23523319
0.00543866 0.10919110 0.23353060
-0.01420221 0.09353878 0.25850073
-0.01006435 0.09568679 0.25415891
-0.01336062 0.09587494 0.25438565
-0.01170824 0.09516729 0.25531572
-0.01350825 0.09447103 0.25679916
-0.00348322 0.09476119 0.25661570
-0.00335424 0.09483186 0.25454199
-0.01576076 0.08859923 0.27168098
-0.01623317 0.08730548 0.27161163
-0.00492771 0.10379224 0.24424620
-0.00366099 0.10278624 0.24400279
-0.00533431 0.10369676 0.24453774
-0.01539359 0.09077818 0.26864836
-0.01510157 0.09126876 0.26727745
-0.02414883 0.08752090 0.27194464
-0.02353479 0.08805485 0.27086538
-0.02493912 0.08723845 0.27254495
-0.02298626 0.08773456 0.27145490
-0.02164409 0.08849079 0.26989654
-0.02164053 0.08903132 0.26884300
-0.01820839 0.08445743 0.26807871
-0.01598435 0.08916372 0.27142003
-0.01728407 0.08861240 0.27161956
-0.01773440 0.08915456 0.26979050
-0.00961537 0.10221769 0.24729346
-0.00882225 0.10183364 0.24719884
-0.00912237 0.10218306 0.24712792
-0.01859202 0.08973832 0.26821131
-0.01827107 0.08977558 0.26830268
-0.01972628 0.08978366 0.26755071
-0.02493337 0.08608478 0.26439917
-0.02462187 0.08576532 0.26436189
-0.00012727 0.10564034 0.24054337
-0.00006366 0.10607289 0.24050942
0.00066747 0.10510637 0.23982258
-0.02242745 0.08686265 0.25966540
-0.02165408 0.08715016 0.25878924
-0.02239106 0.08688465 0.25960419
-0.02183601 0.08717547 0.25877601
-0.01126175 0.09303956 0.26631850
-0.01804374 0.09477086 0.25226158
-0.02317230 0.08399427 0.26570302
-0.02354022 0.08568624 0.26271164
-0.00505635 0.09475838 0.25654244
-0.00491676 0.09475619 0.25670859
-0.01844299 0.09220745 0.26052776
-0.02132858 0.09088438 0.26322353
-0.01853308 0.09193306 0.26142067
-0.01936637 0.09214894 0.26012439
-0.00842380 0.09623520 0.25292018
-0.00573032 0.09748933 0.24973820
-0.00633449 0.09782088 0.24956924
-0.00751867 0.09803277 0.24986885
-0.00729759 0.09696890 0.25128824
-0.01677107 0.09380315 0.25730792
-0.01803626 0.09280243 0.25906003
-0.01733161 0.09292796 0.25908801
-0.01710224 0.09354179 0.25776517
0.00502338 0.10595033 0.23479366
0.00457927 0.10673394 0.23504226
0.00578017 0.10533407 0.23412485
0.00351605 0.10487231 0.23691191
0.00479210 0.10636570 0.23492064
-0.00962592 0.09321979 0.26545262
-0.00811815 0.09045390 0.25887018
-0.00888288 0.09010376 0.25872400
-0.00914788 0.08999516 0.25876236
-0.00685983 0.09093903 0.25847483
0.00045324 0.10615230 0.24009575
0.00050935 0.10626793 0.24007516
-0.00647102 0.10273051 0.24568653
-0.00415827 0.10172677 0.24484016
-0.00691344 0.10341699 0.24560601
-0.02032756 0.08587722 0.26119646
-0.02074754 0.08529798 0.26240966
-0.01751990 0.08683554 0.25844786
-0.01804354 0.08651107 0.25922865
-0.02105741 0.08590925 0.26139367
-0.01112243 0.09379134 0.26554319
-0.01258661 0.08908715 0.26542357
-0.01217861 0.08969530 0.26609665
-0.00255364 0.09505215 0.25310978
-0.00334478 0.09529631 0.25297993
-0.02039775 0.09226184 0.25713742
-0.00656829 0.10021480 0.24739452
-0.00521272 0.09824366 0.24856168
-0.00642637 0.10111880 0.24645683
-0.00542926 0.09983632 0.24715555
-0.02185335 0.08917093 0.26839757
-0.02428643 0.08811773 0.27052790
-0.02500535 0.08795893 0.27066812
-0.02080199 0.08953092 0.26778239
-0.02307404 0.08874742 0.26912963
-0.01157806 0.09355734 0.26509610
-0.01549872 0.09145068 0.26628464
-0.01727640 0.09017789 0.26799592
-0.01661947 0.09090513 0.26683393
-0.01707872 0.09031139 0.26782221
-0.02011992 0.09242915 0.25617406
-0.00618727 0.09375806 0.26186234
-0.00791484 0.09127357 0.26147649
-0.00671599 0.09187758 0.26063693
-0.01246397 0.08857707 0.25891384
-0.01343453 0.08806510 0.26010081
-0.01400592 0.08784494 0.26016939
-0.01558300 0.08724529 0.26029649
-0.01485053 0.08765318 0.25923383
-0.01535635 0.08759433 0.25823924
-0.00245974 0.09619360 0.24972972
-0.00375260 0.09600696 0.25123668
-0.00462711 0.09753801 0.24913965
-0.01169379 0.09400422 0.25875282
-0.01411255 0.09355614 0.25848231
-0.00973338 0.09497104 0.25620171
-0.01010330 0.09475067 0.25685722
-0.00935295 0.09529741 0.25506985
-0.01054384 0.09467507 0.25678036
-0.00523885 0.09697918 0.25044662
-0.00602177 0.09627594 0.25193605
-0.00563617 0.09587096 0.25251091
-0.00508580 0.09709974 0.25018489
-0.00013435 0.09496837 0.24937384
-0.00056953 0.09482350 0.25122881
-0.00287594 0.09487977 0.25394288
-0.00120453 0.10914487 0.23997840
-0.00407101 0.10850305 0.24210255
-0.02453488 0.08934536 0.26525691
-0.02370160 0.08972388 0.26499107
0.00197623 0.10953110 0.23813747
0.00198272 0.10970132 0.23794609
-0.00633361 0.09466734 0.25737175
-0.00907750 0.09421145 0.25933337
-0.01380414 0.08948875 0.26928583
-0.02392325 0.08959722 0.25976011
-0.02360094 0.08994409 0.25862104
-0.02350358 0.09001011 0.25911039
-0.01289169 0.08995005 0.26828751
-0.01274422 0.09344945 0.26034853
-0.01449622 0.09237634 0.26423800
-0.01332857 0.09272455 0.26365885
-0.01387374 0.09290843 0.26202878
-0.01254369 0.09299641 0.26306218
-0.01299328 0.09310345 0.26196256
-0.00266754 0.10811827 0.24184611
-0.00260505 0.10829568 0.24168746
-0.02386033 0.08963436 0.26224366
-0.02345487 0.09003145 0.26145780
-0.00078947 0.10845584 0.24061351
-0.00087202 0.10886202 0.24035454
0.00251194 0.10788269 0.23828843
0.00273016 0.10704012 0.23763441
-0.00077864 0.09490895 0.25131676
-0.00088315 0.09457111 0.25259301
-0.01334240 0.09013338 0.26907408
0.00066950 0.10121446 0.24123415
0.00429772 0.09957154 0.23845999
0.00055436 0.09903561 0.24343927
0.00064020 0.09841396 0.24392664
0.00177124 0.09935056 0.24168706
-0.02779444 0.08653627 0.26911774
-0.02735750 0.08659490 0.26697591
-0.02890513 0.08546002 0.27061298
-0.02783876 0.08650994 0.26924822
-0.00770900 0.09433910 0.26277903
-0.00742143 0.09429279 0.26277253
-0.00370725 0.10809478 0.24240163
-0.00370090 0.10653052 0.24301654
-0.00444197 0.10656541 0.24329914
-0.01706037 0.08551408 0.26706013
-0.01800259 0.08436368 0.26952487
-0.00975065 0.09280416 0.26563549
-0.01673741 0.09214234 0.26187122
-0.01486809 0.09216350 0.26469675
-0.01620955 0.09198391 0.26342428
-0.01781451 0.09095252 0.26565257
-0.01571820 0.09189607 0.26459605
-0.01733145 0.09179458 0.26253983
-0.01494930 0.09225857 0.26413310
-0.00983684 0.09114952 0.26404375
-0.00897220 0.09158762 0.26321274
-0.01557551 0.08775022 0.27067646
-0.00004881 0.10863364 0.23872535
-0.00030458 0.10907500 0.23911084
0.00129468 0.10766746 0.23712447
0.00289694 0.10896230 0.23599142
0.00205250 0.10858484 0.23673354
0.00295188 0.11015669 0.23644316
-0.01873071 0.08739017 0.27233413
-0.01893225 0.08779737 0.27177951
-0.01256696 0.09291720 0.26742601
-0.01162646 0.09334753 0.26351896
-0.01095337 0.09362452 0.26345912
-0.01060304 0.09379573 0.26158932
0.00251098 0.10924350 0.23798531
0.00302260 0.10844146 0.23723325
-0.00719202 0.09862683 0.24908161
-0.00657300 0.09845489 0.24896528
-0.00740273 0.09987705 0.24808010
-0.01962222 0.08972158 0.25466296
-0.01956785 0.08933297 0.25519550
-0.02084693 0.08763377 0.25778854
-0.01986763 0.08835030 0.25661835
-0.01886064 0.08732668 0.25787032
-0.02056886 0.08792071 0.25733984
-0.01594981 0.08637435 0.26656538
-0.01603200 0.08627999 0.26562220
0.00336667 0.09703719 0.24134518
0.00350246 0.09831110 0.24035622
0.00294027 0.09824376 0.24116240
0.00198453 0.09805010 0.24258295
-0.00077564 0.09610600 0.24844337
0.00054744 0.09710146 0.24548893
0.00024775 0.09722102 0.24568366
-0.01584384 0.08647634 0.26713195
-0.01447837 0.08764124 0.26597074
-0.01556191 0.08971781 0.27072516
-0.01458605 0.09081710 0.26982671
-0.01034612 0.09157977 0.26560253
-0.01155623 0.09078369 0.26685464
-0.01183602 0.09694460 0.25269818
-0.01160770 0.09729777 0.25221306
-0.01246555 0.09618882 0.25375128
-0.01158630 0.09644595 0.25332284
-0.00558603 0.09197278 0.25956661
-0.00821109 0.09497745 0.25611025
-0.00895271 0.09500604 0.25622961
-0.00894965 0.09474021 0.25722808
-0.00831307 0.09468357 0.25724632
-0.01431305 0.09079731 0.27018169
-0.00566796 0.09318989 0.26080737
-0.00564243 0.09360461 0.26110160
-0.00660908 0.10509062 0.24413793
-0.01622356 0.09393001 0.25728431
-0.01670167 0.09472077 0.25523716
-0.01602619 0.09456347 0.25595149
-0.01531740 0.09386808 0.25790438
-0.01106485 0.09201650 0.26691115
-0.01275640 0.09126774 0.26814449
-0.02029628 0.09222542 0.25529358
-0.00355184 0.10345452 0.24132128
-0.00680183 0.10225287 0.24292332
-0.02146235 0.09015974 0.26545823
-0.02243719 0.08960519 0.26671898
-0.02126117 0.08982903 0.26660389
-0.02186137 0.09038522 0.26454526
-0.02760101 0.08544227 0.26899287
-0.02635847 0.08595015 0.26672977
-0.02676224 0.08698940 0.26560706
-0.00260018 0.10471147 0.24256586
-0.00287639 0.10583569 0.24269912
-0.00328864 0.10584059 0.24294236
-0.00625919 0.09382983 0.26197398
-0.00635208 0.09544725 0.25389171
-0.00621803 0.09515495 0.25489137
-0.00537374 0.09518345 0.25457564
-0.02270532 0.08966020 0.25612134
-0.02306568 0.08959578 0.25639656
-0.02316379 0.08840339 0.25766903
-0.02244485 0.09110738 0.25685698
-0.01545987 0.09640313 0.25271952
-0.01628128 0.09633439 0.25191623
-0.01223236 0.09925883 0.24995483
-0.01074757 0.09956356 0.24964730
-0.01000566 0.09398416 0.26222023
-0.00969682 0.09410208 0.26163748
-0.00067636 0.09432875 0.25371379
-0.01799765 0.09400197 0.25553545
-0.02033683 0.09224547 0.25927389
-0.01662204 0.08568259 0.26991764
-0.01846734 0.08382225 0.27070120
-0.00021678 0.10400847 0.23870026
-0.00095925 0.10426874 0.23937775
0.00082655 0.10349864 0.23775636
-0.00014151 0.10478647 0.23858610
-0.00141196 0.10440955 0.23979187
-0.00461209 0.09385215 0.25999349
-0.00296229 0.09456939 0.25790519
-0.01994753 0.09092820 0.25368771
-0.01371566 0.08841915 0.26626965
-0.01542958 0.08701251 0.26776513
0.00181704 0.10264684 0.23966569
0.00087170 0.10237420 0.24062319
0.00142921 0.10262151 0.24002892
0.00034931 0.10237039 0.24110207
0.00169723 0.10306109 0.23963352
-0.02330459 0.09013271 0.26183283
-0.02252472 0.09067170 0.26140955
-0.01785365 0.08568028 0.26264271
-0.01789548 0.08516612 0.26517951
-0.01763700 0.08589059 0.26216465
-0.01610933 0.08690880 0.26119322
-0.01696574 0.08694661 0.25859606
-0.01736641 0.08605860 0.26205629
-0.02569316 0.08832511 0.26546159
-0.02485009 0.08866705 0.26308471
-0.02353988 0.08829354 0.25810853
-0.02401441 0.08885636 0.25779980
-0.02425465 0.08859897 0.25876972
0.00068536 0.09736030 0.24488014
0.00111738 0.09643379 0.24529894
-0.02283601 0.09092109 0.25642359
-0.02379761 0.08988986 0.25715095
-0.01849765 0.08465420 0.26632646
-0.00345628 0.10535277 0.24140258
-0.00356580 0.10535144 0.24146062
-0.00367085 0.09459133 0.25856563
-0.00551939 0.09472306 0.25908813
-0.02071317 0.08477565 0.26381063
-0.02137641 0.08460344 0.26411754
-0.02152916 0.08398797 0.26605836
-0.02004088 0.08475056 0.26414794
-0.01964451 0.08494913 0.26365387
-0.01865946 0.08589692 0.26095045
-0.00611320 0.09428244 0.26123643
-0.01501726 0.09631884 0.25313073
-0.01376570 0.09764135 0.25141087
-0.01550173 0.09558441 0.25413966
-0.01357812 0.09765775 0.25141394
-0.01187167 0.09763195 0.25167108
-0.00574639 0.10598626 0.24262601
-0.00611383 0.10586798 0.24285446
-0.02353016 0.08989362 0.26290169
-0.02116609 0.09159910 0.26044968
-0.01730353 0.09512024 0.25306222
-0.00186141 0.10724098 0.24010968
-0.00201681 0.10548649 0.24030280
0.00072853 0.10739380 0.23763716
0.00094359 0.10899733 0.23791412
0.00207722 0.10931610 0.23697522
-0.01995512 0.09182072 0.25414792
-0.01991995 0.09128436 0.25392899
-0.00864466 0.09108695 0.26224247
-0.01320088 0.08900610 0.26657313
-0.01313490 0.08908566 0.26663351
-0.01933917 0.09050483 0.26548246
-0.02049090 0.09032024 0.26545629
-0.01870982 0.09096793 0.26436630
-0.01837844 0.09133945 0.26338014
-0.02101283 0.09073106 0.26390135
-0.02329958 0.08989838 0.25648147
-0.01512425 0.08765341 0.26885426
-0.01495135 0.08790074 0.26929051
-0.00902860 0.09429228 0.26077840
0.00484858 0.10199454 0.23668018
0.00609928 0.10288331 0.23478328
0.00412550 0.10027435 0.23834302
0.00341284 0.10224382 0.23826192
0.00630061 0.10330775 0.23434587
0.00382388 0.10316201 0.23734467
0.00508694 0.10383638 0.23553376
0.00364230 0.10182626 0.23818639
-0.01886562 0.09342960 0.25490364
-0.00261640 0.10423919 0.24083915
-0.00057319 0.10371471 0.23902120
-0.00213683 0.10392281 0.24036549
-0.01211828 0.08884499 0.26298332
-0.01180142 0.08889684 0.26128522
-0.01055255 0.08965727 0.26065481
-0.01226363 0.08849826 0.26024142
-0.01353033 0.08789286 0.26268941
-0.00182784 0.09657384 0.24853735
-0.00189967 0.09593914 0.24971579
-0.00264741 0.09712835 0.24822851
-0.00254296 0.09669520 0.24890737
-0.00214524 0.09785102 0.24664433
-0.00366707 0.10039997 0.24557248
-0.00078924 0.09828950 0.24521877
-0.00249336 0.09960094 0.24537399
-0.00314485 0.09943438 0.24602015
0.00194548 0.09531626 0.24515064
0.00349583 0.09562323 0.24214359
0.00187131 0.09677367 0.24354564
0.00291355 0.09482481 0.24408455
-0.00608818 0.10461920 0.24273688
-0.00717892 0.10396952 0.24323267
-0.00416727 0.10392831 0.24175167
0.03201403 0.11438186 0.16428520
0.03187042 0.11476169 0.16345121
0.03325716 0.11487401 0.15689336
0.03380975 0.11491068 0.15296051
0.03260671 0.11310680 0.16698550
0.03235948 0.11354810 0.16614319
0.02856220 0.11648558 0.15145259
0.03156183 0.11470971 0.16415247
0.03314278 0.11421464 0.16022575
0.02883178 0.11571581 0.15482683
0.02872493 0.11564734 0.15593027
0.02860769 0.11630816 0.15474443
0.02893652 0.11512136 0.15536518
0.02813122 0.11473380 0.15843995
0.02991349 0.11406875 0.15580429
0.02837689 0.11441517 0.15819332
0.02929653 0.11491045 0.15444002
0.02445768 0.11347899 0.16335642
0.02858353 0.11402348 0.15986112
0.02884563 0.11403696 0.15855969
0.02482565 0.11347117 0.16299741
0.02801855 0.11374478 0.16183330
0.02608331 0.11378519 0.16151643
0.02921627 0.11633193 0.16100088
0.03111133 0.11577433 0.16163613
0.03113573 0.11451667 0.16565770
0.02768046 0.11546398 0.15993553
0.02727240 0.11403494 0.16178966
0.03015765 0.11448217 0.16777621
0.03181771 0.11768138 0.15146251
0.02867891 0.11636098 0.15868059
0.02906404 0.11668655 0.15753815
0.03021780 0.11602215 0.16151746
0.02838580 0.11598442 0.15832768
0.02940731 0.11633608 0.16108316
0.02825302 0.11598078 0.16007303
0.03007075 0.11418238 0.16942635
0.03096292 0.11391575 0.16908543
0.03167574 0.11341047 0.17042166
0.03200054 0.11654461 0.15642451
0.03399337 0.11460748 0.15140209
0.03282957 0.11416188 0.15042602
0.02940042 0.11808121 0.15190302
0.03076015 0.11686365 0.15878634
0.03227732 0.11696202 0.15344311
0.03018113 0.11755586 0.15450712
0.02970899 0.11811180 0.15229315
0.03152416 0.11733509 0.15393962
0.03248628 0.11502494 0.15997298
0.03156701 0.11844710 0.14893697
0.03011048 0.11866733 0.14998625
0.02656488 0.11357344 0.16272332
0.03198277 0.11760215 0.15133186
0.02960974 0.11716660 0.15919828
0.03322227 0.11645564 0.15167890
0.03315725 0.11653586 0.15188877
0.03247596 0.11618021 0.15590669
0.03193348 0.11767340 0.15119866
0.03149475 0.11603556 0.16057178
0.02874469 0.11730347 0.15278658
0.03299268 0.11566470 0.15552747
0.02973815 0.11730130 0.15647943
-0.00958966 0.08973647 0.25546387
-0.00814176 0.09018759 0.25532129
0.01133111 0.09671622 0.22447696
0.00771062 0.10883258 0.23083644
0.00701045 0.10800597 0.23131979
0.00717281 0.10853996 0.23131481
0.00768248 0.10298483 0.23014450
0.00774419 0.10230190 0.23015833
0.00747009 0.10406592 0.23028854
0.00786518 0.10309450 0.22986370
-0.00302438 0.09196699 0.25635603
-0.00337957 0.09165039 0.25547665
0.01093413 0.10017851 0.22573248
0.01079176 0.09963393 0.22600983
0.01158856 0.10172074 0.22457516
0.01055705 0.10221431 0.22604159
-0.01349724 0.09615381 0.24791497
-0.01479577 0.09518194 0.24876036
-0.01180609 0.09544694 0.24804437
-0.01275217 0.09573229 0.24804065
0.00985339 0.10921282 0.22912413
0.00319140 0.10229049 0.23551741
0.00333411 0.10226044 0.23536377
0.00283507 0.10082065 0.23662898
0.00502305 0.10196289 0.23351797
0.00614063 0.10112816 0.23259714
0.00252017 0.10657298 0.23577945
0.00291594 0.10652410 0.23533186
0.00421714 0.10596459 0.23388019
0.00181613 0.10646845 0.23658516
0.00146399 0.10585375 0.23701611
0.00473270 0.10634708 0.23327495
0.00189513 0.10675602 0.23648104
0.00858814 0.09782582 0.23104277
0.00986258 0.09680220 0.22703825
-0.00605849 0.09309435 0.24999885
0.00846991 0.09765231 0.23116155
0.00793667 0.09571066 0.23057906
-0.00135652 0.09254509 0.25145286
-0.00354975 0.09164885 0.25418535
-0.00340891 0.09165578 0.25465551
0.00645431 0.09746478 0.23366024
0.00467003 0.09836228 0.23570630
0.00618450 0.09765962 0.23390596
0.01325499 0.10795438 0.22498439
0.01174184 0.10743260 0.22619151
0.01192084 0.10793643 0.22622713
-0.01788109 0.09496126 0.25157788
-0.01146478 0.08906335 0.25702778
-0.01408304 0.08810777 0.25712949
-0.01423273 0.08804158 0.25739959
-0.01319531 0.08837999 0.25827858
0.00665566 0.10508705 0.23123844
0.00466622 0.10439522 0.23349936
0.00549770 0.10526403 0.23246722
0.00614233 0.10260834 0.23216787
0.00375987 0.10284337 0.23471545
0.00588219 0.10187737 0.23255986
-0.00834517 0.09311564 0.25009620
-0.00849536 0.09366231 0.24968605
0.00051513 0.09489646 0.24618497
0.00012575 0.09457684 0.24696288
-0.00330435 0.09416509 0.24915077
-0.00286056 0.09394464 0.24939890
0.00880958 0.09749306 0.22880884
0.00908642 0.09744729 0.22813989
0.00979797 0.09795367 0.22698663
-0.01829327 0.09304641 0.25158098
-0.01930897 0.09133275 0.25283104
-0.01902681 0.09220404 0.25251541
-0.01546631 0.08780738 0.25662661
-0.01585560 0.08827604 0.25584802
-0.01518545 0.08858880 0.25531077
-0.01356156 0.09057447 0.25194991
-0.01056988 0.09041838 0.25215492
-0.01129839 0.09069134 0.25171095
0.01463701 0.10065170 0.22023618
0.01676795 0.10252036 0.21671093
0.01576424 0.10179635 0.21834576
0.01468340 0.10153049 0.22002196
0.01692880 0.10223412 0.21651492
0.00929188 0.09965967 0.22829978
0.00947580 0.09972601 0.22798724
0.00816412 0.09932049 0.23019466
0.00788300 0.10002781 0.23041540
0.00851928 0.09899558 0.22973509
-0.01830802 0.08977152 0.25429255
-0.01766634 0.08926024 0.25486550
-0.01648611 0.08849367 0.25566533
-0.01639799 0.09020265 0.25314465
-0.01615908 0.08891400 0.25496253
-0.01695756 0.08907220 0.25494799
0.00523295 0.09382936 0.24002303
-0.00251487 0.09889979 0.24299353
-0.00221387 0.09832932 0.24346468
-0.00428034 0.09609986 0.24656871
0.01393466 0.10856343 0.22454004
0.01541511 0.10771386 0.22154164
0.01356476 0.10729605 0.22391976
0.01274114 0.10707308 0.22494408
-0.00481978 0.10184471 0.24194384
-0.00499529 0.10120612 0.24238586
-0.00713572 0.10160118 0.24299574
-0.00387954 0.10069261 0.24224766
0.01034235 0.09817906 0.22751789
0.01065297 0.09720697 0.22568361
-0.00304138 0.09262669 0.25123712
-0.00429053 0.09209749 0.25203097
-0.00250854 0.09314908 0.25050080
-0.00211893 0.09238078 0.25150454
0.01031948 0.09636386 0.22486316
-0.00084999 0.10253041 0.23922251
-0.00091501 0.10155366 0.23991810
0.00003175 0.10261297 0.23856089
-0.00160635 0.10060640 0.24102491
0.00090406 0.09667803 0.24282837
0.00066600 0.09677295 0.24286015
0.01343620 0.09743271 0.22194201
0.00324811 0.09389462 0.24322224
0.00484779 0.09449734 0.24015324
0.00503072 0.09475289 0.23861249
-0.01053437 0.09271828 0.25005203
-0.01018918 0.09160468 0.25087762
-0.01005610 0.09698017 0.24676567
-0.01203769 0.09681103 0.24723619
-0.00957325 0.09763102 0.24627076
-0.01016055 0.09994446 0.24493589
-0.00966463 0.09819200 0.24593768
-0.00948712 0.10006806 0.24473475
-0.01538348 0.09765125 0.24878232
-0.01588879 0.09733866 0.25026399
-0.00579985 0.09529122 0.24805397
-0.00722059 0.09393235 0.24978371
0.00489975 0.09908694 0.23478167
0.00641096 0.09876471 0.23289731
0.00493594 0.09919634 0.23470458
0.00604787 0.10005603 0.23301879
-0.00553465 0.09198388 0.25208950
-0.00567218 0.09275895 0.25040632
-0.00562838 0.09175164 0.25248921
-0.00701221 0.09208796 0.25073195
-0.01050636 0.10190953 0.24762265
-0.01152832 0.10195920 0.24718665
-0.00870559 0.10353602 0.24586432
-0.01017596 0.10290937 0.24626608
-0.01507443 0.09724144 0.25122657
-0.00898202 0.10375895 0.24523890
-0.00983766 0.10349856 0.24514480
0.00576662 0.10796584 0.23321033
0.00169382 0.09325783 0.24865618
0.00150365 0.09326940 0.24859281
0.01240597 0.10144896 0.22340459
0.01366358 0.10043089 0.22172077
0.01342378 0.09894770 0.22227874
0.01297246 0.10093734 0.22265360
0.01306475 0.10186266 0.22238877
0.01288889 0.09786896 0.22262794
0.01224172 0.09801438 0.22357981
0.01306988 0.09816530 0.22248490
-0.01479432 0.09142720 0.25146332
-0.01652698 0.09144443 0.25190240
-0.01733138 0.09074236 0.25265673
-0.01604102 0.09069932 0.25235316
0.01247519 0.10470815 0.22400983
0.01152230 0.10444621 0.22518753
0.01134153 0.10522906 0.22581883
0.00259700 0.09639704 0.24127050
0.00246783 0.09609141 0.24190989
0.00236554 0.09682747 0.24100995
0.00711494 0.09497333 0.23199689
0.00732488 0.09613439 0.23179667
0.01625624 0.10982964 0.22329232
0.01442150 0.10644427 0.22192506
0.01407801 0.10617059 0.22230837
0.01503516 0.10636086 0.22097954
0.01340674 0.10630265 0.22336125
0.01305234 0.10399887 0.22283587
0.01038285 0.09797823 0.22607785
0.01049537 0.09792854 0.22591165
0.00516762 0.09653126 0.23683086
0.00522739 0.09641412 0.23691159
-0.01363492 0.10110356 0.24707176
-0.01447113 0.09886773 0.24734056
-0.01380442 0.10101996 0.24745578
0.00145589 0.09401944 0.24874187
0.00656699 0.10845835 0.23219560
0.00830461 0.10818237 0.23045166
0.00055590 0.09243461 0.25267804
0.00851103 0.10310383 0.23089252
0.00832910 0.10090083 0.23135814
0.00951150 0.10029580 0.22959411
0.00813106 0.10264569 0.23151459
0.01020446 0.10203526 0.22838317
0.00786564 0.10117542 0.23204641
0.00733188 0.10381656 0.23264246
0.00738187 0.10370469 0.23257518
0.00794985 0.10338543 0.23173022
0.01175039 0.10223086 0.22599335
0.00907649 0.09919227 0.23035525
0.00366336 0.09722871 0.23843506
0.00351482 0.09872187 0.23719576
0.00361220 0.09793333 0.23782104
-0.00812489 0.09064430 0.25309038
-0.00842353 0.09059882 0.25302014
-0.00952178 0.09046111 0.25265998
-0.01189601 0.10136450 0.24792729
-0.01498232 0.09954916 0.24939397
0.00265415 0.10792512 0.23581114
0.00234749 0.10766822 0.23604710
0.00356945 0.10777606 0.23481715
0.00406833 0.10725719 0.23413697
0.01243733 0.09908009 0.22418581
0.01208518 0.09914101 0.22474937
0.01215834 0.09883889 0.22457917
0.01284864 0.09978554 0.22367007
0.01216039 0.10899513 0.22720385
0.01125250 0.10844710 0.22780100
0.00780919 0.10175470 0.23013398
0.00871743 0.10163545 0.22881618
0.00946800 0.10236261 0.22762872
0.00855437 0.10213839 0.22899537
-0.00542093 0.09565527 0.24753891
0.00128016 0.09249309 0.25141987
0.00090164 0.09221008 0.25218514
0.00989065 0.10717019 0.22892670
0.01050906 0.10386937 0.22781846
0.01096166 0.10335325 0.22710992
0.01135774 0.10430317 0.22656554
0.00744650 0.10461950 0.23246484
0.01183982 0.10432259 0.22584158
0.00974798 0.10481346 0.22901405
0.00801192 0.10479346 0.23162389
0.01166565 0.10963492 0.22843772
-0.00457830 0.09128931 0.25484872
-0.00617089 0.09087333 0.25423914
0.00818380 0.09618391 0.22951429
0.00766974 0.09691272 0.23113558
0.00762786 0.09554939 0.23071028
0.00898610 0.10683484 0.22886109
0.00888193 0.10735992 0.22913508
0.00738381 0.10630206 0.23039131
0.00173114 0.09281823 0.25033629
0.00897444 0.10900285 0.23024426
0.01034390 0.10830668 0.22874765
0.01430009 0.10851276 0.22440174
0.01498763 0.10910157 0.22406164
-0.01250963 0.09966779 0.24964035
-0.01366453 0.09867811 0.25036901
-0.00637894 0.09520110 0.24811190
0.01461161 0.10999179 0.22536929
-0.00960731 0.10261858 0.24426369
-0.01143307 0.10251494 0.24531372
0.00861179 0.10641190 0.23066248
0.00709328 0.10538275 0.23254134
0.00663225 0.10750213 0.23219059
0.00600508 0.09592073 0.23540699
0.01182395 0.10926200 0.22712329
-0.00048688 0.09591228 0.24530907
-0.00179559 0.09477540 0.24748389
-0.00177099 0.09594662 0.24597393
0.00982922 0.09897840 0.22901872
0.01167181 0.10041601 0.22577228
0.01130927 0.10003971 0.22637984
0.01042578 0.09940564 0.22795489
0.00678037 0.10560874 0.23279136
0.00673455 0.10558876 0.23285681
0.00484997 0.10726393 0.23450994
0.00679816 0.10091160 0.23394315
0.00581173 0.10074811 0.23569997
0.00710026 0.10049400 0.23346901
0.00792006 0.09827137 0.23233110
0.00684871 0.10086509 0.23386063
0.00775044 0.09880080 0.23255704
0.00724570 0.10274748 0.23290548
0.00701175 0.10368046 0.23318942
-0.01485485 0.09445867 0.24924326
-0.01706870 0.09421535 0.25010696
-0.01917421 0.09125118 0.25277025
-0.01585732 0.09447385 0.24954988
-0.00115909 0.09771834 0.24328329
0.00007824 0.09811638 0.24161187
-0.00109300 0.09817857 0.24264264
-0.00011021 0.09744200 0.24263732
-0.00040978 0.09404866 0.25372881
-0.00085051 0.09231479 0.25493717
-0.01230466 0.08934711 0.25406697
-0.01373180 0.08856339 0.25553852
-0.01331613 0.08879940 0.25508144
-0.01429869 0.08837675 0.25566462
-0.00770860 0.09034856 0.25562486
-0.01002405 0.08953450 0.25790548
-0.00737250 0.09066410 0.25787070
-0.00789337 0.09027161 0.25565040
-0.00103766 0.09230841 0.25401610
-0.00200315 0.09206092 0.25420099
0.01615206 0.10359203 0.21800444
0.01539908 0.10407181 0.21936494
0.01491410 0.10407253 0.22009490
0.01369586 0.10340439 0.22161049
0.01520645 0.10366402 0.21946119
0.00658304 0.09556887 0.23548882
0.00684559 0.09563754 0.23484902
-0.01386123 0.09182788 0.25096136
-0.01354504 0.09286898 0.25015596
-0.01256023 0.09257100 0.25030705
-0.00175040 0.09293365 0.25612926
-0.00280053 0.09251829 0.25725985
0.00179515 0.09824602 0.23974913
0.00121038 0.09838146 0.24014460
0.00066307 0.09910752 0.23970981
0.00167708 0.09798931 0.24021050
-0.00068931 0.09883830 0.24140666
-0.01043572 0.09464751 0.24854477
-0.01221230 0.09482663 0.24853440
-0.01395444 0.09386151 0.24942923
-0.00470508 0.09174472 0.25795713
-0.00534763 0.09147511 0.25797522
0.00469284 0.09941985 0.23785160
0.00543649 0.09746324 0.23725578
0.00602153 0.09715492 0.23629160
0.00762145 0.09818617 0.23290055
0.00477410 0.09888328 0.23791641
-0.00674228 0.10486384 0.24422561
0.01075916 0.10513385 0.22650906
0.01034254 0.10577828 0.22712153
0.01075183 0.10484934 0.22644041
0.01114846 0.10580803 0.22627947
0.00007805 0.09964721 0.23978662
0.00247315 0.10038121 0.23716366
0.00115432 0.10037914 0.23846480
-0.00036258 0.10032487 0.23997982
-0.00056590 0.10133870 0.23981933
0.00047136 0.10068059 0.23903088
0.01226508 0.09648771 0.22282948
0.00482455 0.09425391 0.24052191
0.00791782 0.09665064 0.23197299
0.00720914 0.09518214 0.23279941
0.00386709 0.09511811 0.24187918
0.00443818 0.09569158 0.24042459
0.00530179 0.09716146 0.23763262
0.00448462 0.09690396 0.23963530
0.01120853 0.09693123 0.22475000
0.01308663 0.09746121 0.22265063
-0.00837276 0.09690033 0.24651791
-0.00504367 0.09778388 0.24488133
-0.00537626 0.09726235 0.24556984
-0.00493757 0.09814307 0.24442802
-0.00392708 0.09840711 0.24393630
-0.00607264 0.10022677 0.24338515
-0.00536295 0.09867299 0.24404138
-0.00621568 0.09885897 0.24426879
-0.00772524 0.09838579 0.24515632
-0.00822733 0.09823403 0.24544811
-0.00518055 0.09962612 0.24339266
-0.00047791 0.09236715 0.25297418
-0.00910051 0.09459618 0.24850562
-0.00946385 0.09431421 0.24874839
-0.00851992 0.09628620 0.24712661
0.00646676 0.09487888 0.23571967
0.00136025 0.09502968 0.24526387
0.00267582 0.09492684 0.24336942
0.00464151 0.09519049 0.24038608
0.00906544 0.09617458 0.22792056
0.00158691 0.09450606 0.24587980
0.00186723 0.09429669 0.24591379
0.01223023 0.09782103 0.22377704
0.01279137 0.09813235 0.22318341
0.00092214 0.09398319 0.25059789
0.00566381 0.09646951 0.23593977
0.00659841 0.09705285 0.23382714
0.00472085 0.09530666 0.23907240
0.00547355 0.09480350 0.23702745
-0.00873757 0.10241222 0.24386053
-0.00799255 0.10427033 0.24358109
-0.00242334 0.09638862 0.24557149
-0.00265119 0.09606659 0.24611990
-0.01337673 0.09975906 0.24660277
-0.01155955 0.10185352 0.24541417
-0.01387215 0.09875893 0.24695437
-0.01362513 0.09815074 0.24685007
-0.01248379 0.10008438 0.24606387
-0.01354080 0.09823653 0.24679564
0.01305387 0.10383250 0.22427580
0.01173694 0.10651340 0.22646300
0.01241103 0.10773516 0.22603983
0.01145935 0.10705508 0.22691776
0.01195121 0.10542884 0.22593310
0.02937035 0.10981283 0.17317830
0.02923355 0.11315143 0.17007382
0.02923966 0.11338770 0.16925097
0.02973411 0.10923341 0.17236494
0.03491969 0.10571200 0.18209329
0.02935805 0.11044439 0.17143044
0.03552840 0.10528874 0.18421490
0.02935883 0.11149452 0.17016417
0.02924950 0.11142548 0.16740860
0.03489828 0.10313161 0.18374279
0.03565831 0.10518291 0.18485515
0.02917400 0.11241061 0.16701721
0.03093823 0.10403540 0.18365131
0.02878059 0.11367612 0.16427949
0.02890309 0.11306980 0.16584614
0.02914225 0.11084052 0.17295611
0.02962558 0.11047823 0.16928327
0.02817871 0.10994242 0.17948648
0.02827339 0.11037226 0.17745146
0.03349837 0.10932074 0.17731203
0.02899069 0.10936031 0.17493059
0.03179523 0.10271356 0.18100880
0.03245038 0.10371397 0.18058148
0.03551409 0.10286148 0.18557528
0.03386580 0.10747612 0.18079036
0.02909981 0.11212252 0.16967010
0.02963049 0.10991922 0.17101346
0.03528688 0.10659954 0.18303405
0.03228386 0.10763927 0.17537889
0.03254393 0.10838739 0.17458701
0.03352069 0.10497905 0.18016364
0.03286082 0.10484129 0.17988753
0.03261847 0.10537568 0.17892143
0.03093218 0.10587255 0.17707114
0.03041888 0.10694575 0.17603967
0.03021564 0.10558578 0.17827374
0.03004645 0.10586603 0.17865711
0.03277620 0.11017411 0.17096750
0.03222637 0.10976486 0.17222480
0.02932863 0.11280063 0.16329646
0.02947211 0.11275042 0.16329218
0.02923477 0.11145256 0.16593289
0.03167007 0.10366068 0.18003833
0.02872373 0.10950905 0.17587797
0.02957584 0.10802358 0.17469713
0.03078121 0.10766548 0.17537412
0.03111076 0.10847279 0.17368054
0.02957543 0.11546790 0.16244663
0.03379215 0.10674675 0.17878312
0.03037488 0.11045936 0.16882049
0.02953707 0.11106665 0.16693850
0.03091377 0.11095673 0.16683775
0.03137166 0.10546133 0.17768076
0.02932027 0.10800368 0.17602576
0.02931631 0.10785615 0.17527093
0.03267251 0.11108873 0.16723073
0.03217024 0.11049735 0.16927226
0.03199661 0.11047781 0.16923168
0.03213710 0.11050542 0.16921665
0.02824767 0.10969597 0.17962794
0.02914371 0.11291429 0.17071821
0.02900344 0.11260548 0.17191637
0.02945525 0.11340046 0.17363445
0.02876369 0.10894433 0.17901324
0.02838542 0.11138676 0.17632344
0.02891857 0.11245045 0.17574263
0.03123684 0.10559889 0.18392003
0.03482085 0.10243931 0.18423232
0.02924631 0.11289153 0.17486408
0.02906861 0.11262222 0.17357214
0.03420045 0.10974709 0.17882395
0.03503395 0.10756083 0.18153383
0.03352624 0.10836200 0.18007858
0.02917482 0.11433767 0.16359887
0.03516688 0.10451428 0.18323611
0.03432648 0.10984242 0.17861477
0.02873729 0.11376049 0.16260910
0.03256805 0.10354865 0.18335022
0.03429287 0.10368462 0.18397358
0.03401649 0.10198797 0.18554278
0.03440036 0.10491225 0.18336132
0.03283061 0.10513779 0.18234521
0.03726893 0.10285150 0.18668710
0.03647236 0.10418010 0.18464923
0.03415030 0.10655440 0.18001342
0.03464196 0.10258884 0.18386520
0.03013459 0.11369500 0.17171136
0.03012533 0.11411639 0.16966666
0.03059370 0.10467991 0.18420289
0.03329473 0.11113792 0.17218581
0.03351808 0.10508060 0.18258917
0.03335596 0.10435812 0.18302865
0.03768048 0.10010021 0.18878731
0.03347389 0.11140736 0.16973478
0.03647120 0.10194303 0.18649252
0.03716085 0.10092711 0.18799561
0.03290865 0.10870014 0.17462747
0.03352322 0.11127944 0.17404345
0.03321481 0.10834545 0.17728426
0.03581180 0.10389996 0.18396020
0.03658031 0.10268439 0.18581504
0.03362765 0.11181436 0.16731374
0.03318338 0.10987287 0.17531276
0.03231597 0.10313903 0.18368070
0.02959084 0.11450656 0.16638653
0.02950880 0.11438082 0.16656673
0.03663114 0.10000985 0.18811634
0.03637804 0.10051836 0.18746188
0.03524253 0.10660207 0.18280026
0.02642324 0.10992511 0.20630579
0.02696513 0.11055753 0.20573114
0.01950826 0.10397696 0.21523564
0.01808185 0.10357839 0.21650197
0.01828849 0.10037225 0.21602827
0.01924201 0.10048110 0.21461770
0.02689899 0.10242572 0.21145149
0.02586118 0.10298804 0.21154262
0.02813796 0.10188029 0.21122077
0.02578389 0.10287032 0.21170396
0.01743448 0.10284210 0.21752149
0.01507692 0.10166139 0.22097488
0.01635089 0.10278885 0.21911113
0.01576943 0.10240817 0.21996242
0.01501345 0.10242163 0.22107169
0.01548520 0.10252599 0.22038002
0.01813220 0.10230792 0.21632208
0.01862328 0.10145375 0.21538721
0.01766884 0.10228354 0.21714556
0.02140011 0.10209090 0.21418171
0.01978717 0.10456144 0.21526268
0.01942945 0.10465924 0.21568438
0.01904572 0.10470303 0.21610309
0.02374292 0.10985698 0.20544635
0.02337730 0.10977302 0.20628506
0.02495338 0.11011841 0.20260660
0.02394863 0.11001596 0.20540002
0.02475880 0.11061236 0.20510441
0.02550375 0.11078440 0.20339918
0.02968488 0.10590696 0.21382874
0.02383620 0.10554726 0.21221080
0.02373732 0.10567313 0.21234356
0.02260311 0.11063992 0.21233998
0.02367369 0.10064856 0.21813074
0.02247704 0.10010944 0.21980903
0.02272738 0.09907254 0.22186668
0.02284357 0.09767765 0.22197510
0.02284990 0.09708513 0.22300550
0.02256567 0.09593168 0.22302327
0.02769294 0.10545892 0.20913136
0.02795677 0.10530300 0.21033137
0.02062553 0.09800036 0.21443625
0.02100712 0.09755965 0.21547945
0.02169625 0.10083732 0.21415970
0.01990073 0.09961132 0.21413895
0.02225908 0.09836365 0.21486692
0.02162868 0.09915440 0.21417457
0.02009759 0.09950649 0.21396260
0.02335077 0.09723956 0.21605322
0.02235774 0.09926803 0.21524605
0.02200300 0.10023225 0.21435337
0.02934801 0.10436714 0.19149660
0.02935524 0.10438224 0.19144315
0.02917362 0.10351207 0.19498743
0.03165367 0.10893984 0.19550446
0.01520684 0.09773932 0.22011437
0.01523497 0.09782042 0.22007374
0.02476883 0.10965233 0.20103398
0.02658141 0.11074068 0.19802257
0.02574709 0.11039998 0.20043336
0.02600265 0.11076696 0.20137399
0.02612548 0.11054086 0.19925280
0.02424534 0.10888580 0.19901246
0.02617900 0.11073831 0.20022088
0.03221684 0.10415209 0.21110454
0.02725981 0.11094303 0.19707654
0.02772188 0.11121292 0.19866106
0.02801260 0.11136355 0.19947323
0.02294280 0.09733155 0.21795116
0.02274485 0.09738889 0.21874978
0.02313751 0.09764858 0.21642414
0.03142572 0.10926054 0.19647799
0.02503970 0.09886639 0.22003074
0.02417918 0.09995671 0.21912946
0.02415341 0.09991512 0.21923333
0.02514225 0.09861237 0.22035691
0.02467882 0.11149396 0.20627086
0.02504789 0.11170866 0.20567843
0.02207245 0.10105609 0.21638764
0.03148569 0.10843150 0.19203982
0.03176866 0.10918108 0.19487180
0.02989079 0.11119811 0.19411264
0.02829069 0.11095479 0.19355989
0.02895126 0.11110597 0.19073009
0.02926098 0.10592064 0.20964612
0.02865453 0.10562662 0.21027161
0.02573484 0.10846051 0.20782596
0.02497261 0.10637116 0.21039049
0.02953309 0.10678988 0.20612153
0.02982857 0.10674687 0.20580390
0.02633786 0.10472949 0.20978470
0.02620841 0.10420839 0.21023768
0.02914713 0.11107204 0.20257290
0.02852258 0.11141693 0.20377329
0.03216892 0.10191491 0.21763319
0.03221027 0.10213022 0.21763930
0.03109359 0.10757482 0.19517660
0.03085084 0.10663886 0.19653049
0.02995217 0.11139044 0.19646175
0.02320253 0.10444044 0.21357924
0.02239990 0.10399206 0.21398839
0.02079229 0.09712505 0.21624355
0.02959039 0.10879584 0.20065154
0.02408935 0.10345820 0.21436380
0.03181585 0.10522459 0.21054746
0.03217690 0.10482948 0.21310227
0.02298612 0.10170428 0.21779571
0.02560644 0.10202421 0.21325406
0.02567733 0.10160102 0.21394779
0.02526640 0.10206121 0.21369414
0.02745540 0.10052196 0.21332078
0.02628370 0.10125685 0.21368892
0.03175445 0.11024620 0.19342026
0.02587975 0.09994657 0.21678755
0.02728281 0.09820130 0.21802419
0.02626912 0.09887641 0.21825755
0.02538435 0.09907617 0.21921037
0.02575993 0.09986635 0.21712291
0.02653141 0.09873104 0.21814078
0.02770806 0.09927123 0.21532360
0.02483737 0.10296058 0.21334481
0.02449473 0.10288843 0.21430673
0.02241046 0.10144380 0.21850644
0.02208524 0.10442602 0.21356854
0.02232292 0.10322963 0.21476316
0.02373031 0.11109401 0.20837109
0.02398741 0.09305347 0.22351646
0.02252972 0.09508055 0.22385015
0.02308945 0.09381344 0.22454669
0.02282444 0.09562446 0.22217339
0.02263359 0.11095879 0.21326193
0.02289094 0.11077002 0.21351677
0.02686327 0.11038182 0.19464490
0.02712840 0.11035079 0.19351797
0.02827311 0.11069722 0.19067292
0.02595698 0.10831460 0.18935655
0.02793357 0.11073090 0.19209068
0.02331804 0.09666107 0.21772286
0.02278538 0.09639773 0.22086148
0.02326126 0.09586812 0.22003058
0.02371713 0.09452573 0.22138874
0.03054942 0.10660683 0.19947007
0.03063448 0.10641117 0.19957633
0.02346640 0.09444388 0.22017781
0.02277741 0.09573996 0.21770740
0.01512994 0.09872839 0.22039659
0.01597032 0.09781362 0.21940099
0.01814807 0.09761778 0.21738741
0.01850493 0.09847336 0.21698922
0.01336087 0.10012075 0.22293620
0.01396805 0.10208079 0.22259620
0.01431808 0.10026930 0.22171952
0.01440687 0.09902138 0.22131471
0.01586064 0.10027906 0.21970570
0.01395889 0.09677184 0.22150974
0.03005327 0.10727368 0.20216304
0.02911620 0.10748233 0.20333451
0.02971235 0.10734636 0.20261028
0.01681126 0.09732754 0.21852842
0.01923682 0.09832276 0.21612237
0.02756882 0.10523356 0.20967154
0.02880424 0.10158464 0.21235225
0.02862653 0.10266260 0.21194585
0.03179746 0.11004583 0.19515049
0.02761420 0.10995909 0.20374592
0.02768990 0.10856483 0.20468593
0.03059740 0.11129781 0.20043251
0.03095972 0.10480373 0.20352443
0.03107741 0.10569937 0.20293625
0.03078379 0.10571474 0.21382496
0.03238812 0.10467508 0.21363768
0.03040573 0.10595090 0.21446992
0.03164363 0.10523444 0.20739667
0.02910441 0.10848569 0.20201458
0.02899293 0.10786481 0.20275639
0.03133614 0.11132047 0.19646284
0.03304910 0.10260899 0.21918455
0.03297487 0.10285002 0.21883754
0.03070497 0.10348489 0.20316318
0.03123950 0.10381967 0.20622474
0.03127222 0.10466450 0.20580274
0.03000415 0.11122490 0.19467036
0.02955819 0.11118757 0.19509503
0.03083236 0.10619213 0.20112714
0.03067877 0.10671683 0.20138600
0.02989257 0.10631892 0.20806053
0.03114040 0.10619144 0.20615718
0.02840891 0.10702692 0.20577335
0.03225163 0.10502773 0.21015267
0.03189830 0.10539499 0.20902234
0.03034600 0.10389006 0.20037326
0.03038698 0.10472149 0.19830926
0.03004875 0.10411794 0.19845273
0.02967354 0.10557918 0.21116516
0.03034876 0.10595530 0.21300708
0.02216497 0.10112226 0.21858793
0.03135683 0.11026857 0.19711183
0.02651867 0.11172174 0.20663983
0.02242864 0.11001789 0.21169890
0.02311190 0.11067137 0.21025509
0.02218908 0.09869854 0.21905728
0.02201769 0.09969355 0.21836287
0.02195193 0.10028881 0.21693897
0.03078793 0.10516741 0.20045604
0.03065894 0.10404288 0.20158283
0.03125770 0.10482089 0.21611775
0.03150136 0.10463478 0.21648470
0.02531809 0.11108761 0.20891611
0.02896372 0.10247596 0.21245240
0.02914899 0.10427255 0.21246220
0.02412421 0.09532597 0.21743436
0.02323987 0.09592714 0.21640390
0.02289340 0.09487858 0.21903919
0.02394376 0.09391936 0.22084337
0.02849112 0.10946242 0.20249866
0.02270330 0.10842057 0.21378404
0.02371459 0.11002065 0.21237084
0.02329591 0.10963505 0.21324362
0.02515757 0.10370791 0.21184687
0.03067103 0.10834903 0.19796160
0.02345989 0.10871527 0.21213439
0.02469957 0.10994092 0.20994653
0.02424175 0.10882930 0.21038014
0.02403779 0.10955407 0.21126643
0.03114782 0.11089358 0.19323693
0.02680261 0.11153083 0.20646696
0.03197339 0.10241217 0.21242896
0.03222967 0.10269804 0.21356639
0.03214744 0.10141582 0.21526544
0.02528660 0.10882878 0.19438331
0.02436830 0.10798988 0.19452207
0.02460150 0.10886844 0.19742329
0.02399158 0.10867833 0.19913504
0.02529928 0.10892948 0.19477458
0.02566315 0.10901533 0.19363177
0.02638114 0.11020955 0.19589850
0.02479276 0.10807422 0.19311914
0.02665634 0.11045345 0.19582380
0.02403501 0.10855450 0.19840705
0.02179139 0.10443985 0.21357654
0.02244159 0.10568642 0.21373849
0.02924320 0.10353194 0.19608158
0.03008563 0.10504715 0.19363722
0.02970175 0.10444556 0.19349037
0.02460886 0.11103369 0.21047640
0.02988216 0.10077536 0.21385722
0.02936612 0.09981143 0.21333729
0.02968592 0.10064573 0.21363251
0.03077639 0.10739379 0.19756658
0.02992758 0.11065183 0.20117547
0.03000958 0.10982975 0.19937301
0.02074714 0.09673897 0.21647622
0.02541675 0.10866257 0.20807599
0.02524259 0.10823896 0.20864555
0.02330089 0.10683031 0.21290572
0.03261976 0.10208890 0.21917360
0.03289298 0.10202643 0.22038835
0.03210705 0.10305969 0.21719640
0.02983172 0.11117414 0.19002140
0.03012482 0.11109708 0.18955266
0.03203656 0.10006503 0.21858887
0.03146815 0.10191603 0.21585834
0.03053278 0.10021086 0.21530846
0.02971085 0.09967755 0.21402429
0.02730547 0.11171900 0.20458402
0.02589181 0.11218560 0.20572390
0.03086238 0.10665324 0.19371879
0.03010891 0.10535681 0.19151706
0.03062754 0.10609192 0.19401537
0.03052959 0.10568228 0.19523631
0.03051829 0.11157036 0.19868053
0.03002277 0.10416199 0.21385112
0.03114608 0.10381711 0.21538070
0.03197699 0.10492264 0.21720155
0.03159667 0.10517451 0.21506973
0.03264587 0.10226292 0.21698105
0.03288043 0.10293694 0.21731153
0.02789503 0.11165325 0.20378840
0.02900388 0.11160062 0.20188510
0.02871686 0.11168344 0.20302947
0.02650696 0.10856182 0.20652382
0.02736375 0.10714464 0.20641468
0.02749501 0.10603268 0.20720397
0.02881437 0.11153854 0.20061505
0.02912007 0.11154433 0.19957335
0.02962691 0.11084854 0.20179446
0.02835518 0.10993288 0.20249741
