-0.4439 0.7851 0.0711 0.0000 
-0.5201 0.7730 0.0792 0.0000 
-0.5324 0.7866 0.0677 0.0000 
-0.5749 0.6259 0.1441 0.0000 
-0.8166 0.6262 -0.1191 0.0000 
-0.7050 0.4476 -0.0650 0.0000 
-0.6553 0.7291 0.0957 0.0000 
-0.6767 0.6648 0.1357 0.0000 
-0.7118 0.7085 0.0746 0.0000 
-0.6062 0.8321 -0.1247 0.0000 
-0.6079 0.7120 0.1136 0.0000 
-0.3957 0.7875 0.0387 0.0000 
-0.4939 0.7775 0.0839 0.0000 
-0.6811 0.6338 0.1404 0.0000 
-0.6800 0.6842 0.1314 0.0000 
-0.6281 0.8201 -0.1214 0.0000 
-0.6859 0.8128 -0.1665 0.0000 
-0.5748 0.7924 0.0592 0.0000 
-0.7189 0.5958 0.1169 0.0000 
-0.6754 0.7274 0.0601 0.0000 
-0.3971 0.7524 0.0468 0.0000 
-0.7110 0.5004 0.0487 0.0000 
-0.6777 0.7848 -0.0361 0.0000 
-0.6769 0.7760 -0.0052 0.0000 
-0.6923 0.5548 0.1200 0.0000 
-0.3939 0.7800 0.0246 0.0000 
-0.7363 0.5824 0.1146 0.0000 
-0.6168 0.7779 0.0311 0.0000 
-0.4939 0.7775 0.0839 0.0000 
-0.5985 0.6960 0.1175 0.0000 
-0.6451 0.7615 0.0814 0.0000 
-0.6919 0.6191 0.1318 0.0000 
-0.7271 0.5417 0.1089 0.0000 
-0.7139 0.5997 0.1023 0.0000 
-0.5869 0.7910 0.0438 0.0000 
-0.6980 0.5780 0.1289 0.0000 
-0.6782 0.7008 0.0772 0.0000 
-0.7158 0.5188 0.0936 0.0000 
-0.6936 0.6712 0.1447 0.0000 
-0.5926 0.8399 -0.1234 0.0000 
-0.6031 0.7112 0.1054 0.0000 
-0.6702 0.7222 0.0544 0.0000 
-0.6741 0.7926 -0.0490 0.0000 
-0.4257 0.7564 0.0579 0.0000 
-0.7121 0.5034 0.0837 0.0000 
-0.7864 0.6660 -0.0643 0.0000 
-0.6685 0.7364 0.0592 0.0000 
-0.7161 0.5109 0.1162 0.0000 
-0.6862 0.7601 0.0451 0.0000 
-0.6719 0.7327 0.0425 0.0000 
-0.5382 0.5455 0.1163 0.0000 
-0.5955 0.7103 0.1175 0.0000 
-0.6421 0.7895 0.0093 0.0000 
-0.6615 0.7384 0.0893 0.0000 
-0.6940 0.6716 0.0852 0.0000 
-0.6848 0.8110 -0.1607 0.0000 
-0.7759 0.6870 -0.0478 0.0000 
-0.3746 0.7590 -0.0843 0.0000 
-0.6371 0.7583 0.0825 0.0000 
-0.7222 0.5476 0.1120 0.0000 
-0.6832 0.6960 0.1288 0.0000 
-0.7319 0.5056 0.0830 0.0000 
-0.8181 0.6333 -0.1104 0.0000 
-0.6747 0.6769 0.1298 0.0000 
-0.7062 0.6057 0.1188 0.0000 
-0.6233 0.7914 0.0201 0.0000 
-0.6003 0.7136 0.1153 0.0000 
-0.6692 0.7701 0.0482 0.0000 
-0.6333 0.7300 0.0815 0.0000 
-0.5929 0.6935 0.1378 0.0000 
-0.6953 0.5834 0.1232 0.0000 
-0.6003 0.7732 0.0374 0.0000 
-0.5324 0.7866 0.0677 0.0000 
-0.6833 0.7582 0.0332 0.0000 
-0.6767 0.6648 0.1357 0.0000 
-0.7747 0.6787 -0.0604 0.0000 
-0.7036 0.4874 0.0570 0.0000 
-0.6954 0.4682 -0.0168 0.0000 
-0.7128 0.5853 0.1090 0.0000 
-0.6478 0.7193 0.0794 0.0000 
-0.6817 0.7263 0.1092 0.0000 
-0.6972 0.4523 -0.0580 0.0000 
-0.6313 0.7869 0.0165 0.0000 
-0.7570 0.6812 -0.0597 0.0000 
-0.6029 0.6581 0.1543 0.0000 
-0.7256 0.7403 -0.0469 0.0000 
-0.3673 0.7657 -0.0100 0.0000 
-0.5666 0.6370 0.1567 0.0000 
-0.5422 0.4748 0.0503 0.0000 
-0.6714 0.7030 0.1141 0.0000 
-0.8033 0.6300 -0.1001 0.0000 
-0.6873 0.5990 0.1178 0.0000 
-0.7350 0.5731 0.1147 0.0000 
-0.7254 0.5506 0.1134 0.0000 
-0.6031 0.7112 0.1054 0.0000 
-0.7209 0.6114 0.1115 0.0000 
-0.4736 0.7584 0.0789 0.0000 
-0.5510 0.7967 0.0722 0.0000 
-0.7044 0.5466 0.1183 0.0000 
-0.7417 0.5777 0.1193 0.0000 
-0.6455 0.7787 0.0774 0.0000 
-0.6779 0.8033 -0.1159 0.0000 
-0.5854 0.6710 0.1357 0.0000 
-0.5950 0.7033 0.1327 0.0000 
-0.6572 0.7743 -0.0072 0.0000 
-0.7042 0.5044 0.0557 0.0000 
-0.5782 0.7769 0.0576 0.0000 
-0.5936 0.6634 0.1396 0.0000 
-0.8067 0.6207 -0.1071 0.0000 
-0.6737 0.7938 -0.0736 0.0000 
-0.6627 0.8163 -0.1311 0.0000 
-0.5119 0.7676 0.0772 0.0000 
-0.7405 0.5570 0.1015 0.0000 
-0.6276 0.7251 0.1089 0.0000 
-0.6969 0.8293 -0.2054 0.0000 
-0.7237 0.5358 0.1064 0.0000 
-0.5056 0.7854 0.0860 0.0000 
-0.7748 0.6608 -0.0704 0.0000 
-0.3894 0.7512 0.0209 0.0000 
-0.7279 0.5869 0.1016 0.0000 
-0.6969 0.6839 0.0947 0.0000 
-0.3671 0.7504 -0.1166 0.0000 
-0.7190 0.4916 0.0499 0.0000 
-0.3911 0.7468 0.0007 0.0000 
-0.8038 0.6304 -0.0943 0.0000 
-0.6997 0.5960 0.1250 0.0000 
-0.7533 0.7037 -0.0397 0.0000 
-0.6902 0.6218 0.1063 0.0000 
-0.7044 0.5466 0.1183 0.0000 
-0.4869 0.7710 0.0830 0.0000 
-0.3726 0.7558 -0.0512 0.0000 
-0.7016 0.5598 0.1242 0.0000 
-0.6698 0.7326 0.0985 0.0000 
-0.5492 0.6121 0.1472 0.0000 
-0.7231 0.6583 0.1087 0.0000 
-0.6581 0.7564 0.0908 0.0000 
-0.7952 0.6249 -0.0874 0.0000 
-0.8051 0.6076 -0.1742 0.0000 
-0.3907 0.7513 0.0382 0.0000 
-0.6946 0.6131 0.1051 0.0000 
-0.6874 0.7700 0.0307 0.0000 
-0.8117 0.6076 -0.1625 0.0000 
-0.7146 0.4645 -0.0284 0.0000 
-0.6960 0.6222 0.1384 0.0000 
-0.7791 0.6903 -0.0516 0.0000 
-0.6709 0.6511 0.1393 0.0000 
-0.6498 0.7693 0.0557 0.0000 
-0.6168 0.7779 0.0311 0.0000 
-0.6932 0.7680 0.0411 0.0000 
-0.5193 0.7911 0.0713 0.0000 
-0.6085 0.7206 0.0973 0.0000 
-0.6946 0.6131 0.1051 0.0000 
-0.7864 0.6660 -0.0643 0.0000 
-0.6173 0.7174 0.1242 0.0000 
-0.5454 0.7662 0.0692 0.0000 
-0.6718 0.7446 0.1280 0.0000 
-0.6617 0.7721 0.0718 0.0000 
-0.7031 0.4893 0.0643 0.0000 
-0.7028 0.6042 0.1204 0.0000 
-0.7133 0.4934 0.0707 0.0000 
-0.6925 0.7140 0.0766 0.0000 
-0.6515 0.7618 0.0797 0.0000 
-0.5111 0.7872 0.0840 0.0000 
-0.6616 0.7580 0.0799 0.0000 
-0.6935 0.6951 0.0870 0.0000 
-0.7145 0.6637 0.1041 0.0000 
-0.5232 0.7720 0.0785 0.0000 
-0.6166 0.7834 0.0314 0.0000 
-0.6201 0.7068 0.1165 0.0000 
-0.7320 0.5703 0.1051 0.0000 
-0.3784 0.7498 -0.0363 0.0000 
-0.6104 0.8365 -0.1154 0.0000 
-0.6642 0.6808 0.1232 0.0000 
-0.8535 0.4189 0.2839 0.0000 
-0.6960 0.6222 0.1384 0.0000 
-0.7648 0.7011 -0.0445 0.0000 
-0.6915 0.6736 0.0888 0.0000 
-0.6248 0.7202 0.0874 0.0000 
-0.7009 0.4593 -0.0205 0.0000 
-0.6869 0.6810 0.0868 0.0000 
-0.7296 0.7322 -0.0434 0.0000 
-0.3681 0.7445 -0.1009 0.0000 
-0.5335 0.5358 0.1111 0.0000 
-0.7074 0.5471 0.1164 0.0000 
-0.6852 0.7478 0.0452 0.0000 
-0.7128 0.5643 0.1181 0.0000 
-0.6068 0.7830 0.0394 0.0000 
-0.6915 0.8200 -0.2123 0.0000 
-0.6626 0.7140 0.0640 0.0000 
-0.6127 0.7275 0.1135 0.0000 
-0.5485 0.7862 0.0735 0.0000 
-0.6560 0.7619 0.0207 1.0000 
-0.6609 0.7665 0.0671 0.0000 
-0.5803 0.7922 0.0463 0.0000 
-0.6311 0.8246 -0.1168 0.0000 
-0.6911 0.5961 0.1195 0.0000 
-0.6616 0.7580 0.0799 0.0000 
-0.7209 0.6114 0.1115 0.0000 
-0.7417 0.5546 0.1094 0.0000 
-0.7478 0.7173 -0.0371 0.0000 
-0.6788 0.7069 0.0740 0.0000 
-0.7750 0.6561 -0.0708 0.0000 
-0.3802 0.7503 -0.0441 0.0000 
-0.7161 0.5005 0.1120 0.0000 
-0.5510 0.5660 0.1314 0.0000 
-0.5406 0.5162 0.0856 0.0000 
-0.7099 0.6692 0.0952 0.0000 
-0.3951 0.7564 0.0300 0.0000 
-0.6912 0.6745 0.0896 0.0000 
-0.7079 0.5207 0.0907 0.0000 
-0.6617 0.7421 0.0887 0.0000 
-0.7190 0.4916 0.0499 0.0000 
-0.3907 0.7665 0.0285 0.0000 
-0.6980 0.7080 0.0742 0.0000 
-0.3709 0.7412 -0.1288 0.0000 
-0.6870 0.8160 -0.1429 0.0000 
-0.7124 0.6620 0.1073 0.0000 
-0.6679 0.7187 0.0987 0.0000 
-0.6757 0.7319 0.1044 0.0000 
-0.6835 0.7774 0.0268 0.0000 
-0.4381 0.7491 0.0609 0.0000 
-0.6634 0.6730 0.1287 0.0000 
-0.3733 0.7615 -0.0865 0.0000 
-0.3804 0.7413 -0.1689 0.0000 
-0.7134 0.5250 0.1142 0.0000 
-0.6158 0.7594 0.0958 0.0000 
-0.7234 0.5938 0.1010 0.0000 
-0.4455 0.7561 0.0701 0.0000 
-0.3681 0.7445 -0.1009 0.0000 
-0.7049 0.5328 0.0898 0.0000 
-0.6925 0.6794 0.1402 0.0000 
-0.4633 0.7845 0.0721 0.0000 
-0.6611 0.7309 0.0902 0.0000 
-0.3800 0.7636 0.0073 1.0000 
-0.7012 0.6745 0.1007 0.0000 
-0.6623 0.7532 0.0308 0.0000 
-0.5387 0.5357 0.1179 0.0000 
-0.6912 0.6115 0.1323 0.0000 
-0.6784 0.7770 0.0047 0.0000 
-0.7066 0.7383 0.0481 0.0000 
-0.8007 0.6525 -0.0682 0.0000 
-0.7869 0.6350 -0.0741 0.0000 
-0.6836 0.7292 0.1141 0.0000 
-0.6904 0.7030 0.0814 0.0000 
-0.5973 0.6738 0.1532 0.0000 
-0.6570 0.7609 0.0176 0.0000 
-0.4931 0.7868 0.0860 0.0000 
-0.7204 0.5237 0.0995 0.0000 
-0.3881 0.7509 0.0123 0.0000 
-0.7069 0.5195 0.0767 0.0000 
-0.5335 0.5358 0.1111 0.0000 
-0.6682 0.7179 0.0532 0.0000 
-0.6573 0.7192 0.1033 0.0000 
-0.3738 0.7359 -0.1123 0.0000 
-0.6379 0.7747 0.0071 0.0000 
-0.7246 0.5563 0.1141 0.0000 
-0.7139 0.5997 0.1023 0.0000 
-0.8058 0.6064 -0.1813 0.0000 
-0.5262 0.7698 0.0775 0.0000 
-0.4488 0.7773 0.0758 0.0000 
-0.7074 0.7395 0.0458 0.0000 
-0.6454 0.7735 0.0747 0.0000 
-0.6627 0.7390 0.0362 0.0000 
-0.6826 0.6554 0.1407 0.0000 
-0.6830 0.7513 0.0438 0.0000 
-0.6880 0.8214 -0.2004 0.0000 
-0.6976 0.5457 0.1079 0.0000 
-0.7110 0.4858 0.0465 0.0000 
-0.7133 0.7190 0.0716 0.0000 
-0.5749 0.6259 0.1441 0.0000 
-0.6750 0.6665 0.1351 0.0000 
-0.6832 0.8064 -0.1110 0.0000 
-0.3776 0.7535 -0.0937 0.0000 
-0.4296 0.7840 0.0647 0.0000 
-0.6284 0.7251 0.0832 0.0000 
-0.7900 0.6325 -0.0729 0.0000 
-0.3831 0.7654 0.0154 1.0000 
-0.6229 0.7531 0.0933 0.0000 
-0.6780 0.6237 0.1376 0.0000 
-0.5717 0.6442 0.1558 0.0000 
-0.7050 0.7017 0.0749 0.0000 
-0.6209 0.7361 0.1039 0.0000 
-0.6920 0.8255 -0.1860 0.0000 
-0.8102 0.6146 -0.1213 0.0000 
-0.4302 0.7815 0.0675 0.0000 
-0.6742 0.7059 0.1136 0.0000 
-0.5055 0.7726 0.0822 0.0000 
-0.7132 0.5462 0.1243 0.0000 
-0.7530 0.6982 -0.0567 0.0000 
-0.6888 0.8211 -0.2178 0.0000 
-0.7322 0.7100 -0.0451 0.0000 
-0.3707 0.7458 -0.0546 0.0000 
-0.7145 0.7095 0.0727 0.0000 
-0.6915 0.8021 -0.1354 0.0000 
-0.6898 0.8141 -0.1806 0.0000 
-0.6353 0.7483 0.0855 0.0000 
-0.6186 0.7067 0.1149 0.0000 
-0.6954 0.5741 0.1161 0.0000 
-0.6209 0.7819 0.0261 0.0000 
-0.5073 0.7944 0.0769 0.0000 
-0.5504 0.5550 0.1259 0.0000 
-0.6893 0.6933 0.1324 0.0000 
-0.5580 0.6401 0.1481 0.0000 
-0.7016 0.5437 0.1169 0.0000 
-0.7283 0.5282 0.0969 0.0000 
-0.6570 0.7609 0.0176 0.0000 
-0.7037 0.4837 0.0562 0.0000 
-0.3679 0.7617 -0.0925 0.0000 
-0.5490 0.6181 0.1448 0.0000 
-0.7059 0.4776 0.0407 0.0000 
-0.6694 0.7221 0.0929 0.0000 
-0.7105 0.5308 0.1206 0.0000 
-0.5324 0.7866 0.0677 0.0000 
-0.6900 0.8302 -0.2090 0.0000 
-0.7081 0.4806 0.0409 0.0000 
-0.6632 0.7355 0.0931 0.0000 
-0.7063 0.4486 -0.0436 0.0000 
-0.8066 0.6071 -0.1420 0.0000 
-0.7015 0.8244 -0.2014 0.0000 
-0.5496 0.6204 0.1421 0.0000 
-0.7360 0.5431 0.1066 0.0000 
-0.7304 0.7242 -0.0515 0.0000 
-0.7045 0.6426 0.0925 0.0000 
-0.6835 0.7044 0.0791 0.0000 
-0.5422 0.5575 0.1359 0.0000 
-0.6419 0.7952 0.0098 0.0000 
-0.6891 0.7055 0.0797 0.0000 
-0.4019 0.7496 0.0517 0.0000 
-0.5403 0.4705 0.0288 0.0000 
-0.7357 0.7074 -0.0448 0.0000 
-0.5807 0.6418 0.1429 0.0000 
-0.5020 0.7768 0.0828 0.0000 
-0.5609 0.7724 0.0582 0.0000 
-0.3679 0.7625 -0.0844 0.0000 
-0.6719 0.6709 0.1328 0.0000 
-0.6770 0.7309 0.0957 0.0000 
-0.3737 0.7450 -0.1485 0.0000 
-0.6825 0.7139 0.1176 0.0000 
-0.7214 0.6153 0.0955 0.0000 
-0.3674 0.7654 -0.0745 0.0000 
-0.6845 0.6804 0.1364 0.0000 
-0.7092 0.4700 -0.0098 0.0000 
-0.7182 0.4893 0.0578 0.0000 
-0.6455 0.7647 0.0798 0.0000 
-0.6851 0.8234 -0.1865 0.0000 
-0.6481 0.7259 0.0987 0.0000 
-0.6915 0.6736 0.0888 0.0000 
-0.6899 0.7963 -0.1001 0.0000 
-0.3833 0.7727 0.0104 0.0000 
-0.6748 0.7781 -0.0408 0.0000 
-0.6191 0.7827 0.0232 0.0000 
-0.5883 0.6498 0.1566 0.0000 
-0.4035 0.7467 0.0453 0.0000 
-0.3765 0.7455 -0.0654 0.0000 
-0.3832 0.7475 -0.0075 0.0000 
-0.7057 0.4842 0.0276 0.0000 
-0.7242 0.5262 0.1002 0.0000 
-0.4077 0.7762 0.0602 0.0000 
-0.6931 0.6075 0.1377 0.0000 
-0.6365 0.8310 -0.1247 0.0000 
-0.7092 0.4509 -0.0461 0.0000 
-0.7654 0.6688 -0.0603 0.0000 
-0.6866 0.6884 0.0843 0.0000 
-0.5368 0.4857 0.0613 0.0000 
-0.4420 0.7649 0.0700 0.0000 
-0.6663 0.7007 0.1089 0.0000 
-0.6915 0.8021 -0.1354 0.0000 
-0.6736 0.7493 0.0902 0.0000 
-0.7114 0.7077 0.0669 0.0000 
-0.4403 0.7519 0.0639 0.0000 
-0.6981 0.5477 0.1196 0.0000 
-0.7363 0.5824 0.1146 0.0000 
-0.4470 0.7483 0.0665 0.0000 
-0.3798 0.7745 0.0010 0.0000 
-0.5760 0.6638 0.1422 0.0000 
-0.7964 0.6396 -0.0767 0.0000 
-0.6696 0.7659 0.0412 0.0000 
-0.4676 0.7860 0.0719 0.0000 
-0.5749 0.6259 0.1441 0.0000 
-0.6737 0.7508 0.0569 0.0000 
-0.6545 0.7655 0.0317 0.0000 
-0.5411 0.4993 0.0822 0.0000 
-0.6996 0.7575 0.0430 0.0000 
-0.6665 0.7410 0.0318 0.0000 
-0.6450 0.7911 -0.0135 0.0000 
-0.6215 0.7121 0.1298 0.0000 
-0.6946 0.6583 0.1432 0.0000 
-0.7232 0.5307 0.1024 0.0000 
-0.6574 0.7590 0.0285 0.0000 
-0.7148 0.5887 0.1082 0.0000 
-0.6020 0.6931 0.1527 0.0000 
-0.6763 0.7914 -0.0821 0.0000 
-0.6788 0.7069 0.0740 0.0000 
-0.6589 0.7415 0.0542 0.0000 
-0.6957 0.5881 0.1178 0.0000 
-0.7320 0.5703 0.1051 0.0000 
-0.7065 0.6553 0.1092 0.0000 
-0.8061 0.5980 -0.2051 0.0000 
-0.7145 0.5770 0.1199 0.0000 
-0.5593 0.7901 0.0637 0.0000 
-0.5422 0.4722 0.0472 0.0000 
-0.6117 0.7106 0.1001 0.0000 
-0.7114 0.5652 0.1231 0.0000 
-0.3679 0.7381 -0.0750 0.0000 
-0.5981 0.6916 0.1431 0.0000 
-0.6000 0.6986 0.1380 0.0000 
-0.7092 0.4509 -0.0461 0.0000 
-0.7043 0.5350 0.0941 0.0000 
-0.7410 0.7271 -0.0421 0.0000 
-0.5681 0.6412 0.1486 0.0000 
-0.6624 0.7755 0.0518 0.0000 
-0.6905 0.7695 0.0371 0.0000 
-0.6880 0.5870 0.1163 0.0000 
-0.5955 0.7103 0.1175 0.0000 
-0.6382 0.7610 0.0766 0.0000 
-0.5927 0.8340 -0.1227 0.0000 
-0.6695 0.7678 -0.0041 0.0000 
-0.6647 0.7107 0.1072 0.0000 
-0.5375 0.5308 0.1287 0.0000 
-0.3639 0.7722 -0.0658 0.0000 
-0.7310 0.5384 0.1032 0.0000 
-0.7008 0.6294 0.1150 0.0000 
-0.6848 0.8073 -0.1495 0.0000 
-0.3839 0.7452 0.0102 0.0000 
-0.7199 0.5121 0.0922 0.0000 
-0.6274 0.7244 0.0895 0.0000 
-0.6948 0.8115 -0.1668 0.0000 
-0.6231 0.7805 0.0193 0.0000 
-0.7275 0.5069 0.0933 0.0000 
-0.7069 0.6301 0.1142 0.0000 
-0.6750 0.7883 -0.0701 0.0000 
-0.7139 0.5997 0.1023 0.0000 
-0.6225 0.7862 0.0262 0.0000 
-0.6624 0.7433 0.0363 0.0000 
-0.3907 0.7665 0.0285 0.0000 
-0.6917 0.5532 0.1182 0.0000 
-0.5062 0.7959 0.0815 0.0000 
-0.6055 0.6944 0.1593 0.0000 
-0.6866 0.7084 0.1243 0.0000 
-0.6682 0.7239 0.0432 0.0000 
-0.3753 0.7605 -0.0199 1.0000 
-0.7149 0.7109 0.0725 0.0000 
-0.4226 0.7589 0.0575 0.0000 
-0.6750 0.6665 0.1351 0.0000 
-0.7360 0.5431 0.1066 0.0000 
-0.7377 0.5711 0.1144 0.0000 
-0.5240 0.7887 0.0700 0.0000 
-0.6696 0.6458 0.1349 0.0000 
-0.5613 0.6469 0.1483 0.0000 
-0.7020 0.6365 0.1053 0.0000 
-0.7116 0.6596 0.1081 0.0000 
-0.6909 0.4799 0.0470 0.0000 
-0.7127 0.5256 0.1020 0.0000 
-0.6643 0.7811 0.0009 0.0000 
-0.6833 0.6621 0.1407 0.0000 
-0.3759 0.7424 -0.0712 0.0000 
-0.7222 0.5476 0.1120 0.0000 
-0.6652 0.6480 0.1347 0.0000 
-0.8062 0.6271 -0.1000 0.0000 
-0.4366 0.7656 0.0688 0.0000 
-0.4459 0.7715 0.0694 0.0000 
-0.5437 0.4786 0.0524 0.0000 
-0.7094 0.7220 0.0590 0.0000 
-0.5055 0.7726 0.0822 0.0000 
-0.5400 0.5858 0.1321 0.0000 
-0.6769 0.7910 -0.0821 0.0000 
-0.5023 0.7800 0.0868 0.0000 
-0.6817 0.7263 0.1092 0.0000 
-0.5664 0.6455 0.1563 0.0000 
-0.4429 0.7819 0.0736 0.0000 
-0.7142 0.4785 0.0314 0.0000 
-0.5480 0.7970 0.0720 0.0000 
-0.7251 0.5736 0.1074 0.0000 
-0.6835 0.7044 0.0791 0.0000 
-0.6969 0.7651 -0.0614 0.0000 
-0.6340 0.7450 0.0881 0.0000 
-0.6830 0.8060 -0.2176 0.0000 
-0.3766 0.7445 -0.1724 0.0000 
-0.8041 0.5987 -0.2080 0.0000 
-0.6100 0.8267 -0.1197 0.0000 
-0.5853 0.6492 0.1427 0.0000 
-0.7089 0.4750 0.0283 0.0000 
-0.7174 0.6154 0.1026 0.0000 
-0.5900 0.6788 0.1485 0.0000 
-0.3742 0.7422 -0.1739 0.0000 
-0.6852 0.7478 0.0452 0.0000 
-0.6739 0.6991 0.1189 0.0000 
-0.5617 0.6292 0.1589 0.0000 
-0.4520 0.7856 0.0726 0.0000 
-0.8053 0.6088 -0.1478 0.0000 
-0.6450 0.7516 0.0880 0.0000 
-0.7222 0.6201 0.0981 0.0000 
-0.6840 0.7941 -0.1070 0.0000 
-0.6277 0.7264 0.0839 0.0000 
-0.5464 0.6142 0.1589 0.0000 
-0.6451 0.7615 0.0814 0.0000 
-0.4260 0.7832 0.0631 0.0000 
-0.6609 0.6741 0.1229 0.0000 
-0.5948 0.6765 0.1537 0.0000 
-0.7082 0.6322 0.1158 0.0000 
-0.5912 0.6701 0.1558 0.0000 
-0.7020 0.4672 -0.0325 0.0000 
-0.5059 0.7658 0.0762 0.0000 
-0.3985 0.7453 0.0422 0.0000 
-0.7074 0.5471 0.1164 0.0000 
-0.6622 0.7822 -0.0121 0.0000 
-0.5452 0.4842 0.0592 0.0000 
-0.8048 0.6128 -0.1461 0.0000 
-0.5606 0.7806 0.0543 0.0000 
-0.6186 0.7067 0.1149 0.0000 
-0.5382 0.7654 0.0699 0.0000 
-0.5961 0.6615 0.1597 0.0000 
-0.7254 0.5579 0.1122 0.0000 
-0.3687 0.7635 -0.0342 0.0000 
-0.6923 0.6033 0.1371 0.0000 
-0.7411 0.7116 -0.0532 0.0000 
-0.3683 0.7466 -0.0552 0.0000 
-0.4539 0.7859 0.0732 0.0000 
-0.7228 0.6440 0.1100 0.0000 
-0.6095 0.7933 0.0460 0.0000 
-0.6803 0.7951 -0.1022 0.0000 
-0.6942 0.6685 0.0927 0.0000 
-0.7115 0.5987 0.1199 0.0000 
-0.7266 0.5578 0.1114 0.0000 
-0.5494 0.5600 0.1236 0.0000 
-0.6365 0.7867 0.0132 0.0000 
-0.7066 0.7383 0.0481 0.0000 
-0.6885 0.8260 -0.1958 0.0000 
-0.6034 0.7193 0.0998 0.0000 
-0.6777 0.7789 -0.0287 0.0000 
-0.6784 0.7770 0.0047 0.0000 
-0.3948 0.7547 0.0375 0.0000 
-0.7326 0.5361 0.1008 0.0000 
-0.7174 0.6397 0.1137 0.0000 
-0.6109 0.7133 0.0986 0.0000 
-0.5433 0.5765 0.1275 0.0000 
-0.6365 0.8310 -0.1247 0.0000 
-0.7053 0.5166 0.0710 0.0000 
-0.5382 0.5455 0.1163 0.0000 
-0.6702 0.7177 0.0700 0.0000 
-0.5889 0.6483 0.1446 0.0000 
-0.6975 0.6049 0.1187 0.0000 
-0.7167 0.4942 0.0407 0.0000 
-0.7359 0.7182 -0.0418 0.0000 
-0.7130 0.4647 -0.0286 0.0000 
-0.7318 0.5289 0.0953 0.0000 
-0.7859 0.6642 -0.0524 0.0000 
-0.6079 0.7120 0.1136 0.0000 
-0.5626 0.7739 0.0557 0.0000 
-0.6010 0.7248 0.1020 0.0000 
-0.6951 0.7588 0.0439 0.0000 
-0.5786 0.8350 -0.1156 0.0000 
-0.5450 0.5495 0.1328 0.0000 
-0.6772 0.7362 0.0476 0.0000 
-0.6777 0.6988 0.1218 0.0000 
-0.3859 0.7502 0.0210 0.0000 
-0.6248 0.7202 0.0874 0.0000 
-0.6803 0.7463 0.1420 0.0000 
-0.7095 0.5112 0.0635 0.0000 
-0.6962 0.7491 0.0490 0.0000 
-0.6542 0.7118 0.1018 0.0000 
-0.4404 0.7774 0.0741 0.0000 
-0.6888 0.8211 -0.2178 0.0000 
-0.6439 0.7431 0.0664 1.0000 
-0.6269 0.7653 0.0929 0.0000 
-0.5411 0.4993 0.0822 0.0000 
-0.4072 0.7844 0.0563 0.0000 
-0.8012 0.6079 -0.1872 0.0000 
-0.4214 0.7715 0.0602 0.0000 
-0.5537 0.6112 0.1553 0.0000 
-0.6894 0.7203 0.0644 0.0000 
-0.7132 0.4779 0.0247 0.0000 
-0.4788 0.7631 0.0840 0.0000 
-0.6742 0.7059 0.1136 0.0000 
-0.6903 0.7736 0.0359 0.0000 
-0.7210 0.7425 -0.0479 0.0000 
-0.6767 0.6648 0.1357 0.0000 
-0.5715 0.6272 0.1414 0.0000 
-0.4473 0.7575 0.0746 0.0000 
-0.6439 0.7431 0.0664 1.0000 
-0.7507 0.7088 -0.0417 0.0000 
-0.3784 0.7498 -0.0363 0.0000 
-0.7079 0.5207 0.0907 0.0000 
-0.5713 0.6191 0.1517 0.0000 
-0.3818 0.7579 0.0117 0.0000 
-0.7831 0.6474 -0.0768 0.0000 
-0.6143 0.7769 0.0336 0.0000 
-0.5657 0.8404 -0.1294 0.0000 
-0.3675 0.7692 -0.0094 0.0000 
-0.4459 0.7715 0.0694 0.0000 
-0.7030 0.5883 0.1313 0.0000 
-0.6248 0.7552 0.0943 0.0000 
-0.7039 0.5560 0.1261 0.0000 
-0.3818 0.7579 0.0117 0.0000 
-0.7067 0.6733 0.0885 0.0000 
-0.7012 0.6745 0.1007 0.0000 
-0.6794 0.7180 0.0683 0.0000 
-0.5440 0.4803 0.0487 0.0000 
-0.4004 0.7769 0.0409 0.0000 
-0.5952 0.7077 0.1173 0.0000 
-0.7581 0.6796 -0.0472 0.0000 
-0.6223 0.7093 0.1329 0.0000 
-0.5518 0.7786 0.0568 0.0000 
-0.6764 0.8055 -0.1085 0.0000 
-0.7073 0.5585 0.1270 0.0000 
-0.6091 0.7816 0.0330 0.0000 
-0.7042 0.5044 0.0557 0.0000 
-0.8058 0.6064 -0.1813 0.0000 
-0.8122 0.6346 -0.1010 0.0000 
-0.6958 0.7077 0.0736 0.0000 
-0.6829 0.7911 -0.0672 0.0000 
-0.3774 0.7741 0.0002 0.0000 
-0.7086 0.6490 0.1073 0.0000 
-0.3941 0.7504 0.0376 0.0000 
-0.7192 0.5107 0.0906 0.0000 
-0.7230 0.6477 0.1011 0.0000 
-0.6689 0.7831 -0.0007 0.0000 
-0.6638 0.6813 0.1225 0.0000 
-0.4851 0.7827 0.0832 0.0000 
-0.6653 0.7188 0.0535 0.0000 
-0.8125 0.6256 -0.1048 0.0000 
-0.7126 0.6296 0.1175 0.0000 
-0.5418 0.5295 0.0963 0.0000 
-0.6694 0.7085 0.1084 0.0000 
-0.5047 0.7938 0.0844 0.0000 
-0.6240 0.7153 0.1246 0.0000 
-0.7045 0.6426 0.0925 0.0000 
-0.7137 0.4866 0.0279 0.0000 
-0.6753 0.6958 0.1221 0.0000 
-0.7086 0.5834 0.1170 0.0000 
-0.5996 0.6957 0.1217 0.0000 
-0.6978 0.6350 0.1004 0.0000 
-0.4380 0.7588 0.0630 0.0000 
-0.5541 0.7777 0.0697 0.0000 
-0.6953 0.5506 0.1206 0.0000 
-0.7189 0.4922 0.0672 0.0000 
-0.8048 0.6043 -0.1846 0.0000 
-0.6743 0.7902 -0.0289 0.0000 
-0.6031 0.7112 0.1054 0.0000 
-0.7045 0.5346 0.1049 0.0000 
-0.6786 0.8101 -0.1240 0.0000 
-0.6998 0.4629 -0.0098 0.0000 
-0.6240 0.7153 0.1246 0.0000 
-0.4948 0.7809 0.0858 0.0000 
-0.6870 0.7494 0.0494 0.0000 
-0.6339 0.7772 0.0096 0.0000 
-0.6878 0.8222 -0.1679 0.0000 
-0.6086 0.7747 0.0268 0.0000 
-0.6625 0.6955 0.1103 0.0000 
-0.7307 0.5341 0.0995 0.0000 
-0.5469 0.5107 0.0878 0.0000 
-0.5883 0.6741 0.1502 0.0000 
-0.7106 0.5348 0.1126 0.0000 
-0.7001 0.5977 0.1181 0.0000 
-0.7421 0.5783 0.1177 0.0000 
-0.6838 0.8198 -0.1635 0.0000 
-0.6903 0.7736 0.0359 0.0000 
-0.5775 0.6270 0.1514 0.0000 
-0.6176 0.6995 0.1324 0.0000 
-0.6773 0.7397 0.0887 0.0000 
-0.7027 0.7747 -0.0661 0.0000 
-0.4291 0.7819 0.0653 0.0000 
-0.5275 0.7599 0.0671 0.0000 
-0.6371 0.7808 -0.0002 0.0000 
-0.6159 0.7292 0.1122 0.0000 
-0.5387 0.5566 0.1307 0.0000 
-0.7050 0.7572 -0.0574 0.0000 
-0.6359 0.7110 0.0796 0.0000 
-0.7079 0.5149 0.0828 0.0000 
-0.5450 0.5499 0.1351 0.0000 
-0.6797 0.6770 0.1336 0.0000 
-0.6992 0.4652 -0.0342 0.0000 
-0.4867 0.7624 0.0815 0.0000 
-0.6520 0.7347 0.0930 0.0000 
-0.5935 0.7046 0.1243 0.0000 
-0.4520 0.7725 0.0716 0.0000 
-0.7100 0.4908 0.0375 0.0000 
-0.5991 0.6831 0.1165 0.0000 
-0.5694 0.6188 0.1398 0.0000 
-0.6935 0.6088 0.1135 0.0000 
-0.3989 0.7780 0.0270 0.0000 
-0.3881 0.7509 0.0123 0.0000 
-0.6769 0.7760 -0.0052 0.0000 
-0.6972 0.6281 0.1086 0.0000 
-0.7081 0.4806 0.0409 0.0000 
-0.6800 0.7712 0.0111 0.0000 
-0.6644 0.7238 0.0455 0.0000 
-0.6977 0.6045 0.1187 0.0000 
-0.3775 0.7512 -0.0010 0.0000 
-0.5956 0.6872 0.1471 0.0000 
-0.6472 0.7924 -0.0013 0.0000 
-0.8012 0.6079 -0.1872 0.0000 
-0.7073 0.6683 0.0848 0.0000 
-0.8118 0.6255 -0.1195 0.0000 
-0.6957 0.5881 0.1178 0.0000 
-0.7050 0.7017 0.0749 0.0000 
-0.6984 0.6791 0.0699 0.0000 
-0.4730 0.7608 0.0795 0.0000 
-0.6957 0.6891 0.0912 0.0000 
-0.6900 0.8302 -0.2090 0.0000 
-0.7109 0.5976 0.1136 0.0000 
-0.5403 0.4705 0.0288 0.0000 
-0.7042 0.5044 0.0557 0.0000 
-0.6851 0.7010 0.1266 0.0000 
-0.4459 0.7715 0.0694 0.0000 
-0.7169 0.5042 0.0908 0.0000 
-0.7185 0.4921 0.0485 0.0000 
-0.7117 0.4688 0.0114 0.0000 
-0.6313 0.7192 0.0842 0.0000 
-0.6156 0.7239 0.1177 0.0000 
-0.4019 0.7496 0.0517 0.0000 
-0.6910 0.7685 0.0395 0.0000 
-0.7965 0.6350 -0.0775 0.0000 
-0.6910 0.7685 0.0395 0.0000 
-0.5807 0.6418 0.1429 0.0000 
-0.3687 0.7373 -0.0759 0.0000 
-0.6738 0.7574 0.0559 0.0000 
-0.6365 0.7675 0.0866 0.0000 
-0.8441 0.4223 0.2857 0.0000 
-0.5458 0.5659 0.1217 0.0000 
-0.3679 0.7381 -0.0750 0.0000 
-0.6091 0.7816 0.0330 0.0000 
-0.6910 0.6844 0.0789 0.0000 
-0.6838 0.6936 0.1296 0.0000 
-0.6520 0.7827 -0.0179 0.0000 
-0.4696 0.7929 0.0729 0.0000 
-0.6853 0.6232 0.1352 0.0000 
-0.5639 0.7764 0.0652 0.0000 
-0.7246 0.5563 0.1141 0.0000 
-0.5859 0.6563 0.1556 0.0000 
-0.6962 0.4507 -0.0542 0.0000 
-0.6615 0.7779 0.0640 0.0000 
-0.6805 0.7989 -0.1147 0.0000 
-0.6057 0.7123 0.1200 0.0000 
-0.6958 0.7077 0.0736 0.0000 
-0.7208 0.6231 0.1080 0.0000 
-0.6638 0.7373 0.0340 0.0000 
-0.5487 0.5717 0.1270 0.0000 
-0.6419 0.7952 0.0098 0.0000 
-0.5988 0.7022 0.1346 0.0000 
-0.7379 0.5393 0.0950 0.0000 
-0.7108 0.4730 -0.0025 0.0000 
-0.6345 0.7743 0.0076 0.0000 
-0.6342 0.7364 0.0827 0.0000 
-0.6997 0.5435 0.1137 0.0000 
-0.7654 0.6688 -0.0603 0.0000 
-0.5599 0.5903 0.1360 0.0000 
-0.7878 0.6769 -0.0590 0.0000 
-0.7314 0.5294 0.0966 0.0000 
-0.6917 0.8117 -0.1387 0.0000 
-0.6775 0.7941 -0.0926 0.0000 
-0.6424 0.8260 -0.1251 0.0000 
-0.7223 0.5333 0.1055 0.0000 
-0.5961 0.6615 0.1597 0.0000 
-0.7015 0.7547 0.0419 0.0000 
-0.5633 0.6301 0.1478 0.0000 
-0.6928 0.7015 0.0811 0.0000 
-0.7020 0.7506 0.0450 0.0000 
-0.6969 0.4759 0.0048 0.0000 
-0.4419 0.7888 0.0755 0.0000 
-0.5246 0.7593 0.0666 0.0000 
-0.6729 0.7825 -0.0072 0.0000 
-0.5283 0.7835 0.0784 0.0000 
-0.5896 0.6694 0.1328 0.0000 
-0.6186 0.7651 0.0967 0.0000 
-0.6893 0.6933 0.1324 0.0000 
-0.6655 0.7495 0.0990 0.0000 
-0.6647 0.7296 0.0436 0.0000 
-0.6496 0.7333 0.0942 0.0000 
-0.5154 0.7644 0.0709 0.0000 
-0.6855 0.5973 0.1206 0.0000 
-0.6732 0.7542 0.0622 0.0000 
-0.7073 0.5585 0.1270 0.0000 
-0.7028 0.4707 0.0147 0.0000 
-0.6686 0.7449 0.0319 0.0000 
-0.6779 0.7367 0.0471 0.0000 
-0.6705 0.7304 0.0420 0.0000 
-0.5952 0.7077 0.1173 0.0000 
-0.5994 0.6918 0.1444 0.0000 
-0.7325 0.5827 0.1204 0.0000 
-0.6127 0.7275 0.1135 0.0000 
-0.6034 0.6935 0.1568 0.0000 
-0.6448 0.7865 0.0030 0.0000 
-0.7022 0.6419 0.1095 0.0000 
-0.7164 0.6459 0.1133 0.0000 
-0.5360 0.7755 0.0653 0.0000 
-0.7410 0.7271 -0.0421 0.0000 
-0.7277 0.5004 0.0776 0.0000 
-0.6734 0.6329 0.1397 0.0000 
-0.5518 0.7786 0.0568 0.0000 
-0.7045 0.6426 0.0925 0.0000 
-0.5079 0.7623 0.0728 0.0000 
-0.6822 0.7223 0.1158 0.0000 
-0.6866 0.6388 0.1418 0.0000 
-0.6769 0.7788 -0.0146 0.0000 
-0.4554 0.7555 0.0773 0.0000 
-0.6898 0.8141 -0.1806 0.0000 
-0.5276 0.7653 0.0726 0.0000 
-0.6068 0.6729 0.1610 0.0000 
-0.6826 0.7952 -0.0760 0.0000 
-0.6022 0.7177 0.1211 0.0000 
-0.5111 0.7872 0.0840 0.0000 
-0.6574 0.7590 0.0285 0.0000 
-0.6822 0.7689 0.0194 0.0000 
-0.6986 0.6498 0.1064 0.0000 
-0.5605 0.5895 0.1422 0.0000 
-0.6503 0.7438 0.0848 0.0000 
-0.7276 0.6453 0.1073 0.0000 
-0.6135 0.7004 0.1550 0.0000 
-0.5464 0.6142 0.1589 0.0000 
-0.5156 0.7924 0.0729 0.0000 
-0.4351 0.7703 0.0668 0.0000 
-0.6900 0.7701 0.0409 0.0000 
-0.6812 0.7424 0.0457 0.0000 
-0.3855 0.7771 0.0078 0.0000 
-0.7318 0.5289 0.0953 0.0000 
-0.6404 0.7560 0.0724 0.0000 
-0.3839 0.7517 -0.0088 0.0000 
-0.3879 0.7490 -0.0004 0.0000 
-0.7604 0.7066 -0.0494 0.0000 
-0.5974 0.6846 0.1230 0.0000 
-0.6986 0.5541 0.1188 0.0000 
-0.7004 0.7219 0.0705 0.0000 
-0.7010 0.6953 0.0769 0.0000 
-0.8218 0.6281 -0.1104 0.0000 
-0.6954 0.4774 0.0475 0.0000 
-0.5675 0.8378 -0.1267 0.0000 
-0.6854 0.6615 0.1419 0.0000 
-0.6824 0.7851 -0.0600 0.0000 
-0.4048 0.7808 0.0637 0.0000 
-0.5517 0.6299 0.1451 0.0000 
-0.7078 0.5143 0.0814 0.0000 
-0.5450 0.4917 0.0705 0.0000 
-0.6898 0.7512 0.0495 0.0000 
-0.6791 0.6463 0.1393 0.0000 
-0.6808 0.7872 -0.0525 0.0000 
-0.6854 0.6615 0.1419 0.0000 
-0.6718 0.8128 -0.1379 0.0000 
-0.5572 0.7882 0.0725 0.0000 
-0.7128 0.5078 0.0880 0.0000 
-0.8117 0.6173 -0.1204 0.0000 
-0.4361 0.7474 0.0595 0.0000 
-0.5669 0.6229 0.1547 0.0000 
-0.7085 0.5155 0.0871 0.0000 
-0.7191 0.6071 0.1153 0.0000 
-0.7013 0.4691 0.0092 0.0000 
-0.7001 0.5977 0.1181 0.0000 
-0.6133 0.7007 0.1382 0.0000 
-0.4129 0.7650 0.0533 0.0000 
-0.6201 0.8268 -0.1140 0.0000 
-0.7654 0.6688 -0.0603 0.0000 
-0.5945 0.7064 0.1274 0.0000 
-0.3634 0.7509 -0.0246 0.0000 
-0.5979 0.6825 0.1583 0.0000 
-0.4151 0.7529 0.0541 0.0000 
-0.4428 0.7826 0.0777 0.0000 
-0.6665 0.7410 0.0318 0.0000 
-0.8166 0.6262 -0.1191 0.0000 
-0.7219 0.7218 -0.0418 0.0000 
-0.4854 0.7742 0.0806 0.0000 
-0.6692 0.7439 0.1177 0.0000 
-0.5775 0.6270 0.1514 0.0000 
-0.4557 0.7781 0.0778 0.0000 
-0.7278 0.5958 0.1112 0.0000 
-0.7040 0.4650 -0.0206 0.0000 
-0.6911 0.7873 -0.0800 0.0000 
-0.7077 0.6740 0.0927 0.0000 
-0.7098 0.6509 0.0887 0.0000 
-0.7051 0.4986 0.0555 0.0000 
-0.6723 0.7578 0.0397 0.0000 
-0.5635 0.6377 0.1587 0.0000 
-0.7307 0.5341 0.0995 0.0000 
-0.4420 0.7649 0.0700 0.0000 
-0.5895 0.6851 0.1348 0.0000 
-0.6737 0.7938 -0.0736 0.0000 
-0.7073 0.5585 0.1270 0.0000 
-0.5989 0.7002 0.1164 0.0000 
-0.6137 0.6962 0.1566 0.0000 
-0.5602 0.6148 0.1406 0.0000 
-0.6066 0.7092 0.1317 0.0000 
-0.7013 0.8164 -0.1995 0.0000 
-0.6625 0.7504 0.0206 0.0000 
-0.7209 0.6443 0.1030 0.0000 
-0.4331 0.7531 0.0587 0.0000 
-0.6885 0.6806 0.0930 0.0000 
-0.7087 0.5194 0.0821 0.0000 
-0.5944 0.6953 0.1318 0.0000 
-0.7274 0.5949 0.1036 0.0000 
-0.6390 0.7209 0.0786 0.0000 
-0.3925 0.7592 0.0231 0.0000 
-0.3716 0.7597 -0.0532 0.0000 
-0.6141 0.7459 0.1043 0.0000 
-0.3734 0.7431 -0.1625 0.0000 
-0.8137 0.6268 -0.1222 0.0000 
-0.7379 0.5155 0.0882 0.0000 
-0.5401 0.4809 0.0385 0.0000 
-0.6623 0.7764 0.0151 0.0000 
-0.6838 0.7419 0.1475 0.0000 
-0.6743 0.7878 -0.0669 0.0000 
-0.4021 0.7770 0.0484 0.0000 
-0.6973 0.4510 -0.0486 0.0000 
-0.6841 0.7310 0.0533 0.0000 
-0.5988 0.7022 0.1346 0.0000 
-0.6917 0.6784 0.0813 0.0000 
-0.5520 0.7694 0.0695 0.0000 
-0.7441 0.7103 -0.0531 0.0000 
-0.7320 0.5703 0.1051 0.0000 
-0.7189 0.4922 0.0672 0.0000 
-0.6931 0.6075 0.1377 0.0000 
-0.8049 0.6066 -0.1657 0.0000 
-0.7390 0.5106 0.0827 0.0000 
-0.3829 0.7529 -0.0072 0.0000 
-0.3676 0.7620 -0.0785 0.0000 
-0.6854 0.6615 0.1419 0.0000 
-0.5510 0.5660 0.1314 0.0000 
-0.7953 0.6470 -0.0703 0.0000 
-0.6585 0.7527 0.0406 0.0000 
-0.6437 0.7784 -0.0042 0.0000 
-0.6086 0.7004 0.1510 0.0000 
-0.6756 0.6331 0.1385 0.0000 
-0.6983 0.7070 0.0796 0.0000 
-0.6982 0.6440 0.1092 0.0000 
-0.6856 0.7325 0.0592 0.0000 
-0.8109 0.6199 -0.1210 0.0000 
-0.6518 0.7169 0.1032 0.0000 
-0.7195 0.6575 0.1011 0.0000 
-0.6461 0.7533 0.0575 0.0000 
-0.7105 0.5308 0.1206 0.0000 
-0.6969 0.7651 -0.0614 0.0000 
-0.7417 0.5546 0.1094 0.0000 
-0.6682 0.7179 0.0532 0.0000 
-0.5395 0.4771 0.0385 0.0000 
-0.6888 0.8211 -0.2178 0.0000 
-0.6523 0.7624 0.0785 0.0000 
-0.7413 0.5782 0.1157 0.0000 
-0.7128 0.5853 0.1090 0.0000 
-0.5637 0.6414 0.1581 0.0000 
-0.7189 0.6137 0.0988 0.0000 
-0.7310 0.5908 0.1144 0.0000 
-0.6951 0.7262 0.0683 0.0000 
-0.6885 0.8260 -0.1958 0.0000 
-0.6313 0.7869 0.0165 0.0000 
-0.6826 0.7083 0.1227 0.0000 
-0.6010 0.8289 -0.1145 0.0000 
-0.5437 0.4983 0.0795 0.0000 
-0.6582 0.7444 0.0507 0.0000 
-0.6080 0.8260 -0.1172 0.0000 
-0.6870 0.7494 0.0494 0.0000 
-0.4777 0.7769 0.0797 0.0000 
-0.7089 0.4852 0.0591 0.0000 
-0.6638 0.7203 0.0745 0.0000 
-0.7024 0.4644 -0.0139 0.0000 
-0.7118 0.5354 0.1227 0.0000 
-0.7051 0.4986 0.0555 0.0000 
-0.7247 0.6056 0.1008 0.0000 
-0.6719 0.7927 -0.0612 0.0000 
-0.6753 0.7124 0.1091 0.0000 
-0.4676 0.7860 0.0719 0.0000 
-0.5119 0.7676 0.0772 0.0000 
-0.7200 0.5039 0.0869 0.0000 
-0.6437 0.7784 -0.0042 0.0000 
-0.3671 0.7504 -0.1166 0.0000 
-0.4769 0.7587 0.0819 0.0000 
-0.6023 0.6620 0.1472 0.0000 
-0.6248 0.7513 0.0950 0.0000 
-0.6962 0.6529 0.1024 0.0000 
-0.6915 0.8209 -0.1656 0.0000 
-0.4403 0.7519 0.0639 0.0000 
-0.7132 0.5578 0.1229 0.0000 
-0.6685 0.7574 0.0649 0.0000 
-0.6990 0.5660 0.1198 0.0000 
-0.6615 0.7757 0.0294 0.0000 
-0.7041 0.6426 0.1131 0.0000 
-0.6523 0.7624 0.0785 0.0000 
-0.6137 0.6980 0.1430 0.0000 
-0.6955 0.8144 -0.1975 0.0000 
-0.6291 0.8297 -0.1184 0.0000 
-0.6251 0.7238 0.1132 0.0000 
-0.6554 0.7399 0.0603 0.0000 
-0.7075 0.4542 -0.0562 0.0000 
-0.7065 0.6553 0.1092 0.0000 
-0.6997 0.5960 0.1250 0.0000 
-0.5329 0.5356 0.1213 0.0000 
-0.6302 0.7288 0.0869 0.0000 
-0.5800 0.7797 0.0502 0.0000 
-0.7185 0.5089 0.0930 0.0000 
-0.7170 0.4555 -0.0355 0.0000 
-0.7371 0.5054 0.0805 0.0000 
-0.6509 0.7490 0.0886 0.0000 
-0.7251 0.6464 0.1096 0.0000 
-0.7076 0.7225 0.0592 0.0000 
-0.7149 0.4889 0.0349 0.0000 
-0.6104 0.6994 0.1569 0.0000 
-0.7564 0.7067 -0.0546 0.0000 
-0.8199 0.6314 -0.1069 0.0000 
-0.5869 0.6482 0.1565 0.0000 
-0.3639 0.7482 -0.0492 0.0000 
-0.6998 0.4629 -0.0098 0.0000 
-0.7124 0.6620 0.1073 0.0000 
-0.6834 0.6889 0.1318 0.0000 
-0.6969 0.6228 0.1030 0.0000 
-0.4295 0.7876 0.0634 0.0000 
-0.5742 0.8350 -0.1175 0.0000 
-0.4622 0.7769 0.0776 0.0000 
-0.3839 0.7452 0.0102 0.0000 
-0.6976 0.5881 0.1182 0.0000 
-0.6339 0.7668 0.0876 0.0000 
-0.6951 0.6178 0.1125 0.0000 
-0.7137 0.4866 0.0279 0.0000 
-0.5451 0.5503 0.1159 0.0000 
-0.4072 0.7696 0.0524 0.0000 
-0.6382 0.7610 0.0766 0.0000 
-0.5862 0.7893 0.0489 0.0000 
-0.6068 0.7830 0.0394 0.0000 
-0.6719 0.6709 0.1328 0.0000 
-0.6962 0.6529 0.1024 0.0000 
-0.4439 0.7851 0.0711 0.0000 
-0.6313 0.7192 0.0842 0.0000 
-0.3955 0.7635 0.0261 0.0000 
-0.4281 0.7776 0.0648 0.0000 
-0.6848 0.8110 -0.1607 0.0000 
-0.5974 0.6846 0.1230 0.0000 
-0.6625 0.7504 0.0206 0.0000 
-0.4122 0.7500 0.0540 0.0000 
-0.5232 0.7720 0.0785 0.0000 
-0.3658 0.7517 -0.0872 0.0000 
-0.7190 0.4916 0.0499 0.0000 
-0.6794 0.7180 0.0683 0.0000 
-0.7237 0.7457 -0.0495 0.0000 
-0.7191 0.6071 0.1153 0.0000 
-0.6623 0.7364 0.0533 0.0000 
-0.6912 0.6745 0.0896 0.0000 
-0.7052 0.5383 0.1113 0.0000 
-0.6645 0.7149 0.0625 0.0000 
-0.7009 0.7307 0.0514 0.0000 
-0.6584 0.7831 -0.0287 0.0000 
-0.6201 0.7388 0.1028 0.0000 
-0.5541 0.6171 0.1599 0.0000 
-0.6881 0.6709 0.1443 0.0000 
-0.6692 0.7186 0.0626 0.0000 
-0.4854 0.7742 0.0806 0.0000 
-0.3764 0.7418 -0.1379 0.0000 
-0.5835 0.6321 0.1500 0.0000 
-0.6910 0.7685 0.0395 0.0000 
-0.7166 0.7473 -0.0505 0.0000 
-0.6454 0.7735 0.0747 0.0000 
-0.7036 0.5392 0.1128 0.0000 
-0.5360 0.7755 0.0653 0.0000 
-0.6956 0.7738 -0.0729 0.0000 
-0.3780 0.7447 -0.1737 0.0000 
-0.5746 0.7896 0.0614 0.0000 
-0.6410 0.7838 -0.0053 0.0000 
-0.6899 0.6701 0.1431 0.0000 
-0.5430 0.5304 0.0991 0.0000 
-0.7168 0.4865 0.0416 0.0000 
-0.3807 0.7469 -0.0022 0.0000 
-0.5426 0.7820 0.0663 0.0000 
-0.6913 0.6201 0.1086 0.0000 
-0.6925 0.6747 0.1443 0.0000 
-0.6273 0.7509 0.0911 0.0000 
-0.7016 0.5437 0.1169 0.0000 
-0.3692 0.7457 -0.0743 0.0000 
-0.3640 0.7630 -0.0175 0.0000 
-0.6719 0.7231 0.0962 0.0000 
-0.6700 0.6355 0.1392 0.0000 
-0.6879 0.6779 0.1420 0.0000 
-0.6879 0.8084 -0.1587 0.0000 
-0.6957 0.8144 -0.1763 0.0000 
-0.7037 0.6577 0.0892 0.0000 
-0.6918 0.7252 0.0607 0.0000 
-0.6292 0.7154 0.0828 0.0000 
-0.5843 0.7906 0.0457 0.0000 
-0.6734 0.7584 0.0122 0.0000 
-0.7013 0.4777 0.0517 0.0000 
-0.6336 0.7558 0.0839 0.0000 
-0.6842 0.8006 -0.0920 0.0000 
-0.5406 0.5162 0.0856 0.0000 
-0.6855 0.5973 0.1206 0.0000 
-0.6626 0.7306 0.0359 0.0000 
-0.5905 0.7797 0.0405 0.0000 
-0.7223 0.5333 0.1055 0.0000 
-0.6762 0.7965 -0.0827 0.0000 
-0.5827 0.6498 0.1557 0.0000 
-0.7751 0.6675 -0.0541 0.0000 
-0.6010 0.7248 0.1020 0.0000 
-0.6624 0.7433 0.0363 0.0000 
-0.5020 0.7768 0.0828 0.0000 
-0.7076 0.5253 0.0851 0.0000 
-0.8066 0.6071 -0.1420 0.0000 
-0.6489 0.7801 -0.0052 0.0000 
-0.8049 0.5993 -0.2050 0.0000 
-0.6710 0.7629 0.0368 0.0000 
-0.6748 0.7781 -0.0408 0.0000 
-0.6143 0.7769 0.0336 0.0000 
-0.5842 0.7736 0.0491 0.0000 
-0.6862 0.7118 0.0727 0.0000 
-0.7940 0.6407 -0.0723 0.0000 
-0.5395 0.5110 0.0897 0.0000 
-0.6714 0.7357 0.0507 0.0000 
-0.3742 0.7423 -0.1475 0.0000 
-0.5512 0.6097 0.1418 0.0000 
-0.6259 0.7261 0.0907 0.0000 
-0.6057 0.7123 0.1200 0.0000 
-0.6020 0.6931 0.1527 0.0000 
-0.6627 0.8163 -0.1311 0.0000 
-0.8041 0.6341 -0.0936 0.0000 
-0.6917 0.8117 -0.1387 0.0000 
-0.6503 0.7438 0.0848 0.0000 
-0.6520 0.7827 -0.0179 0.0000 
-0.6451 0.7615 0.0814 0.0000 
-0.6890 0.6954 0.1305 0.0000 
-0.8113 0.6224 -0.1269 0.0000 
-0.5822 0.8330 -0.1187 0.0000 
-0.7065 0.6553 0.1092 0.0000 
-0.6924 0.5956 0.1315 0.0000 
-0.6340 0.7450 0.0881 0.0000 
-0.6284 0.7251 0.0832 0.0000 
-0.5936 0.6634 0.1396 0.0000 
-0.6816 0.7453 0.1406 0.0000 
-0.6311 0.8232 -0.1171 0.0000 
-0.6127 0.7275 0.1135 0.0000 
-0.6980 0.7080 0.0742 0.0000 
-0.6405 0.7765 0.0003 0.0000 
-0.6866 0.6884 0.0843 0.0000 
-0.6912 0.5465 0.1165 0.0000 
-0.6514 0.7645 0.0769 0.0000 
-0.8087 0.6110 -0.1351 0.0000 
-0.5835 0.6321 0.1500 0.0000 
-0.7371 0.5054 0.0805 0.0000 
-0.6868 0.7961 -0.0796 0.0000 
-0.6240 0.7153 0.1246 0.0000 
-0.6986 0.6498 0.1064 0.0000 
-0.6582 0.7444 0.0507 0.0000 
-0.7043 0.5350 0.0941 0.0000 
-0.6376 0.7233 0.0768 0.0000 
-0.6742 0.7206 0.0665 0.0000 
-0.6775 0.7941 -0.0926 0.0000 
-0.6086 0.6929 0.1600 0.0000 
-0.3739 0.7471 -0.1267 0.0000 
-0.6748 0.7222 0.0649 0.0000 
-0.6691 0.7298 0.0647 0.0000 
-0.5713 0.6191 0.1517 0.0000 
-0.7025 0.6581 0.1064 0.0000 
-0.3887 0.7567 0.0273 0.0000 
-0.3701 0.7667 -0.0564 0.0000 
-0.6554 0.7108 0.1062 0.0000 
-0.6712 0.7430 0.0694 0.0000 
-0.6769 0.7910 -0.0821 0.0000 
-0.5917 0.7868 0.0483 0.0000 
-0.6710 0.7629 0.0368 0.0000 
-0.7104 0.5957 0.1198 0.0000 
-0.5392 0.5127 0.0850 0.0000 
-0.7158 0.5188 0.0936 0.0000 
-0.7859 0.6642 -0.0524 0.0000 
-0.5552 0.6077 0.1393 0.0000 
-0.6818 0.7484 0.0316 0.0000 
-0.6803 0.6910 0.1284 0.0000 
-0.7098 0.6509 0.0887 0.0000 
-0.6079 0.7120 0.1136 0.0000 
-0.8146 0.6193 -0.1249 0.0000 
-0.5262 0.7698 0.0775 0.0000 
-0.6509 0.7490 0.0886 0.0000 
-0.5522 0.7721 0.0550 0.0000 
-0.6775 0.7476 0.1414 0.0000 
-0.6957 0.6891 0.0912 0.0000 
-0.6587 0.7755 0.0036 0.0000 
-0.6968 0.7562 0.0446 0.0000 
-0.4017 0.7665 0.0449 0.0000 
-0.6635 0.7875 -0.0160 0.0000 
-0.5448 0.5949 0.1341 0.0000 
-0.5928 0.7834 0.0486 0.0000 
-0.7203 0.4947 0.0504 0.0000 
-0.6718 0.7446 0.1280 0.0000 
-0.6980 0.4714 -0.0113 0.0000 
-0.6281 0.7370 0.0974 0.0000 
-0.7040 0.6193 0.1177 0.0000 
-0.7079 0.5207 0.0907 0.0000 
-0.5098 0.7937 0.0848 0.0000 
-0.6098 0.7727 0.0266 0.0000 
-0.7360 0.5431 0.1066 0.0000 
-0.6912 0.6115 0.1323 0.0000 
-0.8051 0.6076 -0.1742 0.0000 
-0.6037 0.8396 -0.1201 0.0000 
-0.6546 0.7513 0.0464 0.0000 
-0.5619 0.7814 0.0697 0.0000 
-0.5703 0.7749 0.0559 0.0000 
-0.5098 0.7937 0.0848 0.0000 
-0.8031 0.6006 -0.2048 0.0000 
-0.4354 0.7749 0.0694 0.0000 
-0.3972 0.7803 0.0285 0.0000 
-0.5564 0.6164 0.1420 0.0000 
-0.6732 0.7542 0.0622 0.0000 
-0.3734 0.7431 -0.1625 0.0000 
-0.6893 0.6933 0.1324 0.0000 
-0.6717 0.7764 -0.0328 0.0000 
-0.3733 0.7615 -0.0865 0.0000 
-0.3985 0.7453 0.0422 0.0000 
-0.7006 0.5769 0.1137 0.0000 
-0.7027 0.7604 0.0437 0.0000 
-0.7899 0.6783 -0.0515 0.0000 
-0.5520 0.7694 0.0695 0.0000 
-0.6386 0.7272 0.0841 0.0000 
-0.5917 0.7868 0.0483 0.0000 
-0.5996 0.8322 -0.1142 0.0000 
-0.4331 0.7531 0.0587 0.0000 
-0.6382 0.7443 0.0909 0.0000 
-0.6976 0.5881 0.1182 0.0000 
-0.6646 0.7587 0.0741 0.0000 
-0.6784 0.8017 -0.0971 0.0000 
-0.7041 0.6426 0.1131 0.0000 
-0.7119 0.6052 0.1111 0.0000 
-0.6486 0.7226 0.0727 0.0000 
-0.6973 0.4607 -0.0310 0.0000 
-0.7197 0.4957 0.0753 0.0000 
-0.5878 0.7786 0.0436 0.0000 
-0.7434 0.5573 0.1031 0.0000 
-0.6393 0.7892 0.0111 0.0000 
-0.7291 0.5952 0.1083 0.0000 
-0.5448 0.7927 0.0658 0.0000 
-0.4461 0.7503 0.0691 0.0000 
-0.6558 0.7667 0.0133 0.0000 
-0.7011 0.4786 0.0164 0.0000 
-0.7158 0.6139 0.1182 0.0000 
-0.6910 0.7685 0.0395 0.0000 
-0.6408 0.7952 -0.0030 0.0000 
-0.5576 0.5799 0.1360 0.0000 
-0.4473 0.7575 0.0746 0.0000 
-0.6073 0.7013 0.1490 0.0000 
-0.6319 0.7758 0.0095 0.0000 
-0.3776 0.7627 -0.0098 1.0000 
-0.6959 0.6109 0.1309 0.0000 
-0.4004 0.7769 0.0409 0.0000 
-0.4021 0.7770 0.0484 0.0000 
-0.3864 0.7753 0.0084 0.0000 
-0.6330 0.7525 0.0857 0.0000 
-0.5156 0.7924 0.0729 0.0000 
-0.3676 0.7620 -0.0785 0.0000 
-0.7106 0.5805 0.1196 0.0000 
-0.7078 0.5130 0.0721 0.0000 
-0.7279 0.5869 0.1016 0.0000 
-0.5688 0.6084 0.1457 0.0000 
-0.6141 0.7459 0.1043 0.0000 
-0.6629 0.7474 0.0844 1.0000 
-0.6278 0.7740 0.0178 0.0000 
-0.3745 0.7633 -0.0027 0.0000 
-0.7230 0.4952 0.0582 0.0000 
-0.5060 0.7881 0.0857 0.0000 
-0.3689 0.7478 -0.0728 0.0000 
-0.4770 0.7701 0.0818 0.0000 
-0.7142 0.5852 0.1148 0.0000 
-0.7250 0.5072 0.0929 0.0000 
-0.3681 0.7445 -0.1009 0.0000 
-0.6340 0.7657 0.0864 0.0000 
-0.6836 0.7611 0.0318 0.0000 
-0.7030 0.5883 0.1313 0.0000 
-0.6925 0.6794 0.1402 0.0000 
-0.6671 0.7960 -0.0296 0.0000 
-0.5989 0.7002 0.1164 0.0000 
-0.3831 0.7654 0.0154 1.0000 
-0.5347 0.5402 0.1141 0.0000 
-0.6994 0.6151 0.1152 0.0000 
-0.7007 0.8174 -0.1840 0.0000 
-0.6878 0.8079 -0.1209 0.0000 
-0.3681 0.7445 -0.1009 0.0000 
-0.6791 0.7256 0.1033 0.0000 
-0.6576 0.7135 0.1056 0.0000 
-0.5460 0.5660 0.1385 0.0000 
-0.5972 0.6937 0.1219 0.0000 
-0.8089 0.6134 -0.1562 0.0000 
-0.7174 0.6397 0.1137 0.0000 
-0.6480 0.8208 -0.1215 0.0000 
-0.6890 0.6191 0.1324 0.0000 
-0.5371 0.5359 0.1154 0.0000 
-0.6675 0.6964 0.1131 0.0000 
-0.6733 0.7600 0.0482 0.0000 
-0.7983 0.6550 -0.0650 0.0000 
-0.7899 0.6783 -0.0515 0.0000 
-0.6943 0.4835 0.0545 0.0000 
-0.3949 0.7644 0.0359 0.0000 
-0.6589 0.7415 0.0542 0.0000 
-0.6915 0.8209 -0.1656 0.0000 
-0.7208 0.6144 0.1108 0.0000 
-0.7511 0.7092 -0.0544 0.0000 
-0.6903 0.7736 0.0359 0.0000 
-0.3900 0.7443 0.0081 0.0000 
-0.6748 0.7781 -0.0408 0.0000 
-0.6619 0.7868 -0.0352 0.0000 
-0.6897 0.7810 -0.0815 0.0000 
-0.3851 0.7767 0.0087 0.0000 
-0.7879 0.6731 -0.0595 0.0000 
-0.7189 0.6137 0.0988 0.0000 
-0.6582 0.7697 0.0706 0.0000 
-0.6178 0.6998 0.1329 0.0000 
-0.5789 0.6299 0.1463 0.0000 
-0.6763 0.7914 -0.0821 0.0000 
-0.7174 0.6397 0.1137 0.0000 
-0.5528 0.5801 0.1446 0.0000 
-0.7173 0.5384 0.1150 0.0000 
-0.3643 0.7718 -0.0398 0.0000 
-0.3798 0.7745 0.0010 0.0000 
-0.5385 0.5264 0.0933 0.0000 
-0.7342 0.5152 0.0921 0.0000 
-0.7668 0.6729 -0.0530 0.0000 
-0.7483 0.6963 -0.0541 0.0000 
-0.4159 0.7747 0.0605 0.0000 
-0.6246 0.7631 0.0960 0.0000 
-0.7013 0.4777 0.0517 0.0000 
-0.4256 0.7632 0.0604 0.0000 
-0.6251 0.7238 0.1132 0.0000 
-0.6277 0.7264 0.0839 0.0000 
-0.7096 0.7064 0.0675 0.0000 
-0.7180 0.5228 0.0996 0.0000 
-0.5906 0.6652 0.1569 0.0000 
-0.3745 0.7633 -0.0027 0.0000 
-0.6532 0.7602 0.0431 0.0000 
-0.7029 0.6461 0.0900 0.0000 
-0.7410 0.7271 -0.0421 0.0000 
-0.6073 0.7013 0.1490 0.0000 
-0.6765 0.7457 0.0842 0.0000 
-0.6496 0.7333 0.0942 0.0000 
-0.7029 0.6138 0.1180 0.0000 
-0.3794 0.7386 -0.1308 0.0000 
-0.5399 0.4907 0.0642 0.0000 
-0.6486 0.7226 0.0727 0.0000 
-0.5429 0.6121 0.1566 0.0000 
-0.6636 0.6714 0.1277 0.0000 
-0.6825 0.7139 0.1176 0.0000 
-0.6980 0.5977 0.1209 0.0000 
-0.6158 0.7594 0.0958 0.0000 
-0.6630 0.7142 0.1051 0.0000 
-0.6825 0.6956 0.0853 0.0000 
-0.6866 0.7084 0.1243 0.0000 
-0.3830 0.7479 -0.0097 0.0000 
-0.6893 0.6505 0.1378 0.0000 
-0.5722 0.6426 0.1466 0.0000 
-0.6753 0.7124 0.1091 0.0000 
-0.7417 0.5546 0.1094 0.0000 
-0.6854 0.7417 0.0462 0.0000 
-0.7050 0.7572 -0.0574 0.0000 
-0.5428 0.7746 0.0733 0.0000 
-0.6712 0.6938 0.1205 0.0000 
-0.6991 0.4393 -0.0668 0.0000 
-0.5875 0.7911 0.0440 0.0000 
-0.6059 0.7091 0.1286 0.0000 
-0.7654 0.6688 -0.0603 0.0000 
-0.7025 0.6969 0.0728 0.0000 
-0.6730 0.7821 -0.0508 0.0000 
-0.7421 0.5594 0.1053 0.0000 
-0.5872 0.8312 -0.1171 0.0000 
-0.6174 0.6979 0.1470 0.0000 
-0.7276 0.6453 0.1073 0.0000 
-0.5434 0.7722 0.0730 0.0000 
-0.6514 0.7446 0.0581 1.0000 
-0.6964 0.6069 0.1160 0.0000 
-0.6774 0.8084 -0.1131 0.0000 
-0.7106 0.5348 0.1126 0.0000 
-0.4437 0.7508 0.0664 0.0000 
-0.5240 0.7686 0.0732 0.0000 
-0.7144 0.4815 0.0312 0.0000 
-0.6853 0.6232 0.1352 0.0000 
-0.6232 0.8296 -0.1158 0.0000 
-0.6996 0.5510 0.1198 0.0000 
-0.7119 0.6052 0.1111 0.0000 
-0.7209 0.6114 0.1115 0.0000 
-0.3940 0.7519 0.0392 0.0000 
-0.6218 0.7068 0.1269 0.0000 
-0.7013 0.8164 -0.1995 0.0000 
-0.6773 0.7949 -0.0950 0.0000 
-0.5262 0.7698 0.0775 0.0000 
-0.7055 0.4840 0.0210 0.0000 
-0.7609 0.6914 -0.0557 0.0000 
-0.7182 0.5035 0.1117 0.0000 
-0.7602 0.6956 -0.0552 0.0000 
-0.6619 0.7868 -0.0352 0.0000 
-0.6193 0.8253 -0.1145 0.0000 
-0.5746 0.7896 0.0614 0.0000 
-0.5988 0.7022 0.1346 0.0000 
-0.5854 0.6710 0.1357 0.0000 
-0.4354 0.7850 0.0732 0.0000 
-0.6954 0.4682 -0.0168 0.0000 
-0.3634 0.7406 -0.0944 0.0000 
-0.6070 0.7774 0.0269 0.0000 
-0.6878 0.6845 0.1383 0.0000 
-0.7145 0.6637 0.1041 0.0000 
-0.4777 0.7769 0.0797 0.0000 
-0.6614 0.7528 0.0199 0.0000 
-0.5944 0.6953 0.1318 0.0000 
-0.6807 0.7017 0.1220 0.0000 
-0.3967 0.7655 0.0269 0.0000 
-0.5461 0.6031 0.1398 0.0000 
-0.7947 0.6341 -0.0730 0.0000 
-0.4287 0.7653 0.0599 0.0000 
-0.5564 0.5818 0.1337 0.0000 
-0.5586 0.5902 0.1448 0.0000 
-0.7061 0.5370 0.1099 0.0000 
-0.7055 0.7581 -0.0544 0.0000 
-0.3640 0.7630 -0.0175 0.0000 
-0.5406 0.5393 0.1081 0.0000 
-0.6034 0.6789 0.1624 0.0000 
-0.5219 0.7794 0.0808 0.0000 
-0.7117 0.4688 0.0114 0.0000 
-0.6622 0.7882 -0.0326 0.0000 
-0.6776 0.7263 0.0593 0.0000 
-0.7028 0.5882 0.1166 0.0000 
-0.6066 0.7092 0.1317 0.0000 
-0.7024 0.5857 0.1324 0.0000 
-0.5854 0.6766 0.1459 0.0000 
-0.7273 0.5471 0.1092 0.0000 
-0.7126 0.4660 -0.0046 0.0000 
-0.7278 0.5958 0.1112 0.0000 
-0.6308 0.8287 -0.1235 0.0000 
-0.7228 0.6440 0.1100 0.0000 
-0.6729 0.7454 0.0713 0.0000 
-0.6851 0.7010 0.1266 0.0000 
-0.6850 0.8216 -0.1871 0.0000 
-0.4302 0.7815 0.0675 0.0000 
-0.6904 0.7030 0.0814 0.0000 
-0.6872 0.8247 -0.2031 0.0000 
-0.3673 0.7657 -0.0100 0.0000 
-0.8019 0.6248 -0.0974 0.0000 
-0.6811 0.6338 0.1404 0.0000 
-0.6256 0.7125 0.1122 0.0000 
-0.3995 0.7843 0.0462 0.0000 
-0.6986 0.6286 0.1028 0.0000 
-0.6734 0.7584 0.0122 0.0000 
-0.4004 0.7845 0.0600 0.0000 
-0.7040 0.5904 0.1283 0.0000 
-0.7037 0.6577 0.0892 0.0000 
-0.3839 0.7516 0.0184 0.0000 
-0.7068 0.6988 0.0738 0.0000 
-0.6485 0.7192 0.0905 0.0000 
-0.7746 0.6874 -0.0473 0.0000 
-0.7191 0.6071 0.1153 0.0000 
-0.4280 0.7801 0.0660 0.0000 
-0.6754 0.7274 0.0601 0.0000 
-0.6099 0.7416 0.0926 0.0000 
-0.6994 0.7608 -0.0581 0.0000 
-0.6769 0.7910 -0.0821 0.0000 
-0.6925 0.8150 -0.1989 0.0000 
-0.5487 0.5717 0.1270 0.0000 
-0.6610 0.6705 0.1255 0.0000 
-0.3759 0.7536 -0.1029 0.0000 
-0.7254 0.5579 0.1122 0.0000 
-0.6042 0.7826 0.0410 0.0000 
-0.4319 0.7488 0.0552 0.0000 
-0.6608 0.7784 0.0012 0.0000 
-0.5430 0.5304 0.0991 0.0000 
-0.3917 0.7512 0.0277 0.0000 
-0.4292 0.7667 0.0624 0.0000 
-0.5934 0.6728 0.1435 0.0000 
-0.5748 0.7924 0.0592 0.0000 
-0.6455 0.7787 0.0774 0.0000 
-0.4024 0.7564 0.0428 0.0000 
-0.7876 0.6653 -0.0631 0.0000 
-0.6974 0.6069 0.1338 0.0000 
-0.6727 0.7824 -0.0076 0.0000 
-0.6547 0.7500 0.0885 0.0000 
-0.7296 0.7322 -0.0434 0.0000 
-0.3706 0.7536 -0.1070 0.0000 
-0.6865 0.8229 -0.1775 0.0000 
-0.7355 0.5137 0.0873 0.0000 
-0.5723 0.7816 0.0631 0.0000 
-0.6694 0.7085 0.1084 0.0000 
-0.8130 0.6389 -0.0973 0.0000 
-0.6753 0.7913 -0.0458 0.0000 
-0.6915 0.6736 0.0888 0.0000 
-0.3766 0.7480 -0.0153 0.0000 
-0.5935 0.6916 0.1376 0.0000 
-0.6117 0.7106 0.1001 0.0000 
-0.6075 0.7291 0.0955 0.0000 
-0.5979 0.6831 0.1178 0.0000 
-0.8125 0.6256 -0.1048 0.0000 
-0.6416 0.7256 0.0864 0.0000 
-0.5727 0.7821 0.0538 0.0000 
-0.7131 0.4832 0.0524 0.0000 
-0.6730 0.7821 -0.0508 0.0000 
-0.5846 0.6766 0.1381 0.0000 
-0.6972 0.4523 -0.0580 0.0000 
-0.6345 0.7586 0.0826 0.0000 
-0.8080 0.6329 -0.0950 0.0000 
-0.4226 0.7589 0.0575 0.0000 
-0.5395 0.5110 0.0897 0.0000 
-0.6748 0.7222 0.0649 0.0000 
-0.6714 0.7259 0.0899 0.0000 
-0.6376 0.7233 0.0768 0.0000 
-0.7247 0.6056 0.1008 0.0000 
-0.7061 0.5370 0.1099 0.0000 
-0.6956 0.6139 0.1120 0.0000 
-0.6674 0.7769 0.0176 0.0000 
-0.6012 0.6822 0.1190 0.0000 
-0.7222 0.5476 0.1120 0.0000 
-0.7011 0.7109 0.0746 0.0000 
-0.7934 0.6549 -0.0634 0.0000 
-0.7199 0.5782 0.1156 0.0000 
-0.5451 0.6050 0.1519 0.0000 
-0.5485 0.7862 0.0735 0.0000 
-0.6999 0.6241 0.1139 0.0000 
-0.6993 0.4582 -0.0259 0.0000 
-0.4351 0.7733 0.0665 0.0000 
-0.6655 0.7469 0.1103 0.0000 
-0.5878 0.7786 0.0436 0.0000 
-0.6757 0.7731 -0.0180 0.0000 
-0.6986 0.5541 0.1188 0.0000 
-0.7206 0.5631 0.1159 0.0000 
-0.7074 0.5471 0.1164 0.0000 
-0.7051 0.6743 0.0846 0.0000 
-0.6833 0.7582 0.0332 0.0000 
-0.6779 0.7157 0.1073 0.0000 
-0.6052 0.7462 0.1049 0.0000 
-0.7022 0.6378 0.1133 0.0000 
-0.5440 0.4803 0.0487 0.0000 
-0.6980 0.5977 0.1209 0.0000 
-0.7214 0.5975 0.1164 0.0000 
-0.3712 0.7462 -0.0326 0.0000 
-0.8031 0.6006 -0.2048 0.0000 
-0.4469 0.7808 0.0758 0.0000 
-0.6763 0.7943 -0.0908 0.0000 
-0.5448 0.5949 0.1341 0.0000 
-0.6420 0.7765 0.0809 0.0000 
-0.5451 0.6050 0.1519 0.0000 
-0.6625 0.7504 0.0206 0.0000 
-0.7856 0.6405 -0.0694 0.0000 
-0.6977 0.4495 -0.0490 0.0000 
-0.6854 0.6615 0.1419 0.0000 
-0.6996 0.7575 0.0430 0.0000 
-0.4751 0.7883 0.0784 0.0000 
-0.8125 0.6042 -0.1747 0.0000 
-0.6729 0.7454 0.0713 0.0000 
-0.6833 0.7582 0.0332 0.0000 
-0.6959 0.6109 0.1309 0.0000 
-0.6593 0.7752 0.0351 0.0000 
-0.8075 0.6079 -0.1359 0.0000 
-0.7006 0.5769 0.1137 0.0000 
-0.5463 0.4625 0.0269 0.0000 
-0.6777 0.6988 0.1218 0.0000 
-0.3725 0.7554 -0.0535 0.0000 
-0.6634 0.7755 -0.0182 0.0000 
-0.6699 0.7857 -0.0507 0.0000 
-0.5429 0.4809 0.0459 0.0000 
-0.6973 0.6064 0.1368 0.0000 
-0.6869 0.6810 0.0868 0.0000 
-0.7182 0.4893 0.0578 0.0000 
-0.6792 0.7901 -0.0528 0.0000 
-0.7078 0.5621 0.1190 0.0000 
-0.5116 0.7898 0.0828 0.0000 
-0.4159 0.7736 0.0589 0.0000 
-0.3665 0.7728 -0.0508 0.0000 
-0.6737 0.8167 -0.1439 0.0000 
-0.6590 0.7778 0.0647 0.0000 
-0.7166 0.7473 -0.0505 0.0000 
-0.8054 0.5971 -0.2133 0.0000 
-0.5310 0.7592 0.0675 0.0000 
-0.6757 0.6775 0.1314 0.0000 
-0.6818 0.7484 0.0316 0.0000 
-0.6866 0.6884 0.0843 0.0000 
-0.5082 0.7672 0.0798 0.0000 
-0.4295 0.7876 0.0634 0.0000 
-0.5954 0.6674 0.1397 0.0000 
-0.8108 0.6061 -0.1753 0.0000 
-0.7062 0.6057 0.1188 0.0000 
-0.3641 0.7363 -0.1087 0.0000 
-0.5422 0.4748 0.0503 0.0000 
-0.3625 0.7711 -0.0237 0.0000 
-0.6599 0.7412 0.0843 0.0000 
-0.7801 0.6818 -0.0568 0.0000 
-0.7130 0.6142 0.1095 0.0000 
-0.3801 0.7389 -0.1245 0.0000 
-0.4618 0.7750 0.0773 0.0000 
-0.6215 0.7121 0.1298 0.0000 
-0.6520 0.7827 -0.0179 0.0000 
-0.6665 0.7897 -0.0352 0.0000 
-0.6899 0.7963 -0.1001 0.0000 
-0.5831 0.6745 0.1380 0.0000 
-0.7230 0.4952 0.0582 0.0000 
-0.4214 0.7715 0.0602 0.0000 
-0.7087 0.5294 0.1026 0.0000 
-0.3825 0.7740 0.0279 0.0000 
-0.5387 0.5566 0.1307 0.0000 
-0.6614 0.7528 0.0199 0.0000 
-0.7934 0.6732 -0.0573 0.0000 
-0.7067 0.7332 0.0500 0.0000 
-0.6505 0.7349 0.0662 0.0000 
-0.4880 0.7881 0.0847 0.0000 
-0.3720 0.7473 -0.0249 0.0000 
-0.7087 0.4769 0.0024 0.0000 
-0.6826 0.6554 0.1407 0.0000 
-0.7061 0.7239 0.0571 0.0000 
-0.6570 0.7609 0.0176 0.0000 
-0.8535 0.4189 0.2839 0.0000 
-0.8026 0.6180 -0.1142 0.0000 
-0.6878 0.8079 -0.1209 0.0000 
-0.7194 0.5828 0.1219 0.0000 
-0.5275 0.7599 0.0671 0.0000 
-0.3879 0.7490 -0.0004 0.0000 
-0.6246 0.7631 0.0960 0.0000 
-0.8060 0.5995 -0.2064 0.0000 
-0.7010 0.6953 0.0769 0.0000 
-0.7201 0.5002 0.0842 0.0000 
-0.7048 0.4643 -0.0431 0.0000 
-0.6174 0.6979 0.1470 0.0000 
-0.7294 0.5919 0.1166 0.0000 
-0.6915 0.6225 0.1395 0.0000 
-0.5433 0.5501 0.1291 0.0000 
-0.4698 0.7608 0.0782 0.0000 
-0.6757 0.7319 0.1044 0.0000 
-0.6862 0.8090 -0.1209 0.0000 
-0.6751 0.7821 -0.0196 0.0000 
-0.4931 0.7868 0.0860 0.0000 
-0.7608 0.7037 -0.0552 0.0000 
-0.6107 0.7033 0.1408 0.0000 
-0.3731 0.7391 -0.1682 0.0000 
-0.5760 0.6638 0.1422 0.0000 
-0.3795 0.7587 0.0049 1.0000 
-0.6532 0.7602 0.0431 0.0000 
-0.8052 0.6050 -0.1804 0.0000 
-0.6886 0.6475 0.1424 0.0000 
-0.5466 0.5958 0.1475 0.0000 
-0.3679 0.7509 -0.1150 0.0000 
-0.5448 0.5949 0.1341 0.0000 
-0.5973 0.6738 0.1532 0.0000 
-0.6019 0.6581 0.1525 0.0000 
-0.7276 0.5031 0.0757 0.0000 
-0.5422 0.4996 0.0732 0.0000 
-0.6737 0.7508 0.0569 0.0000 
-0.6670 0.7407 0.1090 0.0000 
-0.7045 0.5071 0.0644 0.0000 
-0.7429 0.7156 -0.0449 0.0000 
-0.5977 0.8278 -0.1169 0.0000 
-0.7060 0.5304 0.0994 0.0000 
-0.6141 0.7459 0.1043 0.0000 
-0.7066 0.7383 0.0481 0.0000 
-0.5973 0.7143 0.1100 0.0000 
-0.5227 0.7674 0.0725 0.0000 
-0.6662 0.8178 -0.1341 0.0000 
-0.6959 0.6109 0.1309 0.0000 
-0.7069 0.5195 0.0767 0.0000 
-0.6461 0.7533 0.0575 0.0000 
-0.6803 0.7463 0.1420 0.0000 
-0.7086 0.7535 -0.0561 0.0000 
-0.6819 0.8099 -0.2163 0.0000 
-0.6767 0.7756 -0.0180 0.0000 
-0.7200 0.5043 0.0715 0.0000 
-0.6915 0.8209 -0.1656 0.0000 
-0.6455 0.7930 0.0004 0.0000 
-0.6493 0.7140 0.0996 0.0000 
-0.3679 0.7589 -0.0971 0.0000 
-0.5397 0.7845 0.0753 0.0000 
-0.6629 0.7474 0.0844 1.0000 
-0.7009 0.6956 0.0778 0.0000 
-0.6119 0.7922 0.0440 0.0000 
-0.5905 0.7797 0.0405 0.0000 
-0.4653 0.7652 0.0785 0.0000 
-0.6989 0.4902 0.0620 0.0000 
-0.6979 0.4433 -0.0610 0.0000 
-0.5271 0.7651 0.0751 0.0000 
-0.3625 0.7711 -0.0237 0.0000 
-0.6748 0.7781 -0.0408 0.0000 
-0.7720 0.6811 -0.0597 0.0000 
-0.5523 0.7980 0.0731 0.0000 
-0.6811 0.7413 0.0414 0.0000 
-0.5464 0.4924 0.0650 0.0000 
-0.5996 0.8322 -0.1142 0.0000 
-0.6178 0.6998 0.1329 0.0000 
-0.6932 0.6265 0.1013 0.0000 
-0.3757 0.7364 -0.1761 0.0000 
-0.5219 0.7794 0.0808 0.0000 
-0.5639 0.7764 0.0652 0.0000 
-0.6042 0.6990 0.1429 0.0000 
-0.6801 0.7954 -0.1026 0.0000 
-0.6911 0.8016 -0.1351 0.0000 
-0.7182 0.5035 0.1117 0.0000 
-0.5550 0.6364 0.1473 0.0000 
-0.6001 0.7791 0.0450 0.0000 
-0.5461 0.6031 0.1398 0.0000 
-0.5572 0.7882 0.0725 0.0000 
-0.7123 0.4898 0.0505 0.0000 
-0.3759 0.7446 -0.1272 0.0000 
-0.6885 0.6806 0.0930 0.0000 
-0.7349 0.5036 0.0815 0.0000 
-0.5510 0.5660 0.1314 0.0000 
-0.3720 0.7712 -0.0090 0.0000 
-0.5954 0.6530 0.1563 0.0000 
-0.7232 0.5656 0.1163 0.0000 
-0.7052 0.7603 -0.0560 0.0000 
-0.6803 0.7951 -0.1022 0.0000 
-0.6737 0.7282 0.0981 0.0000 
-0.6545 0.7655 0.0317 0.0000 
-0.7164 0.5892 0.1199 0.0000 
-0.5822 0.8330 -0.1187 0.0000 
-0.7626 0.6998 -0.0428 0.0000 
-0.6382 0.7302 0.0770 0.0000 
-0.7016 0.5598 0.1242 0.0000 
-0.5032 0.7764 0.0819 0.0000 
-0.6888 0.8211 -0.2178 0.0000 
-0.6612 0.6993 0.1086 0.0000 
-0.3900 0.7443 0.0081 0.0000 
-0.5929 0.6920 0.1364 0.0000 
-0.6951 0.7702 -0.0693 0.0000 
-0.8087 0.6411 -0.0951 0.0000 
-0.6765 0.7092 0.0739 0.0000 
-0.5803 0.7922 0.0463 0.0000 
-0.7269 0.5013 0.0829 0.0000 
-0.6600 0.7728 -0.0059 0.0000 
-0.6659 0.7690 -0.0056 0.0000 
-0.3665 0.7728 -0.0508 0.0000 
-0.6778 0.7727 -0.0023 0.0000 
-0.7035 0.5720 0.1165 0.0000 
-0.7052 0.5196 0.0738 0.0000 
-0.6737 0.7508 0.0569 0.0000 
-0.6979 0.6361 0.1068 0.0000 
-0.7074 0.5310 0.0903 0.0000 
-0.6956 0.5807 0.1184 0.0000 
-0.7053 0.5880 0.1260 0.0000 
-0.4256 0.7632 0.0604 0.0000 
-0.6956 0.4751 0.0005 0.0000 
-0.5498 0.5606 0.1393 0.0000 
-0.6628 0.7757 0.0414 0.0000 
-0.3951 0.7564 0.0300 0.0000 
-0.6339 0.7772 0.0096 0.0000 
-0.6910 0.6844 0.0789 0.0000 
-0.6624 0.7596 0.0075 1.0000 
-0.6382 0.7962 0.0052 0.0000 
-0.7060 0.7656 -0.0608 0.0000 
-0.7088 0.6658 0.0862 0.0000 
-0.7053 0.5880 0.1260 0.0000 
-0.7198 0.5846 0.1133 0.0000 
-0.5599 0.7868 0.0609 0.0000 
-0.6861 0.7762 0.0281 0.0000 
-0.4727 0.7840 0.0780 0.0000 
-0.5522 0.5820 0.1302 0.0000 
-0.6991 0.4393 -0.0668 0.0000 
-0.6938 0.7409 0.0552 0.0000 
-0.6779 0.7367 0.0471 0.0000 
-0.7102 0.4534 -0.0290 0.0000 
-0.6923 0.8187 -0.1601 0.0000 
-0.4692 0.7779 0.0802 0.0000 
-0.8160 0.6258 -0.1074 0.0000 
-0.6997 0.8292 -0.2113 0.0000 
-0.6538 0.7395 0.0857 0.0000 
-0.5922 0.6815 0.1323 0.0000 
-0.5359 0.5383 0.1122 0.0000 
-0.7368 0.5793 0.1052 0.0000 
-0.5450 0.5499 0.1351 0.0000 
-0.8125 0.6256 -0.1048 0.0000 
-0.7090 0.5836 0.1200 0.0000 
-0.8113 0.6224 -0.1269 0.0000 
-0.3796 0.7526 -0.0223 0.0000 
-0.7050 0.4811 0.0285 0.0000 
-0.3753 0.7605 -0.0199 1.0000 
-0.6005 0.7340 0.1021 0.0000 
-0.6622 0.7882 -0.0326 0.0000 
-0.3828 0.7705 0.0079 0.0000 
-0.6915 0.6736 0.0888 0.0000 
-0.6028 0.7196 0.1199 0.0000 
-0.6876 0.7720 0.0266 0.0000 
-0.5498 0.5606 0.1393 0.0000 
-0.5651 0.5982 0.1418 0.0000 
-0.6987 0.6130 0.1161 0.0000 
-0.7086 0.5193 0.0819 0.0000 
-0.6609 0.6741 0.1229 0.0000 
-0.7137 0.4866 0.0279 0.0000 
-0.7335 0.5627 0.1126 0.0000 
-0.7180 0.5228 0.0996 0.0000 
-0.6473 0.7231 0.0736 0.0000 
-0.3722 0.7592 -0.0293 0.0000 
-0.6775 0.7777 -0.0195 0.0000 
-0.6614 0.7528 0.0199 0.0000 
-0.7843 0.6401 -0.0690 0.0000 
-0.6643 0.7559 0.0117 0.0000 
-0.4642 0.7730 0.0781 0.0000 
-0.6900 0.8302 -0.2090 0.0000 
-0.5389 0.5357 0.1271 0.0000 
-0.7101 0.6013 0.1195 0.0000 
-0.6866 0.7084 0.1243 0.0000 
-0.5936 0.6634 0.1396 0.0000 
-0.5986 0.7759 0.0425 0.0000 
-0.8021 0.6072 -0.1704 0.0000 
-0.6800 0.6914 0.1279 0.0000 
-0.5842 0.7736 0.0491 0.0000 
-0.6945 0.8241 -0.1799 0.0000 
-0.6286 0.7249 0.1025 0.0000 
-0.6086 0.7747 0.0268 0.0000 
-0.6963 0.5712 0.1180 0.0000 
-0.6702 0.7222 0.0544 0.0000 
-0.6440 0.7742 0.0775 0.0000 
-0.7316 0.5506 0.1126 0.0000 
-0.6494 0.7424 0.0889 0.0000 
-0.4432 0.7840 0.0722 0.0000 
-0.6854 0.6806 0.0832 0.0000 
-0.6706 0.7831 -0.0157 0.0000 
-0.7098 0.6509 0.0887 0.0000 
-0.6800 0.6506 0.1392 0.0000 
-0.8145 0.6232 -0.1363 0.0000 
-0.5317 0.7702 0.0768 0.0000 
-0.7001 0.8141 -0.1924 0.0000 
-0.6879 0.6643 0.1438 0.0000 
-0.5695 0.6243 0.1544 0.0000 
-0.6236 0.7845 0.0247 0.0000 
-0.6685 0.7562 0.0962 0.0000 
-0.5485 0.7862 0.0735 0.0000 
-0.6256 0.7125 0.1122 0.0000 
-0.3625 0.7711 -0.0237 0.0000 
-0.4488 0.7773 0.0758 0.0000 
-0.5572 0.7882 0.0725 0.0000 
-0.7028 0.5882 0.1166 0.0000 
-0.5996 0.8294 -0.1213 0.0000 
-0.6119 0.7922 0.0440 0.0000 
-0.5098 0.7937 0.0848 0.0000 
-0.4343 0.7603 0.0649 0.0000 
-0.6695 0.7678 -0.0041 0.0000 
-0.7182 0.4902 0.0627 0.0000 
-0.5060 0.7881 0.0857 0.0000 
-0.5954 0.6530 0.1563 0.0000 
-0.5429 0.7865 0.0730 0.0000 
-0.7782 0.6477 -0.0721 0.0000 
-0.5935 0.6986 0.1291 0.0000 
-0.6173 0.7465 0.1008 0.0000 
-0.4287 0.7653 0.0599 0.0000 
-0.7377 0.5711 0.1144 0.0000 
-0.6932 0.8279 -0.1985 0.0000 
-0.5098 0.7937 0.0848 0.0000 
-0.5991 0.6831 0.1165 0.0000 
-0.5449 0.5866 0.1437 0.0000 
-0.6911 0.8016 -0.1351 0.0000 
-0.6029 0.6581 0.1543 0.0000 
-0.6702 0.7940 -0.0270 0.0000 
-0.6492 0.7609 0.0506 0.0000 
-0.3832 0.7475 -0.0075 0.0000 
-0.3658 0.7517 -0.0872 0.0000 
-0.6642 0.6926 0.1177 0.0000 
-0.7066 0.5906 0.1165 0.0000 
-0.4096 0.7541 0.0511 0.0000 
-0.6647 0.7107 0.1072 0.0000 
-0.6766 0.6719 0.1335 0.0000 
-0.7090 0.7197 0.0643 0.0000 
-0.7169 0.6184 0.1056 0.0000 
-0.6147 0.7070 0.1177 0.0000 
-0.7537 0.6813 -0.0461 0.0000 
-0.7786 0.6478 -0.0743 0.0000 
-0.7376 0.7135 -0.0417 0.0000 
-0.5973 0.7143 0.1100 0.0000 
-0.6753 0.7844 -0.0608 0.0000 
-0.5883 0.6498 0.1566 0.0000 
-0.5438 0.4715 0.0325 0.0000 
-0.7195 0.5086 0.0638 0.0000 
-0.8181 0.6333 -0.1104 0.0000 
-0.3839 0.7517 -0.0088 0.0000 
-0.7008 0.7486 0.0508 0.0000 
-0.6194 0.7119 0.0940 0.0000 
-0.6674 0.7605 0.0075 0.0000 
-0.5501 0.7790 0.0720 0.0000 
-0.4403 0.7519 0.0639 0.0000 
-0.6932 0.6303 0.1349 0.0000 
-0.6671 0.7783 -0.0368 0.0000 
-0.6217 0.7322 0.1072 0.0000 
-0.7178 0.4885 0.0494 0.0000 
-0.5102 0.7811 0.0845 0.0000 
-0.6671 0.7960 -0.0296 0.0000 
-0.7293 0.5000 0.0730 0.0000 
-0.8051 0.6169 -0.1165 0.0000 
-0.6642 0.6926 0.1177 0.0000 
-0.6687 0.7564 0.0744 0.0000 
-0.7275 0.5297 0.1004 0.0000 
-0.3740 0.7582 -0.0983 0.0000 
-0.7072 0.4694 0.0154 0.0000 
-0.5358 0.5351 0.1275 0.0000 
-0.6609 0.6923 0.1159 0.0000 
-0.5406 0.5889 0.1366 0.0000 
-0.6980 0.7080 0.0742 0.0000 
-0.7256 0.7403 -0.0469 0.0000 
-0.5664 0.6557 0.1503 0.0000 
-0.5406 0.5393 0.1081 0.0000 
-0.6557 0.7858 -0.0267 0.0000 
-0.7208 0.6231 0.1080 0.0000 
-0.6781 0.7400 0.0933 0.0000 
-0.6741 0.7926 -0.0490 0.0000 
-0.7084 0.5911 0.1195 0.0000 
-0.6587 0.7126 0.0998 0.0000 
-0.7016 0.5437 0.1169 0.0000 
-0.6419 0.7384 0.0727 0.0000 
-0.5365 0.5416 0.1074 0.0000 
-0.7135 0.5923 0.1110 0.0000 
-0.6709 0.7625 0.0603 0.0000 
-0.6877 0.7832 -0.0776 0.0000 
-0.4016 0.7515 0.0507 0.0000 
-0.6163 0.7109 0.1030 0.0000 
-0.7048 0.7095 0.0722 0.0000 
-0.3759 0.7424 -0.0712 0.0000 
-0.4620 0.7576 0.0752 0.0000 
-0.3951 0.7564 0.0300 0.0000 
-0.5525 0.6277 0.1639 0.0000 
-0.6769 0.7910 -0.0821 0.0000 
-0.7231 0.6583 0.1087 0.0000 
-0.5955 0.7038 0.1207 0.0000 
-0.6015 0.7792 0.0355 0.0000 
-0.6696 0.6396 0.1409 0.0000 
-0.6626 0.7306 0.0359 0.0000 
-0.6593 0.7752 0.0351 0.0000 
-0.7852 0.6433 -0.0777 0.0000 
-0.7210 0.7425 -0.0479 0.0000 
-0.6156 0.7239 0.1177 0.0000 
-0.7158 0.7526 -0.0528 0.0000 
-0.6647 0.7107 0.1072 0.0000 
-0.3972 0.7803 0.0285 0.0000 
-0.5573 0.7710 0.0649 0.0000 
-0.3808 0.7507 0.0087 0.0000 
-0.7148 0.4831 0.0404 0.0000 
-0.5304 0.7869 0.0733 0.0000 
-0.5459 0.5498 0.1120 0.0000 
-0.5439 0.4751 0.0363 0.0000 
-0.6984 0.6791 0.0699 0.0000 
-0.7051 0.6743 0.0846 0.0000 
-0.6765 0.7346 0.1130 0.0000 
-0.7223 0.5333 0.1055 0.0000 
-0.5519 0.6337 0.1611 0.0000 
-0.3881 0.7823 0.0155 0.0000 
-0.7083 0.4814 0.0528 0.0000 
-0.5457 0.4667 0.0391 0.0000 
-0.6626 0.7140 0.0640 0.0000 
-0.5428 0.7746 0.0733 0.0000 
-0.8535 0.4189 0.2839 0.0000 
-0.6982 0.7752 -0.0701 0.0000 
-0.7166 0.7473 -0.0505 0.0000 
-0.6855 0.6186 0.1322 0.0000 
-0.6951 0.6178 0.1125 0.0000 
-0.7348 0.5094 0.0922 0.0000 
-0.4620 0.7576 0.0752 0.0000 
-0.7076 0.7225 0.0592 0.0000 
-0.7131 0.6489 0.1095 0.0000 
-0.6951 0.6953 0.0806 0.0000 
-0.5271 0.7651 0.0751 0.0000 
-0.6998 0.5799 0.1135 0.0000 
-0.5746 0.7896 0.0614 0.0000 
-0.6730 0.6629 0.1359 0.0000 
-0.6615 0.7757 0.0294 0.0000 
-0.3996 0.7761 0.0499 0.0000 
-0.6117 0.7106 0.1001 0.0000 
-0.5055 0.7933 0.0818 0.0000 
-0.6779 0.7361 0.0494 0.0000 
-0.5325 0.7916 0.0683 0.0000 
-0.7190 0.7383 -0.0495 0.0000 
-0.6559 0.7570 0.0406 0.0000 
-0.6906 0.7958 -0.1023 0.0000 
-0.6599 0.7412 0.0843 0.0000 
-0.6570 0.7145 0.0950 0.0000 
-0.7410 0.5405 0.0993 0.0000 
-0.6723 0.7578 0.0397 0.0000 
-0.5235 0.7721 0.0702 0.0000 
-0.6503 0.7438 0.0848 0.0000 
-0.7142 0.5107 0.1137 0.0000 
-0.7195 0.6095 0.1145 0.0000 
-0.5639 0.7764 0.0652 0.0000 
-0.5469 0.5107 0.0878 0.0000 
-0.5775 0.6270 0.1514 0.0000 
-0.6410 0.7838 -0.0053 0.0000 
-0.3687 0.7373 -0.0759 0.0000 
-0.5877 0.6797 0.1352 0.0000 
-0.7514 0.6892 -0.0449 0.0000 
-0.6001 0.7047 0.1316 0.0000 
-0.8130 0.6258 -0.1229 0.0000 
-0.6536 0.7940 -0.0181 0.0000 
-0.6811 0.7413 0.0414 0.0000 
-0.6275 0.7495 0.0930 0.0000 
-0.7871 0.6597 -0.0663 0.0000 
-0.6650 0.7505 0.1203 0.0000 
-0.6242 0.7926 0.0217 0.0000 
-0.5611 0.7833 0.0544 0.0000 
-0.6147 0.7070 0.1177 0.0000 
-0.3719 0.7698 -0.0101 0.0000 
-0.5073 0.7944 0.0769 0.0000 
-0.6788 0.7069 0.0740 0.0000 
-0.6846 0.7705 0.0274 0.0000 
-0.6753 0.7913 -0.0458 0.0000 
-0.4154 0.7803 0.0630 0.0000 
-0.8061 0.6069 -0.1788 0.0000 
-0.6618 0.7750 0.0217 0.0000 
-0.5639 0.7938 0.0659 0.0000 
-0.7209 0.6443 0.1030 0.0000 
-0.6899 0.6701 0.1431 0.0000 
-0.6643 0.7263 0.0391 0.0000 
-0.7012 0.7015 0.0795 0.0000 
-0.7357 0.7074 -0.0448 0.0000 
-0.6226 0.8319 -0.1161 0.0000 
-0.7181 0.5411 0.1173 0.0000 
-0.6175 0.7045 0.1183 0.0000 
-0.6885 0.8260 -0.1958 0.0000 
-0.6719 0.7189 0.1002 0.0000 
-0.4004 0.7769 0.0409 0.0000 
-0.7130 0.6337 0.1170 0.0000 
-0.6180 0.7359 0.1070 0.0000 
-0.7078 0.5621 0.1190 0.0000 
-0.6788 0.7396 0.1004 0.0000 
-0.7182 0.5063 0.0572 0.0000 
-0.6987 0.5901 0.1341 0.0000 
-0.6990 0.4599 -0.0470 0.0000 
-0.6389 0.7944 0.0130 0.0000 
-0.7008 0.7486 0.0508 0.0000 
-0.3839 0.7517 -0.0088 0.0000 
-0.5529 0.5995 0.1343 0.0000 
-0.6946 0.8071 -0.1495 0.0000 
-0.6295 0.7821 0.0122 0.0000 
-0.6692 0.7186 0.0626 0.0000 
-0.5590 0.8413 -0.1251 0.0000 
-0.3677 0.7708 -0.0137 0.0000 
-0.7200 0.5043 0.0715 0.0000 
-0.5940 0.6934 0.1272 0.0000 
-0.7965 0.6350 -0.0775 0.0000 
-0.6284 0.7721 0.0199 0.0000 
-0.7200 0.5039 0.0869 0.0000 
-0.7031 0.7130 0.0731 0.0000 
-0.6768 0.7770 -0.0319 0.0000 
-0.8117 0.6173 -0.1204 0.0000 
-0.7113 0.5660 0.1220 0.0000 
-0.7278 0.5206 0.0965 0.0000 
-0.6446 0.7741 0.0784 0.0000 
-0.3907 0.7513 0.0382 0.0000 
-0.5419 0.5662 0.1227 0.0000 
-0.6715 0.7433 0.0646 0.0000 
-0.6777 0.7848 -0.0361 0.0000 
-0.4100 0.7710 0.0507 0.0000 
-0.6738 0.7489 0.0650 0.0000 
-0.7098 0.6344 0.1136 0.0000 
-0.6180 0.7359 0.1070 0.0000 
-0.4042 0.7610 0.0470 0.0000 
-0.6538 0.7395 0.0857 0.0000 
-0.4290 0.7913 0.0668 0.0000 
-0.6159 0.7292 0.1122 0.0000 
-0.7325 0.5827 0.1204 0.0000 
-0.6862 0.7601 0.0451 0.0000 
-0.6718 0.7446 0.1280 0.0000 
-0.5454 0.5555 0.1144 0.0000 
-0.4295 0.7876 0.0634 0.0000 
-0.6037 0.8396 -0.1201 0.0000 
-0.5965 0.8405 -0.1249 0.0000 
-0.5377 0.5267 0.0971 0.0000 
-0.5436 0.5844 0.1411 0.0000 
-0.8088 0.6341 -0.0944 0.0000 
-0.7223 0.5333 0.1055 0.0000 
-0.6733 0.7483 0.1318 0.0000 
-0.3676 0.7628 -0.0778 0.0000 
-0.7124 0.4722 0.0083 0.0000 
-0.6992 0.4652 -0.0342 0.0000 
-0.6632 0.7798 -0.0043 0.0000 
-0.6859 0.8128 -0.1665 0.0000 
-0.6734 0.7584 0.0122 0.0000 
-0.6257 0.7356 0.0933 0.0000 
-0.6359 0.7110 0.0796 0.0000 
-0.6039 0.7399 0.0959 0.0000 
-0.5779 0.8462 0.1193 0.0000 
-0.5776 0.8436 0.1143 0.0000 
-0.5707 0.8472 0.1138 0.0000 
-0.5671 0.8456 0.1062 0.0000 
-0.5566 0.8513 0.1086 0.0000 
-0.5671 0.8470 0.1097 0.0000 
-0.5628 0.8467 0.1052 0.0000 
-0.6005 0.8425 0.1167 0.0000 
-0.5778 0.8433 0.1199 0.0000 
-0.5850 0.8427 0.1221 0.0000 
-0.5806 0.8472 0.1192 0.0000 
-0.5582 0.8497 0.1046 0.0000 
-0.5535 0.8524 0.1075 0.0000 
-0.5656 0.8425 0.1141 0.0000 
-0.5536 0.8451 0.1076 0.0000 
-0.5882 0.8425 0.1175 0.0000 
-0.5806 0.8426 0.1159 0.0000 
-0.5748 0.8426 0.1117 0.0000 
-0.5564 0.8460 0.1093 0.0000 
-0.5492 0.8453 0.1051 0.0000 
-0.5402 0.8462 0.1010 0.0000 
-0.5329 0.8506 0.0810 0.0000 
-0.5296 0.8505 0.0771 0.0000 
-0.5148 0.8480 0.0759 0.0000 
-0.5399 0.8490 0.0923 0.0000 
-0.5389 0.8502 0.0934 0.0000 
-0.5268 0.8493 0.0806 0.0000 
-0.5171 0.8476 0.0804 0.0000 
-0.5240 0.8471 0.0855 0.0000 
-0.5258 0.8483 0.0832 0.0000 
-0.5291 0.8445 0.0911 0.0000 
-0.5167 0.8465 0.0804 0.0000 
-0.5241 0.8447 0.0874 0.0000 
-0.5331 0.8503 0.0806 0.0000 
-0.5283 0.8462 0.0875 0.0000 
-0.5291 0.8498 0.0787 0.0000 
-0.5305 0.8439 0.0936 0.0000 
-0.5354 0.8484 0.0891 0.0000 
-0.3585 0.7720 0.1823 0.0000 
-0.3608 0.7747 0.1727 0.0000 
-0.3584 0.7702 0.1706 0.0000 
-0.3613 0.7398 0.1483 0.0000 
-0.3623 0.7403 0.1509 0.0000 
-0.3621 0.7507 0.1247 0.0000 
-0.3590 0.7656 0.1610 0.0000 
-0.3615 0.7615 0.2144 0.0000 
-0.3623 0.7720 0.1951 0.0000 
-0.3580 0.7475 0.1352 0.0000 
-0.3605 0.7395 0.1395 0.0000 
-0.3597 0.7420 0.1369 0.0000 
-0.3612 0.7380 0.1287 0.0000 
-0.3591 0.7724 0.1940 0.0000 
-0.3624 0.7722 0.2021 0.0000 
-0.3577 0.7493 0.1457 0.0000 
-0.3603 0.7401 0.1509 0.0000 
-0.3588 0.7467 0.1552 0.0000 
-0.3595 0.7443 0.1577 0.0000 
-0.3577 0.7483 0.1395 0.0000 
-0.3579 0.7545 0.1624 0.0000 
-0.3577 0.7529 0.1579 0.0000 
-0.3569 0.7630 0.1580 0.0000 
-0.3576 0.7564 0.1600 0.0000 
-0.3579 0.7582 0.1674 0.0000 
-0.3568 0.7605 0.1516 0.0000 
-0.3580 0.7573 0.1687 0.0000 
-0.3586 0.7551 0.2057 0.0000 
-0.3572 0.7586 0.2045 0.0000 
-0.3591 0.7701 0.2112 0.0000 
-0.3587 0.7632 0.2111 0.0000 
-0.3534 0.7621 0.2003 0.0000 
-0.3571 0.7658 0.2109 0.0000 
-0.3556 0.7655 0.2075 0.0000 
-0.3621 0.7367 0.1328 0.0000 
-0.3617 0.7384 0.1513 0.0000 
-0.3525 0.7700 0.2024 0.0000 
-0.3593 0.7496 0.1280 0.0000 
-0.3612 0.7499 0.2066 0.0000 
-0.3567 0.7586 0.1742 0.0000 
-0.3584 0.7522 0.1737 0.0000 
-0.3544 0.7587 0.1853 0.0000 
-0.3554 0.7578 0.1814 0.0000 
-0.3572 0.7582 0.1720 0.0000 
-0.3603 0.7422 0.1584 0.0000 
-0.3607 0.7462 0.1676 0.0000 
-0.3594 0.7466 0.1678 0.0000 
-0.3562 0.7550 0.1934 0.0000 
-0.3571 0.7534 0.1896 0.0000 
-0.3588 0.7519 0.1958 0.0000 
-0.3576 0.7538 0.2006 0.0000 
-0.3572 0.7532 0.1882 0.0000 
-0.3531 0.7635 0.1915 0.0000 
-0.3527 0.7627 0.1922 0.0000 
-0.3525 0.7697 0.2036 0.0000 
-0.3584 0.7718 0.1889 0.0000 
-0.3546 0.7699 0.1895 0.0000 
