0.34383711 -0.32413390 0.28909117
0.39063641 -0.33720183 0.19669628
0.40806648 -0.23414712 0.12311830
0.40731731 -0.24622880 0.12044948
0.41060063 -0.22976089 0.12438368
0.40942079 -0.23684736 0.12631178
0.40748483 -0.24154301 0.12139558
0.40636602 -0.24063279 0.12086299
0.34910971 -0.32449564 0.28510171
0.34857118 -0.32314688 0.28546065
0.39147562 -0.32875067 0.18934335
0.39108646 -0.32644141 0.18885700
0.38971272 -0.33766413 0.19646741
0.39233851 -0.34116116 0.19578618
0.38984427 -0.34319273 0.19689548
0.39049929 -0.32930171 0.19037133
0.39019760 -0.32756963 0.19094075
0.39414907 -0.33203101 0.19224042
0.39246005 -0.31856644 0.18478429
0.40246198 -0.25625643 0.11721162
0.40143126 -0.24516855 0.12143346
0.39914730 -0.25484738 0.11728431
0.40456644 -0.24175373 0.12283123
0.40389496 -0.23719400 0.12259027
0.40397182 -0.24907455 0.12135434
0.39924791 -0.25550011 0.11671554
0.40864924 -0.25075343 0.12217945
0.40103257 -0.26131636 0.11420772
0.39764056 -0.26030648 0.11320527
0.40162498 -0.26439837 0.11209524
0.40259594 -0.26536414 0.11142206
0.40912443 -0.24488015 0.12506737
0.40509820 -0.25328109 0.12153143
0.40748286 -0.23284328 0.12646785
0.40198451 -0.26164877 0.11174091
0.40428257 -0.25483587 0.11559017
0.40544146 -0.25475910 0.11806675
0.40829608 -0.24925999 0.12138245
0.40614694 -0.23935813 0.12441055
0.40754834 -0.24230918 0.12447803
0.40282458 -0.24556014 0.11935744
0.40510595 -0.23764808 0.12157082
0.40178412 -0.25097340 0.11762347
0.39733511 -0.26000664 0.11383252
0.40146860 -0.26145896 0.11134376
0.39913952 -0.25677755 0.11503857
0.40271249 -0.24935022 0.11825706
0.40413579 -0.24283709 0.12000601
0.39741355 -0.19116887 0.20778744
0.39817363 -0.18919869 0.20911893
0.39381233 -0.18946098 0.20487565
0.39381483 -0.18701462 0.20607203
0.39643466 -0.17991148 0.21075483
0.39648259 -0.18046641 0.21090750
0.39921820 -0.24315327 0.17121492
0.39506564 -0.27221027 0.13859320
0.40409800 -0.26395532 0.14992145
0.40380755 -0.26379162 0.14998806
0.39371958 -0.21866094 0.19094336
0.39389139 -0.21675219 0.19169824
0.39660197 -0.27874136 0.13779657
0.39581570 -0.27636865 0.13879426
0.39805961 -0.18027250 0.21135123
0.40223962 -0.25934649 0.15384156
0.40369359 -0.26133338 0.15251458
0.39576539 -0.21444412 0.19207577
0.39720184 -0.21068142 0.19386391
0.38640973 -0.19991963 0.19854727
0.38559726 -0.20067297 0.19680232
0.39820313 -0.19958636 0.20065635
0.39794227 -0.19887258 0.20115875
0.39694986 -0.27268857 0.12001517
0.39788467 -0.27057469 0.12164912
0.39644933 -0.27087983 0.13174534
0.39614066 -0.27006140 0.12923001
0.39493674 -0.19127133 0.20506591
0.39160672 -0.18677554 0.20370616
0.39086220 -0.18462355 0.20396613
0.40176734 -0.19341612 0.20342349
0.38669920 -0.18360338 0.20300898
0.38706499 -0.18707956 0.20197082
0.39521825 -0.22480887 0.18683016
0.39343628 -0.22733481 0.18525678
0.39654109 -0.22631185 0.18532707
0.38448951 -0.19467153 0.19347422
0.40122190 -0.26627633 0.14961587
0.38851810 -0.19164440 0.20104161
0.39519700 -0.19744053 0.20187594
0.39504838 -0.24264829 0.17131750
0.39814800 -0.24190694 0.17309286
0.39206633 -0.22957271 0.18465026
0.38561776 -0.18998334 0.19264163
0.38850084 -0.20675771 0.19029643
0.39111555 -0.21278879 0.19293949
0.39529479 -0.23429339 0.17963542
0.39924949 -0.23202170 0.18443142
0.39502308 -0.26633745 0.14144129
0.39457843 -0.26838604 0.14238203
0.38403419 -0.18084724 0.20110887
0.38827541 -0.20203896 0.19028261
0.38376647 -0.20376895 0.19395019
0.38596880 -0.18588366 0.20131996
0.38524562 -0.18767872 0.19481015
0.40023857 -0.24921373 0.16424988
0.38432154 -0.19871733 0.19437686
0.38724095 -0.21062762 0.19444598
0.38938972 -0.19652751 0.20024858
0.38746420 -0.20325896 0.19846046
0.39749619 -0.27214900 0.11312845
0.38770768 -0.19390839 0.19102353
0.39601788 -0.25888062 0.15293691
0.39589292 -0.26346698 0.14761646
0.38814580 -0.20538840 0.18983659
0.39904693 -0.26787221 0.15153405
0.38359624 -0.20156774 0.19292009
0.39766496 -0.20056970 0.20019867
0.40273356 -0.18727162 0.20694041
0.39990976 -0.18383045 0.21113211
0.38900980 -0.21255274 0.19264466
0.38475293 -0.20373026 0.19041750
0.38743234 -0.20505929 0.19769590
0.39295679 -0.21053238 0.19452395
0.38990387 -0.21457897 0.19344775
0.38956943 -0.20814259 0.19602098
0.38595039 -0.18816483 0.19789113
0.39637268 -0.23668873 0.17789026
0.39424846 -0.20410952 0.19784871
0.39908758 -0.27121991 0.15485394
0.39767197 -0.27327901 0.15097055
0.40077928 -0.26880550 0.15131681
0.39894304 -0.25632313 0.15543339
0.39582360 -0.27827805 0.13302386
0.39564991 -0.27613121 0.12931736
0.39778507 -0.24477264 0.16976321
0.39935970 -0.24492462 0.16982004
0.39714479 -0.25280878 0.15980904
0.39675415 -0.26789024 0.14542483
0.35711578 -0.32302889 0.27318227
0.35743329 -0.31722143 0.27540386
0.35394669 -0.32258785 0.27852714
0.35865241 -0.31412464 0.27676603
0.35580659 -0.31663656 0.27865684
0.35146514 -0.32496819 0.28131369
0.35181159 -0.32005015 0.28130203
0.35030892 -0.32054257 0.28354612
0.39543793 -0.28285390 0.14001104
0.39569238 -0.28683093 0.14934814
0.39694932 -0.29039180 0.15295203
0.39384282 -0.28767762 0.14976880
0.39554128 -0.29127866 0.15484232
0.39805984 -0.28990558 0.15055516
0.39663255 -0.30132592 0.16627437
0.39385247 -0.28589532 0.14822517
0.39317042 -0.31545976 0.18261740
0.39571863 -0.30942741 0.17490540
0.39589977 -0.31414691 0.17921373
0.39037663 -0.12419474 0.20078719
0.39417043 -0.15616192 0.20008412
0.39649442 -0.15832129 0.20266680
0.39387316 -0.15182431 0.19957249
0.39443079 -0.14925283 0.20028457
0.39444864 -0.16575347 0.20838730
0.38298914 -0.12706967 0.20002906
0.38833499 -0.13077359 0.20723848
0.38607317 -0.13871355 0.20814359
0.39467269 -0.14061606 0.20172685
0.37863517 -0.10909931 0.20119151
0.37702692 -0.10536970 0.20039009
0.39437348 -0.13443622 0.20836630
0.39460337 -0.13526382 0.20274451
0.37286064 -0.10466082 0.19793105
0.39640501 -0.14079806 0.20498547
0.39670262 -0.13465080 0.20738541
0.37568852 -0.10972855 0.20112926
0.39183563 -0.16556197 0.20271552
0.39666948 -0.14265779 0.20483954
0.39627236 -0.13969086 0.20824006
0.39640236 -0.14008833 0.20795761
0.39687696 -0.15682542 0.20750517
0.38003820 -0.10804708 0.19713576
0.38445348 -0.11645356 0.19714412
0.38239887 -0.11963847 0.19691060
0.37077630 -0.10459624 0.19975935
0.37349761 -0.10119346 0.20065799
0.38758191 -0.14330776 0.20819671
0.38885897 -0.14614514 0.20833096
0.38610423 -0.14363079 0.20835911
0.38601315 -0.11829561 0.19728650
0.39304557 -0.15143390 0.20832255
0.39302853 -0.15281998 0.20838314
0.37402979 -0.10862235 0.20129707
0.39880863 -0.16178045 0.20791288
0.40077421 -0.17345373 0.20832045
0.40108511 -0.17463046 0.20851064
0.38978183 -0.16576837 0.20866226
0.39149058 -0.12425788 0.20281371
0.38811529 -0.12476347 0.20578067
0.40029475 -0.17286839 0.21106125
0.39241400 -0.17448986 0.20683011
0.39489263 -0.17098223 0.20254284
0.39486790 -0.16869485 0.20307669
0.39376891 -0.16987170 0.20822373
0.39113155 -0.17759460 0.20631412
0.38821620 -0.17169702 0.20806913
0.38051552 -0.11159398 0.20096688
0.39339325 -0.15969540 0.20049296
0.36869845 -0.08153702 0.18343201
0.39703739 -0.17451878 0.21034549
0.37704811 -0.10462559 0.19721980
0.36603940 -0.07828570 0.18517721
0.36555287 -0.07590464 0.18558796
0.39608940 -0.16771191 0.20228945
0.39687967 -0.17438656 0.20204152
0.38396540 -0.12231614 0.19731976
0.38445517 -0.12162919 0.19701231
0.40080041 -0.16679277 0.20584233
0.40076631 -0.16799766 0.20560028
0.38051805 -0.11021028 0.19942440
0.38045451 -0.10987964 0.19626006
0.39034855 -0.17108934 0.20364755
0.39051709 -0.17155375 0.20384505
0.37141439 -0.09202130 0.18804504
0.36454538 -0.07195143 0.18314147
0.36976004 -0.08581157 0.18452914
0.39793447 -0.16433878 0.20386216
0.39795724 -0.16669054 0.20377374
0.38849843 -0.13471463 0.20014626
0.36955497 -0.09557895 0.19049016
0.39714763 -0.15059067 0.20288306
0.39721718 -0.15375324 0.20304453
0.37039149 -0.10209370 0.19914970
0.37982541 -0.11045808 0.20116512
0.38109478 -0.11087753 0.20011236
0.39685524 -0.14357108 0.20498995
0.39557853 -0.14919597 0.20681091
0.40007812 -0.15828121 0.20631495
0.39220217 -0.13238502 0.20805827
0.37207952 -0.09074203 0.18762252
0.39351448 -0.13173744 0.20190740
0.39105242 -0.12446876 0.20119658
0.36901468 -0.07463627 0.18134834
0.36974818 -0.09796046 0.19308648
0.36764234 -0.07324839 0.18242963
0.37509242 -0.10822106 0.20460157
0.38618049 -0.13133806 0.20158365
0.39052102 -0.15929133 0.20896046
0.38804504 -0.12043913 0.20183744
0.39105958 -0.12236576 0.20093881
0.38969254 -0.14270458 0.20805086
0.38865152 -0.13762930 0.20840739
0.39167342 -0.13742787 0.20061043
0.39423531 -0.21697459 0.19003282
0.39504057 -0.19189788 0.19812162
0.39578554 -0.19267821 0.19927102
0.39790863 -0.24915200 0.16374397
0.40320072 -0.26350796 0.14844967
0.39799145 -0.26051712 0.14731301
0.39827231 -0.25685233 0.15187265
0.39897737 -0.26895607 0.13374999
0.39889628 -0.26696923 0.13553044
0.40272024 -0.26719934 0.14201401
0.40132904 -0.25703675 0.15605921
0.39188594 -0.23405635 0.18176535
0.39334896 -0.19254220 0.19073468
0.40136468 -0.26278907 0.14475968
0.40114325 -0.20205502 0.19828919
0.39830706 -0.26440200 0.13874617
0.40164906 -0.27481186 0.11429206
0.39971063 -0.21388198 0.19180544
0.40017334 -0.27190477 0.11724833
0.39430869 -0.18213430 0.19902232
0.38827193 -0.18430030 0.19369167
0.39940453 -0.27072066 0.12681429
0.39937472 -0.27068827 0.12705316
0.38993523 -0.18841894 0.19166234
0.39256260 -0.18866977 0.19514537
0.39982486 -0.18978359 0.20319065
0.39930156 -0.24234186 0.17216218
0.40388906 -0.22222419 0.18561931
0.38455188 -0.17569380 0.20306221
0.38438416 -0.17667070 0.20237412
0.39400983 -0.19807434 0.18898094
0.39290696 -0.20111552 0.18832679
0.38922128 -0.23596422 0.17828059
0.40326837 -0.22597699 0.18907388
0.39995098 -0.24184993 0.17266217
0.40489867 -0.21904163 0.18712577
0.40434894 -0.21900578 0.18907370
0.39396912 -0.22093268 0.18937877
0.39361921 -0.21163613 0.18861480
0.39354718 -0.21178450 0.18893223
0.40064651 -0.18638881 0.20379502
0.40113905 -0.18014380 0.20500967
0.39070681 -0.19416904 0.19076677
0.39135879 -0.23954959 0.16940576
0.39315599 -0.18031661 0.19967899
0.40219176 -0.18035343 0.20827268
0.39992255 -0.27600777 0.12374078
0.39983073 -0.27244845 0.12777053
0.40336651 -0.22062211 0.18966624
0.39921024 -0.22498970 0.18764539
0.40137434 -0.22604613 0.18897597
0.39743572 -0.26501355 0.13772638
0.39939463 -0.26115000 0.14531989
0.38831109 -0.17837757 0.19834532
0.38740158 -0.17867179 0.19756968
0.40147567 -0.20600472 0.18924792
0.39549994 -0.22858430 0.18314534
0.39591008 -0.23155823 0.18120208
0.39858028 -0.21089694 0.18674201
0.40263203 -0.21312785 0.18758062
0.39493915 -0.27183002 0.14898601
0.39281327 -0.24005088 0.17504264
0.40012556 -0.23623294 0.18212381
0.40204415 -0.22006258 0.18572156
0.40130943 -0.21881117 0.18629384
0.39646220 -0.27534392 0.14844742
0.39658269 -0.27488771 0.14441015
0.39233932 -0.24497388 0.16613728
0.40066665 -0.27236646 0.11043719
0.39476776 -0.24115282 0.17283960
0.39425409 -0.24025141 0.17316826
0.39494756 -0.18789726 0.20019168
0.39686078 -0.22639649 0.18436514
0.39947742 -0.23576175 0.18268788
0.39774171 -0.18443972 0.20149082
0.39511603 -0.26926726 0.15257677
0.39080265 -0.24089250 0.17206663
0.40006593 -0.23325489 0.18374771
0.39592326 -0.25747517 0.15346123
0.39906186 -0.22218800 0.18596761
0.39880082 -0.22596617 0.18513891
0.39503673 -0.24985602 0.16360401
0.39486897 -0.20516473 0.18678865
0.39610603 -0.21319368 0.18696189
0.40284541 -0.22659954 0.18708588
0.39371490 -0.23595086 0.17934123
0.39502800 -0.23809698 0.17674935
0.39784840 -0.23199175 0.18276696
0.40058893 -0.20882988 0.19336264
0.39976481 -0.24363799 0.16873150
0.39392769 -0.24219961 0.17341368
0.39861131 -0.19910374 0.19240281
0.39778137 -0.27390453 0.14514333
0.39744839 -0.27439678 0.14690919
0.39998895 -0.19317847 0.20299368
0.39626795 -0.19585712 0.19234303
0.39547130 -0.19579898 0.18988012
0.39469162 -0.18662345 0.19932997
0.40039384 -0.20988987 0.19325256
0.39412919 -0.24612869 0.16978611
0.39970186 -0.27164140 0.14028627
0.39623871 -0.24223375 0.17344049
0.40173876 -0.26868689 0.14291847
0.40096027 -0.26914802 0.14407812
0.39411584 -0.19183871 0.19479451
0.39079496 -0.23494025 0.18089820
0.39754921 -0.19606468 0.19673216
0.39758292 -0.24758549 0.16626889
0.38977671 -0.23774324 0.17235993
0.39985359 -0.27335358 0.13461570
0.39597759 -0.25251561 0.16032730
0.39833373 -0.18719782 0.20193145
0.40033796 -0.27198550 0.13160451
0.39850691 -0.23768923 0.17774376
0.39125684 -0.20816670 0.19019188
0.36793905 -0.07286962 0.18988918
0.37008440 -0.07367203 0.19010243
0.36648878 -0.07242995 0.18800506
0.36837012 -0.07675175 0.19016916
0.37026522 -0.08801752 0.19301452
0.37191436 -0.08678301 0.19364576
0.36550248 -0.07330786 0.18671368
0.37010026 -0.08994161 0.19345666
0.36797613 -0.08571945 0.19082132
0.36777201 -0.07866382 0.18876675
0.36677411 -0.08321037 0.18718408
0.37471297 -0.08353420 0.18850087
0.37399188 -0.08491545 0.18788204
0.36960784 -0.07108801 0.18919107
0.37294671 -0.09710230 0.19161604
0.37523374 -0.09168261 0.18913184
0.36782980 -0.08773629 0.19030330
0.36831209 -0.09335323 0.19316705
0.37745360 -0.09671110 0.19046228
0.37789166 -0.09464570 0.19070908
0.37554929 -0.08932389 0.19407246
0.37626329 -0.09985665 0.19178940
0.37483871 -0.08370183 0.19097506
0.37795630 -0.10066253 0.19553074
0.37759936 -0.09173173 0.19295810
0.37710169 -0.10231783 0.19692507
0.37486032 -0.09798864 0.19766439
0.37130269 -0.07831895 0.19135106
0.37507048 -0.09056524 0.18915558
0.39267612 -0.32075465 0.18469208
0.39796087 -0.30718073 0.17471451
0.39276627 -0.33526045 0.19382353
0.39174965 -0.32753095 0.18920535
0.39346227 -0.32794920 0.19036053
0.39272606 -0.33709881 0.19473730
0.39463496 -0.29493028 0.15817299
0.39844450 -0.30107784 0.16441882
0.39378089 -0.31235650 0.17871825
0.39478263 -0.30875316 0.17486206
0.39175412 -0.32844424 0.18913040
0.39562210 -0.29662603 0.16154866
0.39851961 -0.30204174 0.16595280
0.39609912 -0.30140430 0.16645448
0.39680362 -0.30423194 0.17068201
0.39811444 -0.30459300 0.17048831
0.39544058 -0.31005824 0.17616971
0.35005417 -0.32461569 0.28180230
0.36075249 -0.31396723 0.27299437
0.35715944 -0.32070297 0.27487046
0.36192337 -0.31897098 0.26228306
0.35507318 -0.31986517 0.27808300
0.35812140 -0.31708753 0.27548215
0.36252490 -0.31673315 0.26821724
0.35579517 -0.32039723 0.27723628
0.35929283 -0.32032833 0.26451164
0.36561090 -0.31484148 0.26475805
0.36609182 -0.31395972 0.26534897
0.36108631 -0.32080555 0.25911820
0.34732348 -0.32368135 0.28648341
0.36561674 -0.31948474 0.25369650
0.36320123 -0.31456336 0.26667789
0.36226121 -0.31385911 0.26936027
0.36041611 -0.31443456 0.27256849
0.36716917 -0.31206113 0.26478240
0.36199334 -0.31932610 0.26166436
0.36648464 -0.31767523 0.25703728
0.35799345 -0.32354248 0.27052319
0.38665783 -0.14713201 0.20848103
0.37982273 -0.13168705 0.21049356
0.38018459 -0.13070805 0.21018369
0.38058448 -0.12303893 0.20846784
0.38218719 -0.11680774 0.20421475
0.38207045 -0.12364583 0.20808841
0.38531387 -0.12928984 0.20710278
0.38418072 -0.13261427 0.20795351
0.38481942 -0.11561448 0.20065898
0.37939554 -0.15039806 0.20867491
0.37950894 -0.15046270 0.20944771
0.38267758 -0.14275613 0.21016102
0.37870809 -0.13536462 0.21074127
0.37990215 -0.14020208 0.20877585
0.38166454 -0.13575658 0.20988919
0.39109108 -0.15884084 0.20120333
0.38056102 -0.12235485 0.20303637
0.38170442 -0.13596022 0.20336393
0.37965584 -0.14379548 0.20847234
0.37981048 -0.12702279 0.20525628
0.37765303 -0.13457854 0.21050146
0.37788138 -0.13318874 0.20591474
0.38099843 -0.17275390 0.20320359
0.38272867 -0.16286464 0.20264861
0.38295820 -0.14543353 0.21090269
0.38309821 -0.15033162 0.21177833
0.38582739 -0.15209885 0.21014741
0.38095364 -0.11892728 0.19932297
0.38011906 -0.12924819 0.20333292
0.37894019 -0.11875688 0.20605761
0.38212737 -0.14263628 0.20637402
0.38745472 -0.15723546 0.20634198
0.38081625 -0.12106873 0.20468484
0.38322046 -0.13481082 0.20885846
0.38486955 -0.16307630 0.20259985
0.38963833 -0.14738050 0.20388876
0.38339946 -0.15963086 0.20449328
0.38094509 -0.11852273 0.20111811
0.38375503 -0.15420793 0.20574147
0.37863740 -0.13680647 0.20598963
0.38021255 -0.15686677 0.20970885
0.38045734 -0.15617210 0.20636483
0.37694457 -0.11543434 0.20717788
0.38159353 -0.12705615 0.19964284
0.37909269 -0.14786069 0.20800120
0.37950689 -0.14739364 0.20996256
0.37790993 -0.11453887 0.20644477
0.37813723 -0.11273102 0.20493391
0.37918669 -0.16667715 0.20376380
0.37982455 -0.16681373 0.20725888
0.38088369 -0.17253122 0.20404124
0.38113740 -0.17050870 0.20671968
0.39011019 -0.15659064 0.20560828
0.38407880 -0.16801274 0.20961988
0.38468063 -0.16685255 0.20199698
0.38364723 -0.16768487 0.20213856
0.38259190 -0.16773222 0.20228004
0.38775697 -0.15129237 0.20884243
0.38639450 -0.13814311 0.20159455
0.38657436 -0.15787500 0.20568505
0.39081785 -0.14910589 0.20116672
0.38467321 -0.13426407 0.20203856
0.38170388 -0.14800219 0.20835286
0.38195843 -0.16252828 0.21122888
0.38101649 -0.16001430 0.21214515
0.38244444 -0.16232347 0.21104801
0.38811958 -0.14268453 0.20307371
0.38655427 -0.16455020 0.20938529
0.38568223 -0.16052541 0.21000294
0.37775877 -0.12622552 0.20914046
0.41322067 -0.28023329 0.23043019
0.37928176 -0.31086260 0.24136575
0.38297457 -0.30647540 0.23622777
0.38385758 -0.30580950 0.23520736
0.40041691 -0.30338010 0.22286808
0.38841960 -0.30306771 0.22986901
0.39038557 -0.30086413 0.22684465
0.38498643 -0.30443326 0.23354244
0.39689192 -0.27006924 0.19753924
0.39129049 -0.27911380 0.19935597
0.40361026 -0.26889628 0.18763387
0.40270787 -0.27008772 0.20155615
0.39201030 -0.26772618 0.19298434
0.39896914 -0.29136506 0.21010157
0.39575437 -0.27223897 0.19430488
0.39835918 -0.26787025 0.18558235
0.39486784 -0.27588281 0.19820739
0.39648867 -0.27600086 0.19908109
0.39385173 -0.27141511 0.19393575
0.39636880 -0.27072892 0.19098124
0.40258357 -0.27550903 0.20551352
0.40143207 -0.26933271 0.18871439
0.41022676 -0.27798754 0.21232060
0.40329906 -0.29651892 0.21455942
0.40358663 -0.29340956 0.21258675
0.39325035 -0.29616553 0.21477413
0.40866908 -0.27329600 0.21550351
0.38078496 -0.31312504 0.23734614
0.38118654 -0.31407627 0.23605682
0.37727714 -0.31333411 0.24245931
0.38295183 -0.30453187 0.23486304
0.38191563 -0.30348763 0.23504150
0.41173324 -0.27582860 0.21731380
0.40184027 -0.29962724 0.21560156
0.39679849 -0.29860604 0.22340909
0.37742570 -0.30423978 0.24228996
0.37472266 -0.30592540 0.24887234
0.37433025 -0.30832505 0.24966860
0.39557645 -0.29465082 0.21315008
0.39424807 -0.29008749 0.21074522
0.39969400 -0.27535668 0.17055783
0.37902015 -0.30836883 0.24073280
0.38274866 -0.30785555 0.23724231
0.38748637 -0.28979266 0.21503562
0.39823735 -0.29637960 0.22306938
0.39840671 -0.29639122 0.22314821
0.39421028 -0.29999629 0.22363181
0.40821266 -0.28106323 0.20608109
0.40530014 -0.28405845 0.21739137
0.40649033 -0.27315840 0.19063981
0.40044495 -0.27128166 0.15772255
0.40154159 -0.27437830 0.17422943
0.40506384 -0.27277750 0.20386223
0.37981549 -0.31481445 0.23761819
0.39957613 -0.27559945 0.16313286
0.38451320 -0.29356086 0.22210766
0.38235143 -0.28963602 0.21887586
0.40453538 -0.27181655 0.20682433
0.40234071 -0.29634452 0.22477354
0.39902830 -0.27413994 0.15735735
0.39970672 -0.27294788 0.20425084
0.40684742 -0.28108689 0.21465069
0.38948292 -0.30624151 0.23112682
0.40789005 -0.27556050 0.21369529
0.39459831 -0.27436802 0.16098976
0.39326254 -0.27335727 0.16713257
0.40032336 -0.27035376 0.16108753
0.40130192 -0.26929447 0.17775130
0.39833200 -0.26774311 0.16922879
0.40098163 -0.27228919 0.16502295
0.40877816 -0.27639142 0.20968674
0.40903446 -0.27931514 0.20332222
0.40908393 -0.27908278 0.20036194
0.40693161 -0.27573493 0.19218759
0.40916085 -0.27702788 0.20174435
0.40812749 -0.27672791 0.20770490
0.39219472 -0.28306222 0.20178115
0.40518427 -0.28380781 0.20715466
0.39937419 -0.28658396 0.20615008
0.40527606 -0.28292888 0.21453953
0.39612097 -0.27753639 0.17779419
0.40575427 -0.28714597 0.21763304
0.40817615 -0.27435911 0.20980874
0.40511969 -0.27015179 0.19196405
0.40821809 -0.27553669 0.19902742
0.40678042 -0.27897099 0.19712009
0.37873277 -0.31353906 0.24059038
0.37892640 -0.30378574 0.23870359
0.37577671 -0.30843315 0.24638209
0.37617281 -0.31086078 0.24578880
0.40043905 -0.27040979 0.19564977
0.38972709 -0.29073375 0.21449940
0.37771949 -0.29326820 0.22652295
0.39866534 -0.27478004 0.20165984
0.40390125 -0.27281180 0.18398991
0.40380591 -0.27522582 0.18467638
0.40505162 -0.27434826 0.18683943
0.40178826 -0.27406958 0.20430543
0.39208558 -0.29878688 0.21713600
0.38925371 -0.31067997 0.23123392
0.40544891 -0.27382261 0.20193407
0.41194525 -0.27570289 0.22363541
0.40193555 -0.27354687 0.17666048
0.39919668 -0.27584904 0.16545877
0.38617647 -0.30753291 0.23404634
0.39096484 -0.31045356 0.23169035
0.38917857 -0.31045827 0.23211220
0.40079269 -0.27441287 0.16078307
0.38869277 -0.28833413 0.21229087
0.39171359 -0.28579354 0.20687819
0.39867449 -0.30583915 0.22693565
0.39904234 -0.26864177 0.16631426
0.40323851 -0.27111721 0.19969805
0.39707822 -0.30422446 0.22633548
0.39503860 -0.29989949 0.22326261
0.39771852 -0.30388299 0.22577986
0.38299152 -0.31100279 0.23703483
0.38547972 -0.30941975 0.23509660
0.38381374 -0.31010789 0.23678790
0.39789760 -0.28644520 0.20544815
0.39531025 -0.28692177 0.20657219
0.40389875 -0.26996398 0.18693888
0.40385678 -0.28298429 0.20313743
0.40104172 -0.28337210 0.20228450
0.39510357 -0.27584311 0.16721976
0.38774028 -0.29953474 0.22641338
0.38830554 -0.30057043 0.22667955
0.38487849 -0.30002174 0.22910443
0.40568620 -0.27452642 0.20905302
0.39907023 -0.27655903 0.17409490
0.39767003 -0.27713025 0.17220233
0.38549313 -0.29662922 0.22537275
0.38848087 -0.29646006 0.22343904
0.39549893 -0.28251025 0.19961268
0.40541711 -0.29143813 0.21813855
0.40499121 -0.28805289 0.20985040
0.39230514 -0.29781845 0.22020417
0.40484008 -0.28812534 0.21396296
0.39233273 -0.29513112 0.21596746
0.40580806 -0.29313734 0.21873485
0.40098032 -0.30376363 0.22392415
0.40590990 -0.29498404 0.21816783
0.39514670 -0.29947636 0.22167273
0.40542990 -0.29666907 0.21903658
0.39750972 -0.27744830 0.12031712
0.39924678 -0.27637944 0.13065997
0.39784616 -0.27673233 0.13763700
0.39920112 -0.27755734 0.12305060
0.40114766 -0.27430865 0.10073387
0.39596689 -0.27571583 0.09919351
0.39628676 -0.27999270 0.13152538
0.39542627 -0.27955064 0.10434069
0.39694110 -0.27752113 0.11658452
0.39573300 -0.28032330 0.10029677
0.39585069 -0.28059956 0.09868769
0.39779222 -0.26772970 0.10893912
0.39834064 -0.27890715 0.11346853
0.39946949 -0.27874929 0.11360259
0.39540508 -0.27538300 0.11520066
0.39532730 -0.27682495 0.11133876
0.40118638 -0.27873194 0.10278559
0.39839932 -0.27953574 0.10341801
0.39776614 -0.28413314 0.13972993
0.40094167 -0.27141759 0.10700493
0.39670098 -0.27094266 0.10531507
0.39641386 -0.27136621 0.09988138
0.40108725 -0.27167842 0.10569778
0.39575556 -0.28304318 0.13769181
0.40138137 -0.27559891 0.10986142
0.39551467 -0.27640358 0.12327313
0.39767107 -0.27907130 0.12858787
0.40065050 -0.27746972 0.11269369
0.40208730 -0.26483804 0.10972015
0.40136346 -0.26895860 0.10392742
0.39807901 -0.26764297 0.10558351
0.39924023 -0.26837057 0.10385973
0.40010905 -0.26844314 0.10304358
0.39241135 -0.27174148 0.16776893
0.39256284 -0.27406248 0.17344789
0.40367123 -0.27710289 0.20948817
0.40263572 -0.28780445 0.21869534
0.37231183 -0.29810348 0.24631238
0.37738001 -0.28866416 0.21898384
0.37600157 -0.31398872 0.24466321
0.38202420 -0.28075081 0.21001233
0.37243319 -0.29892516 0.25358546
0.39640900 -0.28006998 0.18964061
0.39863259 -0.28153449 0.19532737
0.36203086 -0.31953400 0.25511780
0.39316782 -0.28030774 0.19438104
0.40458438 -0.27945980 0.21576868
0.40311971 -0.28159472 0.21318655
0.40753019 -0.27815187 0.21910727
0.39264718 -0.27789930 0.18911704
0.39358774 -0.26855159 0.17296039
0.39124444 -0.27037591 0.17570636
0.38668999 -0.28393155 0.20842242
0.39125377 -0.27407244 0.18147978
0.39230469 -0.27475616 0.17718479
0.38958016 -0.27026662 0.18934000
0.39225227 -0.26705652 0.19109866
0.38908622 -0.27054989 0.19460872
0.38531873 -0.28244334 0.20825690
0.41187131 -0.28096002 0.22806285
0.39060000 -0.27000606 0.18003029
0.39316422 -0.26782742 0.17833637
0.39253160 -0.26874605 0.17686400
0.38612816 -0.27407041 0.20223619
0.39488631 -0.26900637 0.15944922
0.37265533 -0.30877915 0.25155285
0.37167123 -0.30662429 0.25672814
0.38024479 -0.28927022 0.21889549
0.39419580 -0.27181661 0.15947522
0.37468478 -0.29708841 0.24034296
0.37815034 -0.29548872 0.23059487
0.37172252 -0.31107774 0.25372151
0.36969212 -0.31182957 0.25897816
0.38484621 -0.27898845 0.20678248
0.38511115 -0.27935517 0.20659602
0.38963455 -0.27995437 0.20130704
0.38608998 -0.28133583 0.20613991
0.39671129 -0.26664317 0.16976084
0.39728969 -0.26680228 0.17519619
0.37085205 -0.31323257 0.25332960
0.37212530 -0.31115019 0.25260913
0.37696719 -0.29914257 0.23800838
0.39698175 -0.28020695 0.20135312
0.39687940 -0.27912834 0.20085466
0.37601861 -0.29936293 0.24204904
0.37646064 -0.29926348 0.24094765
0.40089968 -0.28126478 0.20474750
0.41093737 -0.28083059 0.22717157
0.38401341 -0.28057882 0.20801204
0.38011548 -0.29740560 0.23033851
0.38154033 -0.29640499 0.22767580
0.38129106 -0.29548380 0.22681281
0.37645030 -0.28745624 0.21957493
0.39923784 -0.28593540 0.21155997
0.37392202 -0.30246153 0.25629964
0.38041365 -0.28452921 0.21382248
0.38760847 -0.27233580 0.20010738
0.37252304 -0.29904586 0.25235009
0.37155974 -0.30576766 0.25733912
0.40357640 -0.28090119 0.19799234
0.39346495 -0.27695853 0.18498611
0.38850728 -0.29369149 0.21875472
0.38570556 -0.29744828 0.22593231
0.38841659 -0.29767647 0.22464302
0.38646877 -0.29805622 0.22636536
0.39016604 -0.29645979 0.22181423
0.37237760 -0.30672020 0.25913343
0.38171795 -0.28354695 0.21249680
0.37992951 -0.28567088 0.21595009
0.40210003 -0.28120634 0.20963666
0.37977397 -0.30448729 0.23822510
0.39824331 -0.26810557 0.16351441
0.37508583 -0.29717493 0.24240214
0.39889339 -0.27957019 0.18989240
0.39992508 -0.28148520 0.19637477
0.38831255 -0.27872220 0.19906902
0.37288338 -0.31102040 0.25009260
0.37134957 -0.31380534 0.25109339
0.36231592 -0.31887779 0.26420751
0.36110765 -0.31936467 0.26566795
0.37982234 -0.28895661 0.22074737
0.38368252 -0.28943649 0.21732494
0.38060930 -0.29085100 0.22200541
0.40625378 -0.27986071 0.21929151
0.37423471 -0.30065638 0.24786766
0.37750980 -0.28533006 0.21545808
0.40779576 -0.28042161 0.21954161
0.38888469 -0.27096677 0.19140238
0.37861860 -0.29453832 0.22855440
0.37889233 -0.30033162 0.23649842
0.37869415 -0.29680055 0.23173897
0.38966888 -0.28721479 0.20856127
0.39082056 -0.28545001 0.20508766
0.39236963 -0.28632480 0.20748127
0.39890659 -0.28733203 0.21438031
0.40142533 -0.28850079 0.21843612
0.40257522 -0.27783537 0.18895273
0.38473177 -0.27597108 0.20564812
0.38528061 -0.27431315 0.20432810
0.39844531 -0.29077408 0.21824877
0.39645338 -0.28945076 0.21467401
0.37727565 -0.28993052 0.22113979
0.37047809 -0.31704035 0.25015298
0.38979673 -0.28089541 0.19978592
0.38117075 -0.29858100 0.23208389
0.36345324 -0.31944776 0.25353152
0.37441197 -0.29881695 0.24317718
0.36823520 -0.31803343 0.25362587
0.37495822 -0.31691605 0.24444611
0.37636063 -0.31104416 0.24411388
0.37661663 -0.31045657 0.24381968
0.36972895 -0.30962339 0.25770390
0.36780381 -0.31153482 0.25975409
0.37440142 -0.30171585 0.24569310
0.37416697 -0.30387148 0.24662061
0.39764097 -0.28509772 0.20612048
0.39780346 -0.28610519 0.20842981
0.37483919 -0.30530846 0.24533398
0.37635046 -0.30233818 0.24090205
0.39333716 -0.29686496 0.22101803
0.39467409 -0.29155445 0.21612956
0.39133579 -0.29590526 0.22035722
0.38784131 -0.27744916 0.19703683
0.39574969 -0.26798373 0.16058372
0.38732338 -0.28478631 0.20739168
0.38878098 -0.28333890 0.20368993
0.38381115 -0.28395280 0.21108101
0.36768332 -0.31819108 0.25296628
0.37706125 -0.28562024 0.21450801
0.37202922 -0.30682558 0.25963318
0.38763207 -0.27397329 0.19011933
0.38231733 -0.27826741 0.20621017
0.36905178 -0.31116986 0.25728866
0.36606297 -0.31320807 0.26183337
0.37618744 -0.30083001 0.24021725
0.37177718 -0.30823037 0.25601190
0.37193587 -0.30670789 0.25573057
0.36388126 -0.31765172 0.26221243
0.36311004 -0.31541097 0.26625720
