0.61831701 -0.23865667 -0.23528609
0.63308382 -0.23084150 -0.22295375
0.62783742 -0.23509815 -0.22865699
0.63054597 -0.23007692 -0.22353682
0.61492217 -0.24262667 -0.23782492
0.61353374 -0.24272268 -0.24053992
0.63666409 -0.22903280 -0.22020806
0.62806839 -0.23551743 -0.22854286
0.61121440 -0.24387459 -0.23952611
0.64251959 -0.22004855 -0.21756305
0.58865869 -0.29505554 -0.15854388
0.58969313 -0.29970473 -0.15647238
0.59344757 -0.25453055 -0.27161950
0.56083173 -0.27354327 -0.25687480
0.56430054 -0.26973444 -0.25803110
0.56560302 -0.26833537 -0.26039419
0.56575316 -0.26580057 -0.26169807
0.57270962 -0.26376599 -0.26578537
0.55945671 -0.27399683 -0.25553229
0.56734329 -0.26987594 -0.25819775
0.56096488 -0.27030751 -0.25725591
0.57597244 -0.26694426 -0.26515600
0.57465917 -0.26491779 -0.26679680
0.56221825 -0.27056658 -0.25849274
0.57250834 -0.26682970 -0.26387352
0.59523463 -0.25207043 -0.23927091
0.59530014 -0.25247580 -0.24246840
0.59491289 -0.25324824 -0.24940024
0.59884465 -0.25579169 -0.23834868
0.59621310 -0.25773221 -0.24478132
0.59766096 -0.25411591 -0.24028654
0.59451830 -0.25821373 -0.24883413
0.59565854 -0.25593913 -0.25093132
0.59438843 -0.25721583 -0.25791538
0.59581655 -0.25606278 -0.26100951
0.59454924 -0.25598660 -0.27094004
0.59562904 -0.25666559 -0.26879320
0.59307170 -0.25673848 -0.27199155
0.59241551 -0.25866511 -0.25651780
0.59546351 -0.25569361 -0.25919384
0.59206933 -0.25464436 -0.25434595
0.58961582 -0.25980693 -0.22921288
0.59508502 -0.25488278 -0.25541723
0.59944504 -0.25567392 -0.23547347
0.59136450 -0.25088447 -0.23731245
0.59440500 -0.25448066 -0.25830862
0.58951026 -0.29086924 -0.17271492
0.58928025 -0.29226348 -0.17277963
0.58641124 -0.28900620 -0.17352822
0.59066421 -0.28772810 -0.18033376
0.58704197 -0.28460142 -0.17726476
0.58897030 -0.28909311 -0.17399532
0.58755392 -0.28919661 -0.17680056
0.58792984 -0.28755343 -0.18132494
0.58586669 -0.28725830 -0.17433308
0.58827543 -0.28245816 -0.18272464
0.58867800 -0.29340532 -0.16818343
0.59395266 -0.28469315 -0.18512198
0.58982146 -0.29915619 -0.15987976
0.58958495 -0.29612568 -0.15925199
0.58888084 -0.29443055 -0.16113076
0.58427680 -0.28516111 -0.17860293
0.58978307 -0.29827660 -0.16015761
0.58487511 -0.28642496 -0.18080802
0.58531308 -0.28637561 -0.17548892
0.61123657 -0.24369591 -0.24105568
0.62382668 -0.23202682 -0.22859974
0.62209547 -0.23484069 -0.23260775
0.62493193 -0.23123772 -0.22781044
0.62267399 -0.23469853 -0.23266110
0.62386149 -0.23468094 -0.23132271
0.62816125 -0.23235850 -0.22714971
0.62330741 -0.23157735 -0.22913054
0.63184249 -0.22901832 -0.22376014
0.65126437 -0.22021946 -0.21325637
0.63971406 -0.23057413 -0.21979813
0.65975732 -0.21544401 -0.20988932
0.64546734 -0.22192225 -0.21610999
0.63451165 -0.22947079 -0.22225258
0.63289714 -0.22929481 -0.22338250
0.64339489 -0.22760037 -0.21596546
0.64607716 -0.21644776 -0.21484467
0.64787883 -0.21876866 -0.21348599
0.64621383 -0.21672387 -0.21386813
0.64648992 -0.22094624 -0.21408948
0.65010792 -0.21775569 -0.21320543
0.64045841 -0.22741041 -0.21730761
0.65509588 -0.21955608 -0.21112639
0.64110172 -0.23128869 -0.21880171
0.63685077 -0.23203018 -0.22046319
0.64337283 -0.22483069 -0.21607220
0.65013051 -0.22307493 -0.21182571
0.64367312 -0.22707371 -0.21562965
0.66280478 -0.21438323 -0.20918514
0.64634085 -0.22516316 -0.21451882
0.66892672 -0.21299641 -0.20554490
0.58217549 -0.26163054 -0.27750367
0.57778889 -0.26212183 -0.27121058
0.56358880 -0.27346215 -0.25334737
0.57713807 -0.26285353 -0.27083597
0.58252883 -0.26344004 -0.27715039
0.57263559 -0.26896808 -0.26042444
0.57127929 -0.26809850 -0.26383099
0.57929355 -0.26447758 -0.27290636
0.57186824 -0.26961982 -0.26044694
0.57050717 -0.26879674 -0.25986481
0.57598299 -0.26778206 -0.26641881
0.57819265 -0.26424509 -0.27056342
0.57797766 -0.26582083 -0.27099150
0.65673655 -0.22127309 -0.20819716
0.65477741 -0.21919635 -0.21015571
0.66889602 -0.21338060 -0.20375825
0.65315944 -0.22274359 -0.20978013
0.65410775 -0.22320054 -0.20879833
0.64792359 -0.21453606 -0.21314149
0.65228021 -0.21698579 -0.21192086
0.65081578 -0.21521440 -0.21230571
0.65931284 -0.21640575 -0.20847103
0.59591407 -0.27040684 -0.20325592
0.59629214 -0.27758592 -0.19090539
0.59589088 -0.26577386 -0.20985657
0.58967102 -0.26748249 -0.21204235
0.58348423 -0.26942173 -0.20936890
0.58707565 -0.26952544 -0.20990507
0.59442335 -0.27288729 -0.19904833
0.59579933 -0.27112436 -0.20381120
0.58178872 -0.27492356 -0.20686193
0.58728868 -0.26831654 -0.21183082
0.58307660 -0.27268991 -0.20849150
0.58368075 -0.27194831 -0.20905378
0.58928740 -0.27113751 -0.20680550
0.59390253 -0.28135437 -0.19371738
0.59436202 -0.27343726 -0.20152774
0.59680659 -0.27650866 -0.19616689
0.58842587 -0.26827931 -0.21133174
0.59067911 -0.27722734 -0.20049511
0.59080797 -0.27283582 -0.20387082
0.58460808 -0.26625511 -0.21081819
0.58622712 -0.27351648 -0.20219299
0.58897191 -0.27577847 -0.19521171
0.58902234 -0.27066472 -0.20682804
0.59339041 -0.27642116 -0.19351716
0.59444481 -0.27629739 -0.19278811
0.59544694 -0.28306282 -0.18911436
0.59411550 -0.28565338 -0.18688858
0.58596587 -0.27883872 -0.18933731
0.59267974 -0.28198758 -0.18724009
0.58198452 -0.28151059 -0.18750179
0.58168936 -0.27903691 -0.19447167
0.59647846 -0.26490623 -0.21520875
0.59543294 -0.26597258 -0.21146233
0.59033370 -0.28897917 -0.18136145
0.59251475 -0.28271234 -0.19325593
0.59338170 -0.28642905 -0.18605930
0.58676326 -0.28058827 -0.19693369
0.59003180 -0.28547034 -0.18723671
0.58560044 -0.28111130 -0.19354095
0.59067780 -0.28709880 -0.18449208
0.59226662 -0.28216118 -0.19407363
0.59133017 -0.26536402 -0.21920004
0.59142137 -0.26571923 -0.21796781
0.59414732 -0.26386109 -0.22402903
0.59729695 -0.26096287 -0.22979921
0.59833199 -0.25901106 -0.23098049
0.59485942 -0.26347020 -0.22543661
0.59143251 -0.25744367 -0.25694004
0.59151769 -0.25793689 -0.25626579
0.58542222 -0.26348057 -0.21561313
0.59307647 -0.25844923 -0.23191062
0.58809119 -0.27371603 -0.20078823
0.58309311 -0.27665997 -0.19815198
0.58526683 -0.27631903 -0.19610782
0.58839005 -0.25702333 -0.22909528
0.58670753 -0.26113027 -0.22339745
0.58977807 -0.25816330 -0.24209762
0.58895838 -0.26446387 -0.21983796
0.59549373 -0.27802765 -0.19033708
0.58960289 -0.28071094 -0.19742925
0.58815914 -0.26309982 -0.22304225
0.58878702 -0.26225317 -0.22633557
0.58540815 -0.26504177 -0.21295504
0.58801305 -0.25802353 -0.23507428
0.59075361 -0.26046765 -0.23874475
0.59173441 -0.25048107 -0.24054359
0.59194964 -0.25119117 -0.24530694
0.58919847 -0.26470903 -0.22014728
0.58978289 -0.26485524 -0.22014686
0.58972085 -0.26278776 -0.22532991
0.58295608 -0.27415493 -0.20511511
0.59191746 -0.25671440 -0.25946367
0.58752996 -0.25976610 -0.22955503
0.59195030 -0.25774625 -0.26395991
0.58982623 -0.27159041 -0.20418200
0.59289610 -0.26791346 -0.20849057
0.59401065 -0.27025375 -0.20319723
0.59680182 -0.26321557 -0.22492960
0.59359676 -0.26257154 -0.22840881
0.59249514 -0.26487228 -0.21796462
0.59260404 -0.26508981 -0.21694739
0.58622158 -0.27114373 -0.20696823
0.59054512 -0.25198600 -0.24187393
0.59246528 -0.25613990 -0.26733318
0.59530872 -0.25833231 -0.23193602
0.58853847 -0.25576255 -0.23850486
0.59335548 -0.26409271 -0.22125351
0.59651470 -0.26515102 -0.21102273
0.59534591 -0.26552516 -0.21020722
0.58698183 -0.25558355 -0.23350640
0.58991659 -0.25550774 -0.24375437
0.58465648 -0.28322360 -0.18693350
0.59064388 -0.25429830 -0.24659149
0.58404827 -0.28097206 -0.18487313
0.59144175 -0.26009199 -0.24360684
0.59460759 -0.25966713 -0.24036995
0.58343589 -0.27688012 -0.20287867
0.58257902 -0.27487221 -0.20457371
0.59034359 -0.27630478 -0.19432655
0.59288597 -0.27380133 -0.19783771
